0
0
0.02
0.02
0.02
0.02
0.02
0.02
0.02
0.02
0.02
0.02
0.02
0.02
0.02
0.02
0.02
0.02
0.02
0.02
0.02
0.02
0.02
0.02
0.02
0.02
0.02
0.02
0.02
0.02
0.02
0.02
0.02
0.02
0.02
0.02
0.02
0.02
0.02
0.02
0.02
0.02
0.02
0.02
0.02
0.02
0.02
0.02
0.02
0.02
0.02
0.02
0.02
0.02
0.02
0.02
0.03
0.04
0.04
0.04
0.04
0.04
0.04
0.04
0.04
0.04
0.04
0.04
0.04
0.04
0.04
0.04
0.04
0.04
0.04
0.04
0.04
0.04
0.04
0.04
0.04
0.04
0.04
0.04
0.04
0.04
0.04
0.04
0.04
0.04
0.04
0.04
0.04
0.04
0.04
0.04
0.04
0.04
0.04
0.04
0.04
0.04
0.04
0.04
0.04
0.04
0.04
0.04
0.04
0.04
0.04
0.04
0.04
0.04
0.04
0.04
0.04
0.04
0.04
0.04
0.04
0.04
0.04
0.04
0.04
0.04
0.04
0.04
0.04
0.04
0.04
0.04
0.04
0.04
0.04
0.04
0.04
0.04
0.04
0.04
0.04
0.04
0.04
0.04
0.04
0.04
0.04
0.04
0.04
0.04
0.04
0.04
0.04
0.04
0.04
0.04
0.04
0.04
0.04
0.04
0.04
0.04
0.04
0.04
0.04
0.04
0.04
0.04
0.04
0.04
0.04
0.04
0.04
0.04
0.04
0.04
0.04
0.04
0.04
0.04
0.04
0.04
0.04
0.04
0.04
0.04
0.04
0.04
0.04
0.04
0.04
0.04
0.04
0.04
0.04
0.04
0.04
0.04
0.04
0.04
0.04
0.04
0.04
0.04
0.04
0.04
0.04
0.04
0.04
0.04
0.04
0.04
0.04
0.04
0.04
0.04
0.04
0.04
0.04
0.04
0.04
0.04
0.04
0.04
0.04
0.04
0.04
0.04
0.04
0.04
0.04
0.04
0.04
0.05
0.08
0.09
0.1
0.11
0.11
0.11
0.12
0.12
0.12
0.12
0.12
0.12
0.12
0.12
0.12
0.12
0.12
0.12
0.12
0.12
0.12
0.12
0.12
0.12
0.12
0.12
0.13
0.13
0.19
0.31
0.46
0.46
0.47
0.48
0.49
0.52
0.53
0.53
0.55
0.56
0.56
0.56
0.56
0.56
0.56
0.56
0.56
0.56
0.56
0.57
0.59
0.61
0.61
0.61
0.61
0.61
0.61
0.61
0.61
0.62
0.62
0.62
0.63
0.63
0.63
0.63
0.63
0.63
0.63
0.63
0.63
0.63
0.65
0.65
0.65
0.65
0.65
0.65
0.65
0.65
0.65
0.65
0.65
0.65
0.65
0.65
0.65
0.65
0.65
0.65
0.65
0.65
0.72
1.18
2.27
2.96
3.97
4.89
5.47
5.78
6.74
8.17
9.92
11.34
12.24
12.92
13.42
13.54
13.54
13.54
13.55
13.55
13.55
13.55
13.55
13.55
13.55
13.55
13.55
13.55
13.55
13.55
13.55
13.55
13.55
13.55
13.57
13.88
15.79
16.95
17.07
17.13
17.22
17.56
19.38
21.85
21.85
21.86
21.86
21.86
21.86
21.88
21.95
22.02
22.04
22.05
22.07
22.08
22.08
22.09
22.09
22.1
22.11
22.12
22.13
22.14
22.16
22.16
22.16
22.17
22.18
22.18
22.18
22.21
22.25
22.32
22.39
22.4
22.54
22.6
22.61
22.61
22.63
22.65
22.65
22.65
22.66
22.67
23.28
26.17
27.48
27.64
27.66
27.68
27.68
27.68
27.68
27.68
27.68
27.68
27.68
27.68
27.69
27.71
27.72
27.73
27.74
27.77
27.81
27.82
27.82
27.82
27.82
27.82
27.82
27.84
27.85
27.87
27.93
28.02
28.1
28.1
28.1
28.15
28.38
28.54
28.6
28.61
28.62
28.62
28.62
28.72
28.92
28.93
29
29.24
29.3
29.37
29.48
30.31
30.39
30.44
31.09
31.18
31.18
31.18
31.18
31.18
31.18
31.18
31.19
31.27
32.82
34.33
35.9
37.93
39.44
39.64
39.66
39.69
39.71
39.74
39.74
39.74
39.74
39.74
39.74
39.74
39.81
39.93
40.07
40.22
40.35
40.39
40.42
40.43
40.44
40.44
40.45
40.47
40.49
40.75
41.08
41.34
41.51
41.55
41.55
41.57
41.58
41.58
41.59
41.59
41.63
41.7
41.85
42.09
42.15
42.38
42.82
43.2
43.59
44.03
44.62
46.16
50.02
52.72
54.04
55.36
56.25
57.47
59.22
59.53
59.55
59.57
59.57
60.74
61.58
61.8
61.8
61.8
61.81
61.81
61.86
62.25
62.58
62.65
62.65
62.65
62.66
62.69
62.72
62.73
62.74
62.74
62.74
62.74
62.75
62.75
62.75
62.76
62.76
62.76
62.76
62.76
62.76
62.76
62.76
62.77
62.77
62.77
62.77
62.77
62.77
62.77
62.77
62.77
62.77
62.77
62.77
62.77
62.77
62.77
62.78
62.78
62.78
62.78
62.78
62.78
62.81
62.81
62.81
62.81
62.82
62.83
62.83
62.87
62.89
63.05
63.89
64.68
64.96
65.07
65.12
65.26
65.54
65.69
65.77
65.87
66.02
66.11
66.15
66.23
66.23
66.23
66.23
66.23
66.23
66.23
66.23
66.23
66.23
66.24
66.24
66.24
66.24
66.24
66.24
66.24
66.24
66.24
66.24
66.24
66.24
66.24
66.24
66.24
66.24
66.24
66.24
66.24
66.24
66.24
66.24
66.24
66.24
66.24
66.24
66.24
66.24
66.24
66.24
66.24
66.24
66.24
66.24
66.24
66.24
66.24
66.24
66.24
66.25
66.25
66.25
66.25
66.25
66.25
66.25
66.25
66.25
66.25
66.25
66.28
66.28
66.32
66.39
66.52
66.69
69.39
69.4
69.4
69.4
69.41
69.41
69.41
69.42
69.42
69.43
69.43
69.43
69.44
69.44
69.44
69.45
69.45
69.45
69.46
69.46
69.46
69.47
69.47
69.47
69.48
69.48
69.48
69.49
69.49
69.49
69.5
69.5
69.51
69.51
69.51
69.52
69.52
69.52
69.53
69.53
69.53
69.54
69.54
69.54
69.55
69.55
69.55
69.56
69.56
69.56
69.57
69.57
69.57
69.58
69.58
69.58
69.59
69.59
69.6
69.6
69.6
69.61
69.61
69.61
69.62
69.62
69.62
69.63
69.63
69.63
69.64
69.64
69.64
69.65
69.65
69.65
69.66
69.66
69.66
69.67
69.67
69.68
69.68
69.68
69.69
69.69
69.69
69.7
69.7
69.7
69.71
69.71
69.71
69.72
69.72
69.72
69.73
69.73
69.73
69.74
69.74
69.74
69.75
69.75
69.76
69.76
69.76
69.77
69.77
69.77
69.78
69.78
69.78
69.79
69.79
69.79
69.8
69.8
69.8
69.81
69.81
69.81
69.82
69.82
69.82
69.83
69.83
69.84
69.84
69.84
69.85
69.85
69.85
69.86
69.86
69.86
69.87
69.87
69.87
69.88
69.88
69.88
69.89
69.89
69.89
69.9
69.9
69.9
69.91
69.91
69.92
69.92
69.92
69.93
69.93
69.93
69.94
69.94
69.94
69.95
69.95
69.95
69.96
69.96
69.96
69.97
69.97
69.97
69.98
71.09
73.38
73.7
73.7
73.7
73.7
73.71
73.71
73.72
73.73
73.74
73.78
73.79
73.81
73.87
74.23
74.56
74.92
75.09
75.35
76.14
76.31
76.44
76.56
76.56
76.73
78.35
78.7
78.98
78.98
78.98
79.81
80.74
80.94
80.99
80.99
80.99
80.99
80.99
80.99
80.99
81.01
81.46
81.61
81.67
81.72
81.96
83.2
87.24
87.99
88.02
88.02
88.02
88.02
88.02
88.02
88.04
88.09
88.09
88.1
88.15
88.15
88.22
88.22
88.22
88.22
88.22
88.22
88.22
88.22
88.43
88.86
88.86
88.86
88.88
89.35
89.36
89.36
89.36
89.4
89.48
89.48
89.73
89.9
89.9
89.9
89.9
89.9
89.9
90.28
90.57
90.69
91.07
91.68
91.68
91.68
92.06
92.14
92.14
92.15
92.16
92.28
92.82
93.33
93.33
93.71
93.71
93.71
93.71
93.71
93.71
93.71
93.84
93.84
93.84
93.84
93.84
93.84
93.84
93.84
93.84
93.84
93.84
93.84
93.84
93.84
93.84
93.84
93.84
93.84
93.84
93.84
93.84
93.85
93.92
93.92
93.92
93.92
93.95
93.95
93.96
93.96
93.97
93.97
93.97
93.97
93.97
93.97
93.97
93.97
93.97
93.97
93.97
93.97
93.97
93.97
93.97
93.97
93.97
93.97
93.97
93.97
93.97
93.97
93.97
93.97
93.97
93.97
93.97
93.97
93.97
93.97
93.97
93.97
93.97
93.97
93.97
93.97
93.97
93.97
93.97
93.97
93.97
93.97
93.97
93.97
93.97
93.97
93.97
93.97
93.97
93.97
93.97
93.97
93.97
93.97
93.97
93.97
93.97
93.97
94.09
94.09
94.09
94.09
94.09
94.09
94.09
94.09
94.09
94.09
94.09
94.09
94.09
94.09
94.09
94.22
94.6
95.36
95.87
96.13
96.89
97.27
97.27
97.27
97.27
97.27
97.27
97.27
97.27
97.27
97.27
97.27
97.27
97.32
97.37
97.37
97.39
97.39
97.39
97.4
97.4
97.4
97.4
97.4
97.4
97.4
97.4
97.4
97.4
97.4
97.4
97.4
97.4
97.4
97.4
97.4
97.4
97.6
97.98
98.03
98.03
98.03
98.03
98.03
98.03
98.03
98.03
98.03
98.03
98.03
98.03
98.03
98.03
98.03
98.06
98.14
98.21
98.27
98.77
100.39
101.71
104
104.77
104.79
104.82
105.14
105.34
105.4
105.41
105.41
105.42
105.43
105.52
105.96
106.02
106.06
106.16
106.16
106.16
106.16
106.16
106.16
106.16
106.16
106.16
106.16
106.16
106.16
106.16
106.16
106.24
106.28
106.29
106.29
106.29
106.29
106.87
106.99
106.99
107.04
107.08
107.12
107.63
107.63
107.63
107.63
107.63
107.63
107.63
107.63
107.63
107.63
107.63
107.63
107.63
107.63
107.63
107.63
107.63
107.63
107.63
107.63
107.63
107.63
107.63
107.63
107.63
107.63
107.63
107.63
107.63
107.63
107.63
107.63
107.63
107.63
107.63
107.63
107.63
107.63
107.63
107.63
107.63
107.63
107.63
107.63
107.63
107.63
107.63
107.71
109.15
109.45
109.45
109.45
109.45
109.82
109.82
109.82
109.82
109.99
110.02
110.1
110.1
110.1
111.26
113.65
114.41
114.92
115.68
116.95
117.37
117.44
117.56
117.61
117.63
117.67
117.72
117.72
117.72
117.72
117.72
117.72
117.72
117.72
117.72
117.72
117.72
117.72
117.72
117.72
117.72
117.91
118.14
118.48
118.6
119.11
119.49
119.49
119.75
120.76
121.36
121.46
121.53
121.53
121.53
121.83
121.91
121.98
122.03
122.54
123.05
123.56
124.32
124.32
124.32
124.37
124.4
124.4
124.4
124.4
124.4
124.4
124.4
124.4
124.4
124.4
124.4
124.48
124.71
126.61
129.39
130.03
130.09
130.09
130.09
130.09
130.09
130.09
130.09
130.09
130.12
130.19
130.24
130.34
130.34
130.76
130.84
130.84
130.84
130.84
130.97
130.97
130.97
130.97
130.97
130.97
130.97
130.97
131.1
131.32
132.7
133.72
136.26
137.53
138.04
138.04
138.04
138.29
138.86
139.05
139.05
139.81
139.81
139.81
139.81
139.81
139.81
139.96
140.07
140.19
140.32
140.32
140.32
140.32
140.32
140.32
140.32
140.32
140.32
140.32
140.32
140.32
140.32
140.32
140.32
140.32
140.32
140.32
140.32
140.32
140.32
140.32
140.32
140.32
140.32
140.32
140.32
140.32
140.32
140.32
140.32
140.32
140.32
140.32
140.32
140.32
140.32
140.32
140.32
140.32
140.32
140.51
141.08
142.61
143.62
143.93
144
144
144
144
144
144
144
144
144
144
144.08
144.32
144.39
145.66
147.94
149.47
151.11
151.28
151.28
151.28
151.28
151.28
151.28
151.28
151.34
151.38
151.39
151.39
151.4
151.48
151.55
151.59
151.59
152.02
152.02
152.02
152.02
152.02
152.02
152.02
152.02
152.02
152.02
152.02
152.02
152.02
152.02
152.02
152.02
152.02
152.02
152.02
152.02
152.02
152.02
152.1
152.1
152.1
152.1
152.1
152.1
152.1
152.1
152.1
152.1
152.1
152.1
152.1
152.1
152.1
152.15
152.15
152.18
152.21
152.61
152.69
152.71
152.71
152.71
152.71
152.71
152.71
152.71
152.71
152.71
152.73
152.74
152.75
152.77
152.81
152.84
152.84
152.85
152.87
152.88
152.92
152.97
152.99
153
153.06
153.06
153.06
153.06
153.06
153.06
153.06
153.06
153.06
153.06
153.06
153.06
153.06
153.06
153.06
153.06
153.07
153.1
153.11
153.13
153.15
153.15
153.15
153.15
153.15
153.15
153.15
153.15
153.15
153.15
153.15
153.15
153.15
153.15
153.16
153.16
153.16
153.16
153.16
153.16
153.16
153.16
153.16
153.16
153.16
153.16
153.16
153.16
153.16
153.16
153.16
153.16
153.16
153.16
153.16
153.16
153.16
153.16
153.17
153.19
153.22
153.24
153.27
153.32
153.41
154.37
155
155.94
157.21
157.41
157.75
157.8
157.95
158.12
158.43
158.64
158.85
158.93
158.98
158.99
158.99
158.99
158.99
158.99
158.99
159
159.02
159.03
159.06
159.07
159.09
159.09
159.11
159.12
159.12
159.12
159.12
159.12
159.12
159.12
159.12
159.12
159.12
159.12
159.12
159.14
159.28
159.82
160.06
160.17
160.17
160.22
160.22
160.25
160.38
160.62
160.67
160.69
160.74
160.78
160.8
161.19
161.94
161.94
161.94
161.94
161.94
161.94
161.94
161.94
161.97
162.04
162.27
162.39
162.39
162.4
162.4
162.42
162.46
162.48
162.51
162.51
162.51
162.51
162.51
162.51
162.54
162.54
162.54
162.54
162.54
162.54
162.54
162.54
162.54
162.54
162.54
162.54
162.54
162.54
162.54
162.54
162.54
162.54
162.54
162.54
162.54
162.54
162.54
162.54
162.54
162.54
162.54
162.54
162.54
162.54
162.54
162.54
162.54
162.54
162.54
162.54
162.54
162.54
162.54
162.54
162.54
162.54
162.54
162.54
162.54
162.54
162.54
162.54
162.54
162.54
162.54
162.54
162.54
162.54
162.54
162.54
162.54
162.54
162.54
162.54
162.54
162.54
162.54
162.54
162.54
162.54
162.54
162.54
162.54
162.54
162.54
162.54
162.54
162.54
162.54
162.54
162.54
162.54
162.54
162.54
162.54
162.54
162.54
162.54
162.54
162.54
162.54
162.54
162.54
162.54
162.54
162.54
162.54
162.54
162.54
162.54
162.54
162.54
162.54
162.54
162.54
162.54
162.54
162.54
162.54
162.54
162.54
162.54
162.54
162.54
162.54
162.54
162.54
162.54
162.54
162.54
162.54
162.54
162.54
162.54
162.54
162.54
162.54
162.54
162.54
162.54
162.54
162.54
162.54
162.54
162.54
162.54
162.54
162.54
162.54
162.54
162.54
162.54
162.54
162.54
162.54
162.54
162.54
162.54
162.54
162.54
162.54
162.54
162.54
162.54
162.54
162.54
162.54
162.54
162.54
162.54
162.54
162.54
162.54
162.54
162.54
162.54
162.54
162.54
162.54
162.54
162.54
162.54
162.54
162.54
162.54
162.54
162.54
162.54
162.54
162.54
162.54
162.54
162.54
162.54
162.54
162.54
162.54
162.54
162.54
162.54
162.54
162.54
162.54
162.54
162.54
162.54
162.54
162.54
162.54
162.54
162.54
162.54
162.54
162.54
162.54
162.54
162.54
162.54
162.54
162.54
162.54
162.54
162.54
162.54
162.54
162.54
162.54
162.54
162.54
162.54
162.54
162.54
162.54
162.54
162.54
162.54
162.54
162.54
162.54
162.54
162.54
162.54
162.54
162.54
162.54
162.54
162.54
162.54
162.54
162.54
162.54
162.54
162.54
162.54
162.54
162.54
162.54
162.54
162.54
162.54
162.54
162.54
162.54
162.54
162.54
162.54
162.54
162.54
162.54
162.54
162.54
162.54
162.54
162.54
162.57
162.65
162.67
163.42
163.84
164.34
164.9
164.99
165.04
165.17
165.26
165.32
165.32
165.32
165.32
165.33
165.33
165.33
165.36
165.38
165.4
165.4
165.4
165.41
165.42
165.45
165.46
165.46
165.46
165.46
165.46
165.46
165.46
165.46
165.46
165.46
165.46
165.46
165.46
165.46
165.46
165.46
165.46
165.46
165.46
165.46
165.46
165.46
165.46
165.46
165.46
165.46
165.46
165.46
165.46
165.46
165.46
165.46
165.46
165.46
165.46
165.46
165.46
165.46
165.46
165.46
165.46
165.46
165.46
165.46
165.46
165.46
165.46
165.46
165.46
165.46
165.46
165.46
165.46
165.46
165.46
165.46
165.46
165.46
165.46
165.46
165.46
165.46
165.46
165.46
165.46
165.46
165.46
165.46
165.46
165.46
165.46
165.46
165.46
165.46
165.46
165.46
165.46
165.46
165.46
165.46
165.46
165.46
165.46
165.46
165.46
165.46
165.46
165.46
165.46
165.82
169.08
169.36
169.64
169.91
170.19
170.83
172.6
174.44
174.44
174.44
174.44
174.45
174.45
174.45
174.45
174.45
174.45
174.45
174.47
174.49
174.51
174.53
174.54
174.54
174.56
174.6
174.62
174.65
174.67
174.67
174.69
174.71
174.78
175.01
175.41
175.51
175.55
175.66
180.49
180.5
180.51
180.51
180.52
180.53
180.54
180.55
180.56
180.57
180.58
180.59
180.6
180.61
180.62
180.62
180.63
180.64
180.65
180.66
180.67
180.68
180.69
180.7
180.71
180.72
180.73
180.73
180.74
180.75
180.76
180.77
180.78
180.79
180.8
180.81
180.82
180.83
180.84
180.84
180.85
180.86
180.87
180.88
180.89
180.9
180.91
180.92
180.93
180.94
180.95
180.96
180.96
180.97
180.98
180.99
181
181.01
181.02
181.03
181.04
181.05
181.06
181.07
181.07
181.08
181.09
181.1
181.11
181.12
181.13
181.14
181.15
181.16
181.17
181.18
181.18
181.19
181.2
181.21
181.22
181.23
181.24
181.25
181.26
181.27
181.28
181.29
181.29
181.3
181.31
181.32
181.33
181.34
181.35
181.36
181.37
181.38
181.39
181.4
181.4
181.41
181.42
181.43
181.44
181.45
181.46
181.47
181.48
181.49
181.5
181.51
181.52
181.52
181.53
181.54
181.55
181.56
181.6
181.66
181.73
181.79
181.85
181.91
181.97
182.04
182.1
182.16
182.22
182.29
182.35
182.41
182.47
182.53
182.6
182.66
182.72
182.78
182.84
182.91
182.97
183.03
183.09
183.16
183.22
183.28
183.34
183.4
183.42
183.43
183.45
183.47
183.48
183.5
183.51
183.53
183.54
183.56
183.57
183.59
183.6
183.62
183.63
183.65
183.66
183.68
183.69
183.71
183.72
183.74
183.76
183.77
183.79
183.8
183.82
183.83
183.85
183.86
183.88
183.89
183.91
183.92
183.94
183.95
183.97
183.98
184
184.01
184.03
184.05
184.06
184.08
184.09
184.11
184.12
184.14
184.15
184.17
184.18
184.2
184.21
184.23
184.24
184.26
184.27
184.29
184.31
184.32
184.34
184.35
184.37
184.38
184.4
184.41
184.43
184.44
184.46
184.47
184.49
184.5
184.52
184.53
184.55
184.56
184.58
184.6
184.61
184.63
184.64
184.66
184.67
184.69
184.7
184.72
184.73
184.75
184.76
184.78
184.79
184.81
184.82
184.84
184.85
184.87
184.89
184.9
184.92
184.93
184.95
184.96
184.98
184.99
185.01
185.02
185.04
185.05
185.07
185.08
185.1
185.11
185.13
185.14
185.16
185.18
185.19
185.21
185.22
185.24
187.1
187.16
187.25
187.34
187.41
187.45
187.47
187.49
187.49
187.5
187.51
187.54
187.69
188.28
188.93
189.16
189.16
189.16
189.16
189.2
189.2
189.21
189.35
190.82
191.99
192.19
192.29
192.32
192.32
192.34
192.38
192.39
192.98
193.2
193.35
193.56
193.62
193.68
193.76
193.76
193.76
193.76
193.76
193.76
193.76
193.76
193.76
193.76
193.76
193.76
193.76
193.76
193.76
193.76
193.76
193.76
193.76
193.76
193.76
193.76
193.76
193.76
193.76
193.76
193.76
193.76
193.76
193.76
193.76
193.76
193.76
193.76
193.76
193.76
193.76
193.76
193.76
193.76
193.76
193.76
193.76
193.76
193.76
193.76
193.76
193.76
193.76
193.76
193.76
193.76
193.76
193.76
193.76
193.76
193.76
193.76
193.76
193.76
193.76
193.76
193.76
193.76
193.76
193.76
193.76
193.76
193.76
193.76
193.76
193.76
193.76
193.76
193.76
193.76
193.76
193.76
193.76
193.76
193.76
193.76
193.76
193.76
193.76
193.76
193.76
193.76
193.76
193.76
193.76
193.76
193.76
193.76
193.76
193.76
193.76
193.76
193.76
193.76
193.76
193.76
193.76
193.76
193.76
193.96
193.96
193.96
193.96
193.96
193.96
193.96
193.96
193.96
193.96
193.96
193.96
193.96
193.96
193.96
193.96
193.96
193.96
193.96
193.96
193.96
193.96
193.96
193.96
193.96
193.96
193.96
193.96
193.96
193.96
193.96
193.96
193.96
193.96
193.96
193.96
193.96
193.96
193.96
193.96
193.96
193.96
193.96
193.96
193.96
193.96
193.96
193.96
193.96
193.96
193.96
193.96
193.96
193.96
193.96
193.96
193.96
193.96
193.96
193.96
193.96
193.96
193.96
193.96
193.96
193.96
193.96
193.96
193.96
193.96
193.96
193.96
193.96
193.96
193.96
193.96
193.96
193.96
193.96
193.96
193.96
193.96
193.96
193.96
193.96
193.96
193.96
193.96
193.96
193.96
193.96
193.96
193.96
193.96
193.96
193.96
193.96
193.97
193.98
193.98
193.98
193.98
193.98
193.98
193.98
193.98
193.98
193.98
193.98
193.98
193.98
193.98
193.98
193.98
193.98
193.98
193.98
193.98
193.98
193.98
194
194.03
194.08
194.13
194.16
194.17
194.17
194.17
194.17
194.17
194.17
194.17
194.17
194.17
194.17
194.17
194.17
194.17
194.17
194.17
194.17
194.22
194.26
194.29
194.31
194.46
194.62
194.64
194.66
194.68
194.68
194.68
194.68
194.68
194.68
194.68
194.68
194.68
194.68
194.68
194.68
194.68
194.68
194.68
194.68
194.68
194.68
194.68
194.68
194.68
194.68
194.68
194.68
194.68
194.68
194.68
194.68
194.7
194.71
194.73
194.76
194.78
194.78
194.78
194.78
194.78
194.78
194.78
194.78
194.78
194.78
194.78
194.78
194.78
194.78
194.78
194.78
194.78
194.78
194.78
194.78
194.78
194.78
194.78
194.78
194.78
194.78
194.78
194.78
194.78
194.78
194.78
194.78
194.78
194.78
194.78
194.78
194.78
194.78
194.78
194.78
194.78
194.78
194.78
194.78
194.78
194.78
194.78
194.78
194.78
194.78
194.78
194.78
194.78
194.78
194.78
194.78
194.78
194.78
194.78
194.79
194.79
194.79
194.79
194.79
194.79
194.79
194.79
194.79
194.79
194.79
194.79
194.79
194.79
194.79
194.79
194.79
194.79
194.79
194.79
194.79
194.79
194.79
194.79
194.8
194.81
194.83
194.85
194.85
194.85
194.85
194.85
194.85
194.85
194.85
194.85
194.85
194.85
194.85
194.85
194.85
194.85
194.85
194.85
194.85
194.85
194.85
194.85
194.85
194.85
194.91
194.95
194.97
194.99
195.02
195.04
195.04
195.04
195.04
195.04
195.04
195.04
195.04
195.04
195.04
195.04
195.04
195.04
196.18
196.74
196.93
196.97
196.98
196.98
197.02
197.06
197.07
197.08
197.11
197.12
197.16
197.17
197.18
197.22
197.25
197.25
197.25
197.25
197.25
197.25
197.25
197.25
197.25
197.25
197.25
197.25
197.25
197.25
197.25
197.25
197.25
197.25
197.25
197.25
197.25
197.25
197.25
197.25
197.27
197.29
197.3
197.3
197.34
197.34
197.34
197.34
197.34
197.34
197.34
197.55
197.71
197.71
197.71
197.71
197.75
197.75
197.75
197.78
197.81
197.81
197.81
197.82
197.82
197.84
197.84
197.84
197.85
197.87
197.92
198.38
198.88
198.9
198.91
198.93
198.94
198.97
198.98
199
199.05
199.05
199.08
199.1
199.11
199.11
199.11
199.11
199.11
199.11
199.12
199.12
199.12
199.12
199.12
199.12
199.12
199.12
199.12
199.12
199.12
199.13
199.14
199.16
199.18
199.18
199.18
199.18
199.18
199.18
199.18
199.18
199.18
199.18
199.18
199.18
199.18
199.18
199.18
199.18
199.18
199.31
199.44
199.46
199.61
199.9
200.16
201.1
201.29
201.34
201.39
201.43
201.45
201.59
202.02
203.14
203.64
204.56
206.36
207.96
208.75
209.26
209.59
209.66
209.69
209.7
209.73
209.84
210.03
213.52
213.89
214.08
214.62
214.87
215.07
215.45
217.21
217.74
218.02
219.6
220.66
223.38
224.37
224.41
224.46
224.6
225.3
226.2
226.99
227.25
227.32
227.36
227.43
227.48
227.49
227.57
227.61
227.63
227.66
227.68
227.68
227.75
228.1
228.71
228.92
229.02
229.2
229.29
229.33
229.33
229.33
229.33
229.33
229.33
229.33
229.33
229.33
229.33
229.33
229.33
229.33
229.33
229.33
229.34
229.34
229.34
229.34
229.34
229.34
229.34
229.34
229.34
229.34
229.34
229.34
229.34
229.34
229.34
229.34
229.34
229.34
229.34
229.34
229.34
229.34
229.34
229.34
229.34
229.34
229.34
229.34
229.34
229.34
229.34
229.34
229.34
229.34
229.34
229.34
229.34
229.34
229.34
229.34
229.34
229.34
229.34
229.34
229.34
229.34
229.34
229.34
229.34
229.35
229.35
229.35
229.35
229.35
229.35
229.35
229.35
229.35
229.35
229.35
229.35
229.35
229.35
229.35
229.35
229.35
229.35
229.35
229.35
229.35
229.35
229.35
229.35
229.35
229.35
229.35
229.35
229.35
229.35
229.35
229.35
229.35
229.35
229.35
229.35
229.35
229.35
229.35
229.35
229.35
229.35
229.35
229.35
229.35
229.35
229.35
229.35
229.35
229.35
229.35
229.35
229.35
229.35
229.35
229.35
229.35
229.35
229.35
229.35
229.35
229.35
229.35
229.35
229.35
229.35
229.35
229.35
229.35
229.35
229.35
229.35
229.35
229.35
229.35
229.35
229.35
229.35
229.35
229.35
229.35
229.35
229.35
229.35
229.35
229.35
229.35
229.35
229.35
229.35
229.35
229.35
229.35
229.35
229.35
229.35
229.35
229.35
229.35
229.35
229.35
229.35
229.35
229.35
229.35
229.35
229.35
229.35
229.35
229.35
229.35
229.35
229.36
229.38
229.39
229.39
229.39
229.39
229.39
229.39
229.39
229.39
229.39
229.39
229.39
229.39
229.39
229.39
229.39
229.39
229.39
229.39
229.39
229.39
229.39
229.39
229.39
229.4
229.41
229.42
229.43
229.43
229.43
229.43
229.43
229.43
229.43
229.43
229.43
229.43
229.43
229.43
229.43
229.43
229.43
229.43
229.43
229.43
229.43
229.43
229.43
229.43
229.43
229.43
229.43
229.43
229.43
229.43
229.43
229.43
229.43
229.43
229.43
229.43
229.43
229.43
229.43
229.43
229.43
229.43
229.43
229.43
229.43
229.43
229.43
229.43
229.43
229.43
229.43
229.43
229.43
229.43
229.43
229.43
229.43
229.43
229.43
229.43
229.43
229.43
229.43
229.43
229.43
229.43
229.43
229.43
229.43
229.43
229.43
229.43
229.43
229.43
229.43
229.43
229.43
229.43
229.46
229.48
229.48
229.48
229.49
229.5
229.5
229.5
229.5
229.5
229.5
229.5
229.5
229.5
229.5
229.5
229.5
229.5
229.5
229.5
229.5
229.5
229.5
229.5
229.5
229.5
229.5
229.5
229.5
229.5
229.5
229.5
229.5
229.5
229.5
229.5
229.5
229.5
229.5
229.5
229.5
229.51
229.51
229.51
229.51
229.51
229.51
229.51
229.51
229.51
229.51
229.51
229.51
229.51
229.51
229.51
229.51
229.51
229.51
229.51
229.51
229.51
229.51
229.51
229.51
229.51
229.51
229.51
229.51
229.51
229.51
229.51
229.51
229.51
229.51
229.51
229.51
229.51
229.51
229.51
229.51
229.51
229.51
229.51
229.51
229.51
229.51
229.51
229.51
229.51
229.51
229.51
229.51
229.51
229.51
229.51
229.51
229.51
229.51
229.51
229.51
229.51
229.51
229.51
229.51
229.51
229.51
229.51
229.51
229.53
229.54
229.56
229.58
229.59
229.6
229.66
230.12
230.21
230.25
230.28
230.29
230.3
230.31
230.34
230.35
230.35
230.35
230.35
230.35
230.35
230.35
230.35
230.35
230.35
230.35
230.35
230.35
230.35
230.35
230.35
230.35
230.35
230.35
230.35
230.35
230.35
230.35
230.36
230.36
230.36
230.36
230.36
230.36
230.36
230.36
230.36
230.36
230.36
230.36
230.36
230.36
230.36
230.36
230.36
230.36
230.36
230.36
230.36
230.36
230.36
230.36
230.36
230.36
230.36
230.36
230.36
230.36
230.36
230.36
230.36
230.36
230.36
230.36
230.36
230.36
230.36
230.36
230.36
230.36
230.36
230.36
230.36
230.36
230.36
230.36
230.36
230.36
230.36
230.36
230.36
230.36
230.36
230.36
230.36
230.36
230.36
230.36
230.36
230.36
230.38
230.38
230.38
230.38
230.38
230.38
230.38
230.38
230.38
230.38
230.38
230.38
230.38
230.38
230.38
230.38
230.38
230.38
230.38
230.38
230.38
230.38
230.38
230.38
230.38
230.38
230.38
230.38
230.38
230.38
230.38
230.38
230.38
230.38
230.38
230.38
230.38
230.38
230.38
230.38
230.38
230.38
230.38
230.38
230.38
230.38
230.38
230.38
230.38
230.38
230.38
230.38
230.38
230.38
230.38
230.38
230.38
230.38
230.38
230.38
230.38
230.38
230.38
230.38
230.38
230.38
230.38
230.38
230.38
230.38
230.38
230.38
230.39
230.44
230.47
230.47
230.47
230.47
230.47
230.47
230.47
230.47
230.47
230.47
230.47
230.47
230.47
230.47
230.47
230.47
230.47
230.47
230.47
230.47
230.48
230.5
230.71
231.47
231.58
231.62
232
232.01
232.03
232.06
232.12
232.12
232.19
232.19
232.19
232.19
232.46
235.14
235.63
235.7
235.71
235.71
235.71
235.71
235.71
235.71
235.71
235.71
235.71
235.71
235.71
235.72
235.73
235.76
235.78
235.79
235.81
235.82
235.82
235.82
235.82
235.82
235.82
235.82
235.82
235.84
235.84
235.84
235.84
235.84
235.84
235.84
235.84
235.86
235.89
235.89
235.9
235.9
235.9
235.91
235.92
235.97
235.97
235.97
235.97
235.97
235.97
235.97
235.97
235.97
235.97
235.97
235.97
235.97
235.97
235.97
235.97
235.97
235.97
235.97
235.97
235.97
235.97
235.97
235.97
235.97
235.97
235.97
235.97
235.97
235.97
235.97
235.97
235.97
235.97
235.97
236.32
236.55
236.55
236.57
236.64
236.8
237.22
238.06
238.11
238.67
239.03
244.03
245.21
245.43
245.48
245.96
248.07
248.63
249.63
250
250.23
250.31
250.32
250.32
250.32
250.33
250.33
250.33
250.33
250.33
250.33
250.34
250.35
250.35
250.35
250.36
250.36
250.38
250.39
250.39
250.39
250.39
250.39
250.6
250.79
250.82
250.83
250.83
250.84
250.84
250.85
250.86
250.88
250.9
250.9
250.9
250.9
250.93
250.98
251
251.12
251.35
251.54
251.56
251.56
251.56
251.56
251.56
251.56
251.56
251.56
251.56
251.56
251.56
251.56
251.56
251.56
251.56
251.56
251.56
251.56
251.56
251.56
251.56
251.56
251.56
251.56
251.56
251.56
251.56
251.56
251.56
251.56
251.56
251.56
251.56
251.56
251.56
251.56
251.56
251.56
251.56
251.56
251.56
251.56
251.56
251.56
251.56
251.56
251.56
251.56
251.56
251.56
251.56
251.56
251.56
251.56
251.56
251.56
251.56
251.56
251.56
251.56
251.56
251.56
251.56
251.56
251.56
251.56
251.56
251.56
251.56
251.56
251.56
251.56
251.56
251.56
251.56
251.56
251.56
251.56
251.56
251.56
251.56
251.56
251.56
251.56
251.56
251.56
251.56
251.56
251.56
251.56
251.56
251.56
251.56
251.56
251.56
251.56
251.56
251.56
251.56
251.56
251.56
251.56
251.56
251.56
251.56
251.56
251.56
251.56
251.56
251.56
251.56
251.56
251.56
251.56
251.56
251.56
251.56
251.56
251.56
251.56
251.56
251.56
251.56
251.56
251.56
251.56
251.56
251.56
251.56
251.56
251.56
251.56
251.56
251.56
251.56
251.56
251.56
251.56
251.56
251.56
251.56
251.56
251.56
251.56
251.56
251.56
251.56
251.56
251.56
251.56
251.56
251.56
251.56
251.56
251.56
251.56
251.56
251.56
251.56
251.56
251.56
251.56
251.56
251.56
251.56
251.56
251.56
251.56
251.56
251.56
251.56
251.56
251.56
251.56
251.56
251.56
251.56
251.56
251.56
251.56
251.56
251.56
251.56
251.56
251.56
251.56
251.56
251.56
251.56
251.56
251.56
251.56
251.56
251.56
251.56
251.56
251.56
251.56
251.56
251.56
251.56
251.56
251.56
251.56
251.56
251.56
251.56
251.56
251.56
251.56
251.56
251.56
251.56
251.56
251.56
251.56
251.56
251.56
251.56
251.56
251.56
251.56
251.56
251.56
251.56
251.56
251.56
251.56
251.56
251.56
251.56
251.56
251.56
251.56
251.56
251.56
251.56
251.56
251.56
251.56
251.56
251.56
251.56
251.56
251.56
251.56
251.56
251.56
251.56
251.56
251.56
251.56
251.56
251.56
251.56
251.56
251.56
251.56
251.56
251.56
251.56
251.56
251.56
251.56
251.56
251.56
251.56
251.56
251.56
251.56
251.56
251.56
251.56
251.56
251.56
251.56
251.56
251.56
251.56
251.56
251.56
251.56
251.56
251.56
251.56
251.56
251.57
251.57
251.58
251.58
251.58
251.58
251.58
251.58
251.58
251.58
251.58
251.58
251.58
251.58
251.58
251.58
251.58
251.58
251.58
251.6
251.61
251.64
251.66
251.68
251.68
251.68
251.68
251.68
251.68
251.68
251.68
251.68
251.68
251.68
251.68
251.68
251.68
251.68
251.68
251.68
251.68
251.68
251.68
251.68
251.68
251.68
251.68
251.68
251.68
251.68
251.68
251.68
251.68
251.68
251.68
251.68
251.68
251.68
251.68
251.68
251.68
251.68
251.68
251.68
251.68
251.68
251.68
251.68
251.68
251.69
251.69
251.69
251.69
251.69
251.69
251.69
251.69
251.69
251.69
251.69
251.69
251.69
251.69
251.69
251.69
251.69
251.69
251.69
251.69
251.69
251.69
251.69
251.69
251.69
251.69
251.69
251.69
251.69
251.69
251.69
251.69
251.69
251.69
251.69
251.69
251.69
251.69
251.69
251.69
251.69
251.69
251.69
251.69
251.69
251.69
251.69
251.69
251.69
251.69
251.69
251.69
251.69
251.69
251.69
251.69
251.69
251.69
251.69
251.69
251.69
251.69
251.69
251.69
251.69
251.69
251.69
251.69
251.72
251.75
251.76
251.76
251.79
251.82
251.84
251.85
251.85
251.85
251.85
251.85
251.85
251.85
251.85
251.85
251.85
251.85
251.85
251.85
251.85
251.85
251.85
251.85
251.85
251.85
251.85
251.85
251.85
251.85
251.85
251.85
251.85
251.85
251.85
251.85
251.85
251.85
251.85
251.85
251.85
251.85
251.85
251.85
251.85
251.85
251.85
251.85
251.85
251.85
251.85
251.85
251.85
251.85
251.85
251.85
251.85
251.85
251.85
251.85
251.85
251.85
251.85
251.85
251.85
251.85
251.85
251.85
251.85
251.85
251.85
251.85
251.85
251.85
251.85
251.85
251.85
251.85
251.85
251.85
251.85
251.85
251.85
251.85
251.85
251.85
251.85
251.85
251.85
251.85
251.85
251.85
251.85
251.85
251.85
251.85
251.85
251.85
251.85
251.85
251.85
251.85
251.85
251.85
251.85
251.85
251.85
251.85
251.85
251.85
251.85
251.85
251.85
251.85
251.85
251.85
251.85
251.85
251.85
251.85
251.85
251.85
251.85
251.85
251.85
251.85
251.85
251.85
251.85
251.85
251.85
251.85
251.85
251.85
251.85
251.85
251.85
251.85
251.85
251.85
251.85
251.85
251.85
251.85
251.85
251.85
251.85
251.85
251.85
251.85
251.85
251.85
251.85
251.85
251.85
251.85
251.85
251.85
251.85
251.85
251.85
251.85
251.85
251.85
251.85
251.85
251.85
251.85
251.85
251.85
251.85
251.85
251.85
251.85
251.85
251.85
251.85
251.85
251.85
251.85
251.85
251.85
251.85
251.85
251.85
251.85
251.85
251.85
251.85
251.85
251.85
251.85
251.85
251.85
251.85
251.85
251.85
251.85
251.85
251.85
251.85
251.85
251.85
251.85
251.85
251.85
251.85
251.85
251.85
251.85
251.85
251.85
251.85
251.85
251.85
251.85
251.85
251.85
251.85
251.85
251.85
251.85
251.85
251.85
251.85
251.85
251.85
251.85
251.85
251.85
251.85
251.85
251.85
251.85
251.85
251.85
251.85
251.85
251.85
251.85
251.85
251.85
251.85
251.85
251.85
251.85
251.85
251.85
251.85
251.85
251.85
251.85
251.85
251.85
251.85
251.85
251.85
251.85
251.85
251.85
251.85
251.85
251.85
251.85
251.85
251.85
251.85
251.85
251.85
251.85
251.85
251.85
251.85
251.85
251.85
251.85
251.85
251.85
251.85
251.85
251.85
251.85
251.85
251.85
251.85
251.85
251.85
251.85
251.85
251.85
251.85
251.85
251.85
251.85
251.85
251.85
251.85
251.85
251.85
251.85
251.85
251.85
251.85
251.85
251.85
251.85
251.85
251.85
251.85
251.85
251.85
251.85
251.85
251.85
251.85
251.85
251.85
251.85
251.85
251.85
251.85
251.85
251.85
251.85
251.85
251.85
251.85
251.85
251.85
251.85
251.85
251.85
251.85
251.85
251.85
251.85
251.85
251.85
251.85
251.85
251.85
251.85
251.85
251.85
251.85
251.85
251.85
251.85
251.85
251.85
251.85
251.85
251.85
251.85
251.85
251.85
251.85
251.85
251.85
251.85
251.85
251.85
251.85
251.85
251.85
251.85
251.85
251.85
251.85
251.85
251.85
251.85
251.85
251.85
251.85
251.85
251.85
251.85
251.85
251.85
251.85
251.85
251.85
251.85
251.85
251.85
251.85
251.85
251.85
251.85
251.85
251.85
251.85
251.85
251.85
251.85
251.85
251.85
251.85
251.85
251.85
251.85
251.85
251.85
251.85
251.85
251.85
251.85
251.85
251.85
251.85
251.85
251.85
251.85
251.85
251.85
251.85
251.85
251.85
251.85
251.85
251.85
251.85
251.85
251.85
251.85
251.85
251.85
251.85
251.85
251.85
251.85
251.85
251.85
251.85
251.85
251.85
251.85
251.85
251.85
251.85
251.85
251.85
251.85
251.85
251.85
251.85
251.85
251.85
251.85
251.85
251.85
251.85
251.85
251.85
251.85
251.85
251.85
251.85
251.85
251.85
251.85
251.85
251.85
251.85
251.85
251.85
251.85
251.85
251.85
251.85
251.85
251.85
251.85
251.85
251.85
251.85
251.85
251.85
251.85
251.85
251.85
251.85
251.85
251.85
251.85
251.85
251.85
251.85
251.85
251.85
251.85
251.85
251.85
251.85
251.85
251.85
251.85
251.85
251.85
251.85
251.85
251.85
251.85
251.85
251.85
251.85
251.85
251.85
251.85
251.85
251.85
251.85
251.85
251.85
251.85
251.85
251.85
251.85
251.85
251.85
251.85
251.85
251.85
251.85
251.85
251.85
251.85
251.85
251.85
251.85
251.85
251.85
251.85
251.85
251.85
251.85
251.85
251.85
251.85
251.85
251.85
251.85
251.85
251.85
251.85
251.85
251.85
251.85
251.85
251.85
251.85
251.85
251.85
251.85
251.85
251.85
251.85
251.85
251.85
251.85
251.85
251.85
251.85
251.85
251.85
251.85
251.85
251.85
251.85
251.85
251.85
251.85
251.85
251.85
251.85
251.85
251.85
251.85
251.85
251.85
251.85
251.85
251.85
251.85
251.85
251.85
251.85
251.85
251.85
251.85
251.85
251.85
251.85
251.85
251.85
251.85
251.85
251.85
251.85
251.85
251.85
251.85
251.85
251.85
251.85
251.85
251.85
251.85
251.85
251.85
251.85
251.85
251.85
251.85
251.85
251.85
251.85
251.85
251.85
251.85
251.85
251.85
251.85
251.85
251.85
251.85
251.85
251.85
251.85
251.85
251.85
251.85
251.85
251.85
251.85
251.85
251.85
251.85
251.85
251.85
251.85
251.85
251.85
251.85
251.85
251.85
251.85
251.85
251.85
251.85
251.85
251.85
251.85
251.85
251.85
251.85
251.85
251.85
251.85
251.85
251.85
251.85
251.85
251.85
251.85
252.33
254.25
255.68
255.68
255.68
255.68
255.68
255.68
255.68
255.68
255.68
255.69
255.69
255.69
255.69
255.69
255.69
255.69
255.69
255.69
255.69
255.69
255.69
255.69
255.69
255.69
255.69
255.69
255.69
255.69
255.69
255.69
255.69
255.69
255.69
255.69
255.69
255.69
255.69
255.69
255.69
255.69
255.69
255.69
255.69
255.69
255.69
255.69
255.69
255.69
255.69
255.69
255.69
255.69
255.69
255.69
255.69
255.69
255.69
255.69
255.69
255.69
255.69
255.69
255.69
255.69
255.69
255.69
255.69
255.69
255.69
255.69
255.69
255.69
255.69
255.69
255.69
255.69
255.69
255.69
255.69
255.69
255.69
255.69
255.69
255.7
255.7
255.7
255.7
255.7
255.7
255.7
255.7
255.7
255.7
255.7
255.7
255.7
255.7
255.7
255.7
255.7
255.7
255.7
255.7
255.7
255.7
255.7
255.7
255.7
255.7
255.7
255.7
255.7
255.7
255.7
255.7
255.7
255.7
255.7
255.7
255.7
255.7
255.7
255.7
255.7
255.7
255.7
255.7
255.7
255.7
255.7
255.7
255.7
255.7
255.7
255.7
255.7
255.7
255.7
255.7
255.7
255.7
255.7
255.7
255.7
255.7
255.7
255.7
255.7
255.7
255.7
255.7
255.7
255.7
255.7
255.7
255.7
255.7
255.71
255.71
255.71
255.71
255.71
255.71
255.71
255.71
255.71
255.71
255.71
255.71
255.71
255.71
255.71
255.71
255.71
255.71
255.71
255.71
255.71
255.71
255.71
255.71
255.71
255.71
255.71
255.71
255.71
255.71
255.71
255.71
255.71
255.71
255.71
255.71
255.71
255.71
255.71
255.71
255.71
255.71
255.71
255.71
255.71
255.71
255.71
255.71
255.71
255.71
255.71
255.71
255.71
255.71
255.71
255.71
255.71
255.71
255.71
255.71
255.71
255.71
255.71
255.71
255.71
255.71
255.71
255.71
255.71
255.71
255.71
255.71
255.71
255.71
255.72
255.72
255.72
255.72
255.72
255.72
255.72
255.72
255.72
255.72
255.72
255.72
255.72
255.72
255.72
255.72
255.72
255.72
255.72
255.72
255.72
255.72
255.72
255.72
255.72
255.72
255.72
255.72
255.72
255.72
255.72
255.72
255.72
255.72
255.72
255.72
255.72
255.72
255.72
255.72
255.72
255.72
255.72
255.72
255.72
255.72
255.72
255.72
255.72
255.72
255.72
255.72
255.72
255.72
255.72
255.72
255.72
255.72
255.72
255.72
255.72
255.72
255.72
255.72
255.72
255.72
255.72
255.72
255.72
255.72
255.72
255.72
255.72
255.72
255.72
255.73
255.73
255.73
255.73
255.73
255.73
255.73
255.73
255.73
255.73
255.73
255.73
255.73
255.73
255.73
255.73
255.73
255.73
255.73
255.73
255.73
255.73
255.73
255.73
255.73
255.73
255.73
255.73
255.73
255.73
255.73
255.73
255.73
255.73
255.73
255.73
255.73
255.73
255.73
255.73
255.73
255.73
255.73
255.73
255.73
255.73
255.73
255.73
255.73
255.73
255.73
255.73
255.73
255.73
255.73
255.73
255.73
255.73
255.73
255.73
255.73
255.73
255.73
255.73
255.73
255.73
255.73
255.73
255.73
255.73
255.73
255.73
255.73
255.73
255.74
255.74
255.74
255.74
255.74
255.74
255.74
255.74
255.74
255.74
255.74
255.74
255.74
255.74
255.74
255.74
255.74
255.74
255.74
255.74
255.74
255.74
255.74
255.74
255.74
255.74
255.74
255.74
255.74
255.74
255.74
255.74
255.74
255.74
255.74
255.74
255.74
255.74
255.74
255.74
255.74
255.74
255.74
255.74
255.74
255.74
255.74
255.74
255.74
255.74
255.74
255.74
255.74
255.74
255.74
255.74
255.74
255.74
255.74
255.74
255.74
255.74
255.74
255.74
255.74
255.74
255.74
255.74
255.74
255.74
255.74
255.74
255.74
255.74
255.75
255.75
255.75
255.75
255.75
255.75
255.75
255.75
255.75
255.75
255.75
255.75
255.75
255.75
255.75
255.75
255.75
255.75
255.75
255.75
255.75
255.75
255.75
255.75
255.75
255.75
255.75
255.75
255.75
255.75
255.75
255.75
255.75
255.75
255.75
255.75
255.75
255.75
255.75
255.75
255.75
255.75
255.75
255.75
255.75
255.75
255.75
255.75
255.75
255.75
255.75
255.75
255.75
255.75
255.75
255.75
255.75
255.75
255.75
255.75
255.75
255.75
255.75
255.75
255.75
255.75
255.75
255.75
255.75
255.75
255.75
255.75
255.75
255.75
255.76
255.76
255.76
255.76
255.76
255.76
255.76
255.76
255.76
255.76
255.76
255.76
255.76
255.76
255.76
255.76
255.76
255.76
255.76
255.76
255.76
255.76
255.76
255.76
255.76
255.76
255.76
255.76
255.76
255.76
255.76
255.76
255.76
255.76
255.76
255.76
255.76
255.76
255.76
255.76
255.76
255.76
255.76
255.76
255.76
255.76
255.76
255.76
255.76
255.76
255.76
255.76
255.76
255.76
255.76
255.76
255.76
255.76
255.76
255.76
255.76
255.76
255.76
255.76
255.76
255.76
255.76
255.76
255.76
255.76
255.76
255.76
255.76
255.76
255.77
255.77
255.77
255.77
255.77
255.77
255.77
255.77
255.77
255.77
255.77
255.77
255.77
255.77
255.77
255.77
255.77
255.77
255.77
255.77
255.77
255.77
255.77
255.77
255.77
255.77
255.77
255.77
255.77
255.77
255.77
255.77
255.77
255.77
255.77
255.77
255.77
255.77
255.77
255.77
255.77
255.77
255.77
255.77
255.77
255.77
255.77
255.77
255.77
255.77
255.77
255.77
255.77
255.77
255.77
255.77
255.77
255.77
255.77
255.77
255.77
255.77
255.77
255.77
255.77
255.77
255.77
255.77
255.77
255.77
255.77
255.77
255.77
255.77
255.77
255.78
255.78
255.78
255.78
255.78
255.78
255.78
255.78
255.78
255.78
255.78
255.78
255.78
255.78
255.78
255.78
255.78
255.78
255.78
255.78
255.78
255.78
255.78
255.78
255.78
255.78
255.78
255.78
255.78
255.78
255.78
255.78
255.78
255.78
255.78
255.78
255.78
255.78
255.78
255.78
255.78
255.78
255.78
255.78
255.78
255.78
255.78
255.78
255.78
255.78
255.78
255.78
255.78
255.78
255.78
255.78
255.78
255.78
255.78
255.78
255.78
255.78
255.78
255.78
255.78
255.78
255.78
255.78
255.78
255.78
255.78
255.78
255.78
255.78
255.79
255.79
255.79
255.79
255.79
255.79
255.79
255.79
255.79
255.79
255.79
255.79
255.79
255.79
255.79
255.79
255.79
255.79
255.79
255.79
255.79
255.79
255.79
255.79
255.79
255.79
255.79
255.79
255.79
255.79
255.79
255.79
255.79
255.79
255.79
255.79
255.79
255.79
255.79
255.79
255.79
255.79
255.79
255.79
255.79
255.79
255.79
255.79
255.79
255.79
255.79
255.79
255.79
255.79
255.79
255.79
255.79
255.79
255.79
255.79
255.79
255.79
255.79
255.79
255.79
255.79
255.79
255.79
255.79
255.79
255.79
255.79
255.79
255.79
255.8
255.8
255.8
255.8
255.8
255.8
255.8
255.8
255.8
255.8
255.8
255.8
255.8
255.8
255.8
255.8
255.8
255.8
255.8
255.8
255.8
255.8
255.8
255.8
255.8
255.8
255.8
255.8
255.8
255.8
255.8
255.8
255.8
255.8
255.8
255.8
255.8
255.8
255.8
255.8
255.8
255.8
255.8
255.8
255.8
255.8
255.8
255.8
255.8
255.8
255.8
255.8
255.8
255.8
255.8
255.8
255.8
255.8
255.8
255.8
255.8
255.8
255.8
255.8
255.8
255.8
255.8
255.8
255.8
255.8
255.8
255.8
255.8
255.8
255.81
255.81
255.81
255.81
255.81
255.81
255.81
255.81
255.81
255.81
255.81
255.81
255.81
255.81
255.81
255.81
255.81
255.81
255.81
255.81
255.81
255.81
255.81
255.81
255.81
255.81
255.81
255.81
255.81
255.81
255.81
255.81
255.81
255.81
255.81
255.81
255.81
255.81
255.81
255.81
255.81
255.81
255.81
255.81
255.81
255.81
255.81
255.81
255.81
255.81
255.81
255.81
255.81
255.81
255.81
255.81
255.81
255.81
255.81
255.81
255.81
255.81
255.81
255.81
255.81
255.81
255.81
255.81
255.81
255.81
255.81
255.81
255.81
255.81
255.82
255.82
255.82
255.82
255.82
255.82
255.82
255.82
255.82
255.82
255.82
255.82
255.82
255.82
255.82
255.82
255.82
255.82
255.82
255.82
255.82
255.82
255.82
255.82
255.82
255.82
255.82
255.82
255.82
255.82
255.82
255.82
255.82
255.82
255.82
255.82
255.82
255.82
255.82
255.82
255.82
255.82
255.82
255.82
255.82
255.82
255.82
255.82
255.82
255.82
255.82
255.82
255.82
255.82
255.82
255.82
255.82
255.82
255.82
255.82
255.82
255.82
255.82
255.82
255.82
255.82
255.82
255.82
255.82
255.82
255.82
255.82
255.82
255.82
255.82
255.83
255.83
255.83
255.83
255.83
255.83
255.83
255.83
255.83
255.83
255.83
255.83
255.83
255.83
255.83
255.83
255.83
255.83
255.83
255.83
255.83
255.83
255.83
255.83
255.83
255.83
255.83
255.83
255.83
255.83
255.83
255.83
255.83
255.83
255.83
255.83
255.83
255.83
255.83
255.83
255.83
255.83
255.83
255.83
255.83
255.83
255.83
255.83
255.83
255.83
255.83
255.83
255.83
255.83
255.83
255.83
255.83
255.83
255.83
255.83
255.83
255.83
255.83
255.83
255.83
255.83
255.83
255.83
255.83
255.83
255.83
255.83
255.83
255.83
255.84
255.84
255.84
255.84
255.84
255.84
255.84
255.84
255.84
255.84
255.84
255.84
255.84
255.84
255.84
255.84
255.84
255.84
255.84
255.84
255.84
255.84
255.84
255.84
255.84
255.84
255.84
255.84
255.84
255.84
255.84
255.84
255.84
255.84
255.84
255.84
255.84
255.84
255.84
255.84
255.84
255.84
255.84
255.84
255.84
255.84
255.84
255.84
255.84
255.84
255.84
255.84
255.84
255.84
255.84
255.84
255.84
255.84
255.84
255.84
255.84
255.84
255.84
255.84
255.84
255.84
255.84
255.84
255.84
255.84
255.84
255.84
255.84
255.84
255.85
255.85
255.85
255.85
255.85
255.85
255.85
255.85
255.85
255.85
255.85
255.85
255.85
255.85
255.85
255.85
255.85
255.85
255.85
255.85
255.85
255.85
255.85
255.85
255.85
255.85
255.85
255.85
255.85
255.85
255.85
255.85
255.85
255.85
255.85
255.85
255.85
255.85
255.85
255.85
255.85
255.85
255.85
255.85
255.85
255.85
255.85
255.85
255.85
255.85
255.85
255.85
255.85
255.85
255.85
255.85
255.85
255.85
255.85
255.85
255.85
255.85
255.85
255.85
255.85
255.85
255.85
255.85
255.85
255.85
255.85
255.85
255.85
255.85
255.86
255.86
255.86
255.86
255.86
255.86
255.86
255.86
255.86
255.86
255.86
255.86
255.86
255.86
255.86
255.86
255.86
255.86
255.86
255.86
255.86
255.86
255.86
255.86
255.86
255.86
255.86
255.86
255.86
255.86
255.86
255.86
255.86
255.86
255.86
255.86
255.86
255.86
255.86
255.86
255.86
255.86
255.86
255.86
255.86
255.86
255.86
255.86
255.86
255.86
255.86
255.86
255.86
255.86
255.86
255.86
255.86
255.86
255.86
255.86
255.86
255.86
255.86
255.86
255.86
255.86
255.86
255.86
255.86
255.86
255.86
255.86
255.86
255.86
255.87
255.87
255.87
255.87
255.87
255.87
255.87
255.87
255.87
255.87
255.87
255.87
255.87
255.87
255.87
255.87
255.87
255.87
255.87
255.87
255.87
255.87
256.42
256.63
256.64
256.72
256.72
256.76
256.76
256.76
256.77
256.8
256.81
256.82
256.82
256.85
256.86
256.86
256.86
256.86
256.86
256.86
256.86
256.86
256.86
256.86
256.86
256.86
256.86
256.86
256.86
256.86
256.86
256.86
256.86
256.86
256.86
256.86
256.86
256.86
256.86
256.86
256.86
256.86
256.86
256.86
256.86
256.86
256.86
256.86
256.86
256.86
256.86
256.86
256.86
256.86
256.86
256.86
256.86
256.86
256.86
256.86
256.86
256.86
256.86
256.86
256.86
256.86
256.86
256.86
256.86
256.86
256.86
256.86
256.86
256.86
256.86
256.86
256.86
256.86
256.86
256.86
256.86
256.86
256.86
256.86
256.86
256.86
256.86
256.86
256.86
256.86
256.86
256.86
256.86
256.86
256.86
256.86
256.86
256.86
256.86
256.86
256.86
256.86
256.86
256.86
256.86
256.86
256.86
256.86
256.86
256.86
256.86
256.86
256.86
256.86
256.86
256.86
256.86
256.86
256.86
256.86
256.86
256.86
256.86
256.86
256.86
256.86
256.86
256.86
256.86
256.86
256.86
256.86
256.86
256.86
256.86
256.86
256.86
256.86
256.86
256.86
256.86
256.86
256.86
256.86
256.86
256.86
256.86
256.86
256.86
256.86
256.86
256.86
256.86
256.86
256.86
256.86
256.86
256.86
256.86
256.86
256.86
256.86
256.86
256.86
256.86
256.86
256.86
256.86
256.86
256.86
256.86
256.86
256.86
256.86
256.86
256.86
256.86
256.86
256.86
256.86
256.86
256.86
256.86
256.86
256.86
256.86
256.86
256.86
256.86
256.86
256.86
256.86
256.86
256.86
256.86
256.86
256.86
256.86
256.86
256.86
256.86
256.86
256.86
256.86
256.86
256.86
256.86
256.86
256.86
256.86
256.86
256.86
256.86
256.86
256.86
256.86
256.86
256.86
256.86
256.86
256.86
256.86
256.86
256.86
256.86
256.86
256.86
256.86
256.86
256.86
256.86
256.86
256.86
256.86
256.86
256.86
256.86
256.86
256.86
256.86
256.86
256.86
256.86
256.86
256.86
256.86
256.86
256.86
256.86
256.86
256.86
256.86
256.86
256.86
256.86
256.86
256.86
256.86
256.86
256.86
256.86
256.86
256.86
256.86
256.86
256.86
256.86
256.86
256.86
256.86
256.86
256.86
256.86
256.86
256.86
256.86
256.86
256.86
256.86
256.86
256.86
256.86
256.86
256.86
256.86
256.86
256.86
256.86
256.86
256.86
256.86
256.86
256.86
256.86
256.86
256.86
256.86
256.86
256.86
256.86
256.86
256.86
256.86
256.86
256.86
256.86
256.86
256.86
256.86
256.86
256.86
256.86
256.86
256.86
256.86
256.86
256.86
256.86
256.86
256.86
256.86
256.86
256.86
256.86
256.86
256.86
256.86
256.86
256.86
256.86
256.86
256.86
256.86
256.86
256.86
256.86
256.86
256.86
256.86
256.86
256.86
256.86
256.86
256.86
256.86
256.86
256.86
256.86
256.86
256.86
256.86
256.86
256.86
256.86
256.86
256.86
256.86
256.86
256.86
256.86
256.86
256.86
256.86
256.86
256.86
256.86
256.86
256.86
256.86
256.86
256.86
256.86
256.86
256.86
256.86
256.86
256.86
256.86
256.86
256.86
256.86
256.86
256.86
256.86
256.86
256.86
256.86
256.86
256.86
256.86
256.86
256.86
256.86
256.86
256.86
256.86
256.86
256.86
256.86
256.86
256.86
256.86
256.86
256.86
256.86
256.86
256.86
256.86
256.86
256.86
256.86
256.86
256.86
256.86
256.86
256.86
256.86
256.86
256.86
256.86
256.86
256.86
256.86
256.86
256.86
256.86
256.86
256.86
256.86
256.86
256.86
256.86
256.86
256.86
256.86
256.86
256.86
256.86
256.86
256.86
256.86
256.86
256.86
256.86
256.86
256.86
256.86
256.86
256.86
256.86
256.86
256.86
256.86
256.86
256.86
256.86
256.86
256.86
256.86
256.86
256.86
256.86
256.86
256.86
256.86
256.86
256.86
256.86
256.86
256.86
256.86
256.86
256.86
256.86
256.86
256.86
256.86
256.86
256.86
256.86
256.86
256.86
256.86
256.86
256.86
256.86
256.86
256.86
256.86
256.86
256.86
256.86
256.86
256.86
256.86
256.86
256.86
256.86
256.86
256.86
256.86
256.86
256.86
256.86
256.86
256.86
256.86
256.86
256.86
256.86
256.86
256.86
256.86
256.86
256.86
256.86
256.86
256.86
256.86
256.86
256.86
256.86
256.86
256.86
256.86
256.86
256.86
256.86
256.86
256.86
256.86
256.86
256.86
256.86
256.86
256.86
256.86
256.86
256.86
256.86
256.86
256.86
256.86
256.86
256.86
256.86
256.86
256.86
256.86
256.86
256.86
256.86
256.86
256.86
256.86
256.86
256.86
256.86
256.86
256.86
256.86
256.86
256.86
256.86
256.86
256.86
256.86
256.86
256.86
256.86
256.86
256.86
256.86
256.86
256.86
256.86
256.86
256.86
256.86
256.86
256.86
256.86
256.86
256.86
256.86
256.86
256.86
256.86
256.86
256.86
256.86
256.86
256.86
256.86
256.86
256.86
256.86
256.86
256.86
256.86
256.86
256.86
256.86
256.86
256.86
256.86
256.86
256.86
256.86
256.86
256.86
256.86
256.86
256.86
256.86
256.86
256.86
256.86
256.86
256.86
256.86
256.86
256.86
256.86
256.86
256.86
256.86
256.86
256.86
256.86
256.86
256.86
256.86
256.86
256.86
256.86
256.86
256.86
256.86
256.86
256.86
256.86
256.86
256.86
256.86
256.86
256.86
256.86
256.86
256.86
256.86
256.86
256.86
256.86
256.86
256.86
256.86
256.86
256.86
256.86
256.86
256.86
256.86
256.86
256.86
256.86
256.86
256.86
256.86
256.86
256.86
256.86
256.86
256.86
256.86
256.86
256.86
256.86
256.86
256.86
256.86
256.86
256.86
256.86
256.86
256.86
256.86
256.86
256.86
256.86
256.86
256.86
256.86
256.86
256.86
256.86
256.86
256.86
256.86
256.86
256.86
256.86
256.86
256.86
256.86
256.86
256.86
256.86
256.86
256.86
256.86
256.86
256.86
256.86
256.86
256.86
256.86
256.86
256.86
256.86
256.86
256.86
256.86
256.86
256.86
256.86
256.86
256.86
256.86
256.86
256.86
256.86
256.86
256.86
256.86
256.86
256.86
256.86
256.86
256.86
256.86
256.86
256.86
256.86
256.86
256.86
256.86
256.86
256.86
256.86
256.86
256.86
256.86
256.86
256.86
256.86
256.86
256.86
256.86
256.86
256.86
256.86
256.86
256.86
256.86
256.86
256.86
256.86
256.86
256.86
256.86
256.86
256.86
256.86
256.86
256.86
256.86
256.86
256.86
256.86
256.86
256.86
256.86
256.86
256.86
256.86
256.86
256.86
256.86
256.86
256.86
256.86
256.86
256.86
256.86
256.86
256.86
256.86
256.86
256.86
256.86
256.86
256.86
256.86
256.86
256.86
256.86
256.86
256.86
256.86
256.86
256.86
256.86
256.86
256.86
256.86
256.86
256.86
256.86
256.86
256.86
256.86
256.86
256.86
256.86
256.86
256.86
256.86
256.86
256.86
256.86
256.86
256.86
256.86
256.86
256.86
256.86
256.86
256.86
256.86
256.86
256.86
256.86
256.86
256.86
256.86
256.86
256.86
256.86
256.86
256.86
256.86
256.86
256.86
256.86
256.86
256.86
256.86
256.86
256.86
256.86
256.86
256.86
256.86
256.86
256.86
256.86
256.86
256.86
256.86
256.86
256.86
256.86
256.86
256.86
256.86
256.86
256.86
256.86
256.86
256.86
256.86
256.86
256.86
256.86
256.86
256.86
256.86
256.86
256.86
256.86
256.86
256.86
256.86
256.86
256.86
256.86
256.86
256.86
256.86
256.86
256.86
256.86
256.86
256.86
256.86
256.86
256.86
256.86
256.86
256.86
256.86
256.86
256.86
256.86
256.86
256.86
256.86
256.86
256.86
256.86
256.86
256.86
256.86
256.86
256.86
256.86
256.86
256.86
256.86
256.86
256.86
256.86
256.86
256.86
256.86
256.86
256.86
256.86
256.86
256.86
256.86
256.86
256.86
256.86
256.86
256.86
256.86
256.86
256.86
256.86
256.86
256.86
256.86
256.86
256.86
256.86
256.86
256.86
256.86
256.86
256.86
256.86
256.86
256.86
256.86
256.86
256.86
256.86
256.86
256.86
256.86
256.86
256.86
256.86
256.86
256.86
256.86
256.86
256.86
256.86
256.86
256.86
256.86
256.86
256.86
256.86
256.86
256.86
256.86
256.86
256.86
256.86
256.86
256.86
256.86
256.86
256.86
256.86
256.86
256.86
256.86
256.86
256.86
256.86
256.86
256.86
256.86
256.86
256.86
256.87
256.9
256.96
256.96
256.96
256.96
256.96
256.96
256.96
256.96
256.96
256.96
256.96
256.96
256.96
256.96
256.96
256.96
256.96
256.96
256.96
256.96
256.96
256.96
256.99
256.99
256.99
256.99
256.99
257
257.05
257.12
257.12
257.12
257.12
257.12
257.12
257.12
257.12
257.12
257.12
257.12
257.12
257.12
257.12
257.12
257.12
257.12
257.12
257.12
257.12
257.12
257.12
257.12
257.12
257.12
257.12
257.12
257.12
257.12
257.12
257.12
257.12
257.12
257.12
257.12
257.12
257.12
257.12
257.12
257.12
257.12
257.12
257.12
257.12
257.12
257.12
257.12
257.12
257.12
257.12
257.12
257.12
257.12
257.12
257.12
257.12
257.12
257.12
257.12
257.12
257.12
257.12
257.12
257.12
257.12
257.12
257.12
257.12
257.12
257.12
257.12
257.12
257.12
257.12
257.12
257.12
257.12
257.12
257.12
257.12
257.12
257.12
257.12
257.12
257.12
257.12
257.12
257.12
257.12
257.12
257.12
257.12
257.12
257.12
257.12
257.12
257.12
257.12
257.12
257.12
257.12
257.12
257.12
257.12
257.12
257.12
257.12
257.12
257.12
257.12
257.12
257.12
257.12
257.12
257.12
257.12
257.12
257.12
257.12
257.12
257.12
257.12
257.12
257.12
257.12
257.12
257.12
257.12
257.12
257.12
257.12
257.12
257.12
257.12
257.12
257.12
257.12
257.12
257.12
257.12
257.12
257.12
257.12
257.12
257.12
257.12
257.12
257.12
257.12
257.12
257.12
257.12
257.12
257.12
257.12
257.12
257.12
257.12
257.12
257.12
257.12
257.12
257.12
257.12
257.12
257.12
257.12
257.12
257.12
257.12
257.12
257.12
257.12
257.12
257.12
257.12
257.12
257.12
257.12
257.12
257.12
257.12
257.12
257.12
257.12
257.12
257.12
257.12
257.12
257.12
257.12
257.12
257.12
257.12
257.12
257.12
257.12
257.12
257.12
257.12
257.12
257.12
257.12
257.12
257.12
257.12
257.12
257.12
257.12
257.12
257.12
257.12
257.12
257.12
257.12
257.12
257.12
257.12
257.12
257.12
257.12
257.12
257.12
257.12
257.12
257.12
257.12
257.12
257.12
257.12
257.12
257.12
257.12
257.12
257.12
257.12
257.12
257.12
257.12
257.12
257.12
257.12
257.12
257.12
257.12
257.12
257.12
257.12
257.12
257.12
257.12
257.12
257.12
257.12
257.12
257.12
257.12
257.12
257.12
257.12
257.12
257.12
257.12
257.12
257.12
257.12
257.12
257.12
257.12
257.12
257.12
257.12
257.12
257.12
257.12
257.12
257.12
257.12
257.12
257.12
257.12
257.12
257.12
257.12
257.12
257.12
257.12
257.12
257.12
257.12
257.12
257.12
257.12
257.12
257.12
257.12
257.12
257.12
257.12
257.12
257.12
257.12
257.12
257.12
257.12
257.12
257.12
257.12
257.12
257.12
257.12
257.12
257.12
257.12
257.12
257.12
257.12
257.12
257.12
257.12
257.12
257.12
257.12
257.12
257.12
257.12
257.12
257.12
257.12
257.12
257.12
257.12
257.12
257.12
257.12
257.12
257.12
257.12
257.12
257.12
257.12
257.12
257.12
257.12
257.12
257.12
257.12
257.12
257.12
257.12
257.12
257.12
257.12
257.12
257.12
257.12
257.12
257.12
257.12
257.12
257.12
257.12
257.12
257.12
257.12
257.12
257.12
257.12
257.12
257.12
257.12
257.12
257.12
257.12
257.12
257.12
257.12
257.12
257.12
257.12
257.12
257.12
257.12
257.12
257.12
257.12
257.12
257.12
257.12
257.12
257.12
257.12
257.12
257.12
257.12
257.12
257.12
257.12
257.12
257.12
257.12
257.12
257.12
257.12
257.12
257.12
257.12
257.12
257.12
257.12
257.12
257.12
257.12
257.12
257.12
257.12
257.12
257.12
257.12
257.12
257.12
257.12
257.12
257.12
257.12
257.12
257.12
257.12
257.12
257.12
257.12
257.12
257.12
257.12
257.12
257.12
257.12
257.12
257.12
257.12
257.12
257.12
257.12
257.12
257.12
257.12
257.12
257.12
257.12
257.12
257.12
257.12
257.12
257.12
257.12
257.12
257.12
257.12
257.12
257.12
257.12
257.12
257.12
257.12
257.12
257.12
257.12
257.12
257.12
257.12
257.12
257.14
257.15
257.16
257.16
257.16
257.16
257.16
257.16
257.16
257.16
257.16
257.18
257.19
257.42
258.53
258.78
259.16
260.06
260.48
261.33
262.22
262.39
262.43
262.43
262.43
262.43
262.43
262.43
262.43
262.43
262.43
262.43
262.43
262.43
262.43
262.43
262.43
262.43
262.43
262.43
262.43
262.43
262.43
262.43
262.43
262.43
262.43
262.43
262.43
262.43
262.43
262.43
262.43
262.43
262.43
262.43
262.43
262.43
262.43
262.43
262.43
262.43
262.43
262.43
262.43
262.43
262.43
262.43
262.43
262.43
262.43
262.43
262.45
262.46
262.47
262.5
262.5
262.5
262.53
262.66
262.8
262.82
262.84
262.85
262.85
262.86
263.11
263.21
263.28
263.28
263.28
263.28
263.28
263.28
263.28
263.28
263.28
263.29
263.3
263.31
263.34
263.34
263.35
263.35
263.35
263.35
263.35
263.36
263.37
263.37
263.4
263.47
263.74
264.52
265.07
265.38
265.47
265.47
265.47
265.47
265.47
265.47
265.47
265.47
265.47
265.47
265.47
265.47
265.47
265.47
265.47
265.47
265.47
265.47
265.47
265.47
265.47
265.47
265.47
265.47
265.47
265.47
265.47
265.47
265.47
265.47
265.47
265.47
265.47
265.47
265.47
265.47
265.47
265.47
265.47
265.47
265.47
265.47
265.47
265.47
265.47
265.47
265.47
265.47
265.47
265.47
265.47
265.47
265.47
265.47
265.47
265.47
265.47
265.47
265.47
265.47
265.47
265.47
265.47
265.47
265.47
265.47
265.47
265.47
265.47
265.47
265.47
265.47
265.47
265.47
265.47
265.48
265.53
265.59
266.04
267.08
268.43
269.81
270.4
271.39
272.53
273.01
274.81
276.49
278.24
280.15
281.85
283.32
284.14
284.77
285.48
285.98
286.14
286.23
286.32
286.52
287.16
287.64
287.68
287.82
288.1
288.31
288.33
288.45
288.55
288.57
288.59
288.64
288.65
288.66
288.66
288.66
288.66
288.66
288.66
288.66
288.66
288.66
288.66
288.66
288.66
288.66
288.66
288.66
288.66
288.66
288.66
288.66
288.66
288.66
288.66
288.66
288.66
288.66
288.66
288.68
288.68
288.68
288.68
288.68
288.68
288.68
288.68
288.68
288.68
288.68
288.68
288.68
288.68
288.68
288.68
288.68
288.68
288.68
288.68
288.68
288.68
288.68
288.68
288.68
288.68
288.68
288.68
288.68
288.68
288.68
288.68
288.68
288.68
288.68
288.68
288.68
288.68
288.68
288.68
288.68
288.68
288.68
288.68
288.68
288.68
288.68
288.68
288.68
288.68
288.68
288.68
288.68
288.68
288.68
288.68
288.68
288.68
288.68
288.68
288.68
288.68
288.68
288.68
288.68
288.68
288.68
288.68
288.68
288.68
288.68
288.68
288.68
288.68
288.68
288.69
288.69
288.69
288.69
288.69
288.71
288.74
288.79
288.83
288.84
288.84
288.85
288.88
288.92
289.1
289.36
289.4
289.47
289.67
290.87
291.21
291.21
291.23
291.23
291.23
291.23
291.23
291.23
291.23
291.23
291.24
291.25
291.3
291.3
291.3
291.31
291.31
291.31
291.31
291.31
291.31
291.31
291.31
291.32
291.33
291.36
291.38
291.38
291.5
291.63
292.37
293.36
296.15
297.85
298.2
298.38
298.43
298.45
298.47
298.49
298.49
298.5
298.5
298.5
298.5
298.5
298.52
298.53
298.53
298.54
298.57
299.12
299.69
299.79
299.79
299.79
299.79
299.79
299.79
299.79
299.82
299.85
299.87
299.88
299.9
299.91
299.92
299.92
299.92
299.93
299.93
299.93
299.93
299.95
299.95
299.96
299.96
299.96
299.96
299.96
299.96
299.96
299.99
300.04
300.06
300.06
300.06
300.06
300.06
300.06
300.06
300.06
300.06
300.06
300.07
300.07
300.07
300.07
300.07
300.07
300.07
300.07
300.07
300.07
300.07
300.08
300.08
300.09
300.1
300.11
300.11
300.11
300.11
300.11
300.11
300.11
300.11
300.11
300.11
300.11
300.11
300.11
300.11
300.11
300.11
300.11
300.11
300.11
300.11
300.11
300.11
300.24
301
302.07
302.2
302.79
303.07
303.12
303.13
303.14
303.15
303.16
303.16
303.16
303.21
304.3
305.65
305.71
305.71
305.71
305.71
305.71
305.83
306.92
307.48
307.84
308.16
308.17
308.18
308.19
308.2
308.22
308.24
308.24
308.25
308.26
308.26
308.27
308.27
308.28
308.28
308.28
308.28
308.28
308.28
308.28
308.28
308.28
308.28
308.28
308.28
308.28
308.28
308.28
308.28
308.28
308.47
308.48
308.51
308.54
308.65
308.86
308.97
308.97
308.97
308.97
308.97
309.03
309.79
310.37
310.43
310.45
310.49
310.49
310.49
310.49
310.49
310.49
310.49
310.49
310.5
310.51
310.51
310.51
310.51
310.51
310.52
310.53
310.55
310.56
310.56
310.56
310.56
310.56
310.56
310.56
310.59
310.59
310.59
310.6
310.63
310.63
310.63
310.63
310.64
310.66
310.66
310.68
310.69
310.71
310.86
311.29
311.59
312.08
312.5
312.72
312.74
312.77
312.77
312.77
312.77
312.77
312.77
312.77
312.77
312.77
312.77
312.77
312.77
312.77
312.77
312.77
312.77
312.77
312.77
312.77
312.77
312.77
312.77
312.77
312.77
312.77
312.77
312.77
312.77
312.77
312.78
312.79
312.88
313.47
315.45
316.7
316.88
317.21
319.05
319.38
319.45
319.5
319.57
319.57
319.57
319.64
319.64
319.64
319.64
319.64
319.65
319.75
319.82
319.83
319.83
319.83
319.83
319.84
319.87
319.88
319.88
319.89
319.91
319.91
319.91
319.91
319.91
319.91
319.91
319.91
319.91
319.91
319.91
319.91
319.91
319.91
319.91
319.91
319.91
319.91
319.91
319.91
319.91
319.91
319.91
319.91
319.91
319.93
319.94
319.97
320
320.05
320.33
320.47
320.56
320.92
321.32
322
322.19
322.25
322.26
322.97
323.39
323.56
323.66
323.69
323.69
323.69
323.69
323.69
323.69
323.69
323.71
323.79
324.52
325.31
326
326.43
326.71
327.01
327.14
327.31
327.42
327.62
327.71
327.76
327.81
327.84
327.89
327.89
327.94
328.06
328.07
328.09
328.13
328.15
328.16
328.16
328.18
328.18
328.21
328.21
328.21
328.21
328.21
328.21
328.21
328.21
328.21
328.21
328.21
328.21
328.21
328.21
328.21
328.21
328.21
328.21
328.21
328.21
328.21
328.21
328.21
328.21
328.21
328.21
328.21
328.21
328.21
328.21
328.21
328.21
328.21
328.21
328.21
328.21
328.21
328.21
328.21
328.21
328.21
328.21
328.21
328.21
328.21
328.21
328.21
328.21
328.21
328.21
328.21
328.21
328.21
328.21
328.21
328.21
328.21
328.21
328.21
328.21
328.21
328.21
328.21
328.21
328.21
328.21
328.21
328.21
328.21
328.21
328.21
328.21
328.21
328.21
328.21
328.21
328.21
328.21
328.21
328.21
328.21
328.21
328.21
328.21
328.21
328.21
328.21
328.21
328.21
328.21
328.21
328.21
328.21
328.21
328.21
328.21
328.21
328.21
328.21
328.21
328.21
328.21
328.21
328.21
328.22
328.23
328.23
328.23
328.23
328.23
328.23
328.23
328.23
328.23
328.23
328.23
328.23
328.23
328.23
328.23
328.23
328.23
328.23
328.23
328.23
328.23
328.23
328.23
328.23
328.26
328.26
328.26
328.26
328.26
328.26
328.26
328.26
328.26
328.26
328.26
328.26
328.26
328.26
328.26
328.26
328.26
328.26
328.26
328.26
328.26
328.26
328.26
328.28
328.31
328.32
328.32
328.32
328.33
328.33
328.33
328.33
328.33
328.33
328.33
328.33
328.33
328.33
328.33
328.33
328.33
328.33
328.33
328.33
328.33
328.33
328.33
328.36
328.38
328.39
328.4
328.4
328.41
328.41
328.41
328.41
328.41
328.41
328.41
328.41
328.41
328.41
328.41
328.42
328.42
328.42
328.42
328.42
328.42
328.42
328.42
328.44
328.49
328.51
328.51
328.53
328.54
328.58
328.61
328.65
328.69
328.7
328.72
328.74
328.75
328.76
328.79
328.79
328.8
328.8
328.8
328.8
328.8
328.81
328.81
328.81
328.83
328.86
328.87
328.89
328.9
328.94
328.94
328.94
328.95
328.96
329
329.02
329.02
329.02
329.02
329.03
329.03
329.04
329.06
329.06
329.07
329.08
329.1
329.11
329.12
329.15
329.15
329.15
329.17
329.2
329.22
329.23
329.26
329.26
329.27
329.27
329.27
329.27
329.3
329.33
329.36
329.37
329.37
329.37
329.37
329.37
329.37
329.37
329.37
329.37
329.38
329.41
329.43
329.48
329.51
329.51
329.51
329.51
329.51
329.51
329.53
329.55
329.55
329.56
329.56
329.56
329.56
329.56
329.56
329.56
329.56
329.57
329.58
329.6
329.6
329.62
329.64
329.66
329.68
329.68
329.68
329.69
329.69
329.7
329.7
329.7
329.7
329.71
329.72
329.72
329.72
329.72
329.72
329.72
329.72
329.72
329.72
329.72
329.73
329.73
329.73
329.73
329.73
329.73
329.73
329.73
329.73
329.74
329.74
329.74
329.74
329.74
329.74
329.74
329.75
329.75
329.75
329.75
329.75
329.75
329.75
329.76
329.78
329.79
329.81
329.84
