0
0
0.03
0.03
0.03
0.03
0.03
0.03
0.03
0.03
0.08
0.13
0.15
0.15
0.15
0.15
0.15
0.18
0.2
0.53
1.19
1.19
1.19
1.19
1.19
1.22
1.22
1.22
1.24
1.24
1.3
1.37
1.45
1.57
1.57
2.21
2.39
2.59
3.33
4.17
5.87
6.12
6.17
7.16
7.29
7.29
7.29
7.29
7.29
7.29
7.29
7.29
7.29
7.29
7.29
7.29
7.29
7.29
7.29
7.29
7.29
7.29
7.29
7.32
7.34
7.49
7.54
7.67
7.82
7.92
7.98
8.08
8.15
8.2
8.31
8.33
8.36
8.38
8.38
8.46
8.69
10.41
13.16
14.81
16.54
18.29
18.75
18.77
18.82
18.97
19
19
19
19
19
19
19.1
19.3
19.3
19.3
19.3
19.3
19.3
19.3
19.3
19.3
19.3
19.3
19.3
19.3
19.3
19.3
19.3
19.3
19.3
19.3
19.3
19.3
19.3
19.3
19.3
19.3
19.3
19.3
19.3
19.33
19.38
19.38
19.38
19.38
19.38
19.38
19.38
19.38
19.38
19.38
19.38
19.43
19.43
19.46
19.46
19.46
19.48
19.53
19.53
19.58
19.58
19.66
19.71
19.84
19.94
19.94
19.94
19.94
19.94
19.96
19.96
19.96
19.96
19.96
19.96
19.99
19.99
19.99
19.99
20.04
20.04
20.04
20.04
20.04
20.04
20.04
20.04
20.07
20.12
20.24
22.35
23.62
24.69
26.7
26.85
26.9
26.9
26.9
26.9
26.9
26.9
26.9
26.92
26.92
26.92
26.92
26.92
26.95
26.95
26.95
26.95
26.95
27.13
28.12
29.24
29.87
30.51
31.01
31.09
31.09
31.09
31.09
31.09
31.09
31.09
31.09
31.09
31.09
31.09
31.09
31.09
31.09
31.09
31.09
31.22
31.45
31.45
31.45
31.55
31.67
31.93
32.41
32.94
33.25
33.53
34.11
34.54
34.62
34.62
34.62
34.62
34.62
34.62
34.62
34.62
34.62
34.62
34.62
34.62
34.62
34.62
34.62
35.05
35.79
36.2
36.6
37.19
37.19
37.29
37.31
37.31
37.97
38.51
38.71
38.76
38.81
38.81
38.81
38.81
38.81
38.84
38.86
38.86
38.86
38.89
38.89
38.89
38.89
38.91
38.91
39.6
39.6
39.6
39.6
39.6
39.6
39.6
39.6
39.6
39.6
39.6
39.6
39.6
39.6
39.6
39.6
39.6
39.6
39.6
39.6
39.6
39.6
39.65
39.78
39.78
39.78
39.78
39.78
39.78
39.78
39.78
39.78
39.78
39.78
39.78
39.78
39.78
39.78
39.78
39.78
39.78
39.78
39.78
39.78
39.78
39.78
39.78
39.78
39.78
39.78
39.78
39.78
39.78
39.78
39.78
39.78
39.78
39.78
39.78
39.78
39.78
39.78
39.78
39.78
39.83
39.85
39.88
39.88
39.9
39.95
40.01
40.03
40.03
40.08
40.44
40.82
40.84
40.87
40.87
40.87
40.87
40.87
40.87
40.87
40.92
40.92
40.92
41.17
41.43
41.68
41.88
41.99
41.99
41.99
41.99
41.99
41.99
41.99
41.99
41.99
41.99
41.99
41.99
41.99
41.99
41.99
41.99
41.99
41.99
41.99
41.99
41.99
41.99
41.99
41.99
41.99
41.99
41.99
41.99
41.99
41.99
41.99
41.99
41.99
41.99
41.99
41.99
41.99
41.99
41.99
41.99
41.99
41.99
41.99
41.99
41.99
41.99
41.99
41.99
41.99
41.99
41.99
41.99
41.99
41.99
41.99
41.99
41.99
41.99
41.99
41.99
41.99
42.39
42.43
42.43
42.58
42.65
42.66
42.68
42.71
42.75
42.75
42.75
42.77
42.81
42.81
43.07
43.51
43.51
43.51
43.54
43.59
43.59
43.59
43.59
43.59
43.59
43.59
43.59
43.59
43.59
43.59
43.59
43.59
43.59
43.59
43.59
43.59
43.59
43.59
43.59
43.61
43.61
43.61
43.61
43.62
43.62
43.62
43.62
43.62
43.62
43.62
43.62
43.62
43.62
43.62
43.62
43.62
43.62
43.62
43.62
43.62
43.62
43.62
43.64
43.65
43.68
44.01
44.25
44.25
44.25
44.25
44.25
44.25
44.25
44.25
44.25
44.26
44.27
44.27
44.27
44.27
44.27
44.37
44.72
44.79
45.01
45.17
45.31
45.44
45.5
45.52
45.52
45.52
45.52
45.52
45.53
45.53
45.53
45.53
45.53
45.53
45.53
45.53
45.53
45.53
45.53
45.53
45.53
45.53
45.53
45.55
45.58
45.59
45.59
45.59
45.59
45.59
45.62
45.68
45.81
45.82
45.87
45.9
45.95
46.04
46.25
46.63
47.03
47.21
47.33
47.47
47.75
47.76
47.85
47.9
47.9
47.9
47.92
47.92
47.92
47.92
47.92
47.92
47.92
47.92
47.92
47.92
47.96
48.17
48.25
48.25
48.29
48.31
48.39
48.4
48.46
48.5
48.58
48.63
48.67
48.67
48.67
48.67
48.67
48.68
48.72
48.72
48.73
48.73
48.73
48.73
48.73
48.73
48.73
48.73
48.73
48.73
48.73
48.74
48.76
48.81
49.1
49.16
49.16
49.16
49.16
49.16
49.16
49.16
49.16
49.16
49.16
49.16
49.16
49.16
49.16
49.16
49.17
49.2
49.2
49.2
49.2
49.2
49.2
49.2
49.2
49.21
49.21
49.21
49.21
49.21
49.21
49.21
49.21
49.21
49.21
49.21
49.21
49.21
49.21
49.21
49.21
49.21
49.21
49.21
49.23
49.23
49.23
49.23
49.23
49.23
49.23
49.28
49.29
49.29
49.29
49.29
49.29
49.29
49.29
49.29
49.29
49.29
49.29
49.29
49.29
49.29
49.29
49.29
49.29
49.29
49.29
49.29
49.29
49.29
49.3
49.3
49.3
49.3
49.31
49.31
49.31
49.31
49.31
49.31
49.31
49.31
49.31
49.31
49.31
49.31
49.31
49.31
49.31
49.31
49.31
49.31
49.38
49.47
49.47
49.47
49.47
49.47
49.47
49.47
49.47
49.47
49.47
49.47
49.47
49.47
49.58
49.58
49.64
49.66
49.7
49.78
49.96
50.22
50.24
50.25
50.27
50.28
50.29
50.33
50.36
50.41
50.43
50.43
50.43
50.43
50.43
50.44
50.44
50.44
50.44
50.44
50.44
50.44
50.46
50.46
50.46
50.46
50.46
50.46
50.46
50.46
50.56
50.56
50.56
50.56
50.56
50.56
50.56
50.56
50.56
50.56
50.56
50.56
50.56
50.56
50.56
50.56
50.56
50.56
50.56
50.56
50.56
50.56
50.56
50.56
50.56
50.56
50.57
50.57
50.57
50.57
50.57
50.57
50.57
50.57
50.57
50.57
50.57
50.57
50.57
50.57
50.57
50.57
50.57
50.57
50.57
50.57
50.57
50.57
50.57
50.57
50.57
50.57
50.57
50.57
50.57
50.57
50.57
50.57
50.57
50.57
50.57
50.57
50.57
50.57
50.57
50.57
50.58
50.58
50.58
50.58
50.58
50.58
50.58
50.6
50.6
50.61
50.61
50.61
50.61
50.61
50.61
50.61
50.61
50.62
50.63
50.63
50.65
50.67
50.7
50.74
50.83
50.89
50.93
51.02
51.17
51.26
51.3
51.3
51.32
51.33
51.35
51.37
51.37
51.37
51.37
51.37
51.37
51.37
51.37
51.37
51.37
51.37
51.37
51.37
51.37
51.37
51.37
51.37
51.37
51.37
51.37
51.37
51.37
51.38
51.38
51.38
51.38
51.38
51.38
51.38
51.38
51.38
51.38
51.38
51.38
51.38
51.38
51.38
51.38
51.38
51.38
51.38
51.38
51.38
51.38
51.38
51.38
51.38
51.38
51.38
51.38
51.38
51.38
51.38
51.38
51.38
51.38
51.38
51.38
51.38
51.38
51.38
51.38
51.38
51.38
51.38
51.38
51.38
51.38
51.38
51.38
51.38
51.38
51.38
51.38
51.38
51.38
51.38
51.38
51.38
51.38
51.38
51.38
51.38
51.38
51.38
51.38
51.38
51.38
51.38
51.38
51.38
51.38
51.38
51.38
51.38
51.38
51.38
51.38
51.38
51.38
51.38
51.38
51.38
51.38
51.38
51.38
51.4
51.41
51.41
51.41
51.41
51.41
51.41
51.44
51.45
51.45
51.45
51.45
51.45
51.45
51.45
51.45
51.45
51.45
51.45
51.45
51.45
51.45
51.47
51.52
51.69
51.74
51.89
51.92
51.94
51.94
51.96
52.41
53.1
53.78
53.82
53.82
53.82
53.82
53.82
53.84
53.85
53.85
53.85
53.85
53.87
53.89
53.89
53.91
53.92
53.95
53.99
54.03
54.05
54.19
54.53
54.95
55.32
55.94
56.79
57.43
57.92
58.75
59.49
60.26
60.54
61.05
61.4
61.47
61.99
64.16
65.15
65.68
65.7
65.72
65.75
65.76
65.76
65.76
65.76
65.79
65.81
65.86
65.87
65.91
65.94
66.13
66.36
66.7
66.9
67.02
67.16
67.25
67.34
67.34
67.36
67.54
68.24
69.01
69.94
70.85
71.64
72.05
72.16
72.17
72.21
72.24
72.24
72.26
72.3
72.34
72.34
72.34
72.34
72.34
72.34
72.34
72.34
72.34
72.34
72.34
72.34
72.34
72.34
72.34
72.34
72.34
72.35
72.35
72.35
72.35
72.36
72.38
72.38
72.38
72.38
72.38
72.38
72.38
72.38
72.38
72.38
72.38
72.38
72.38
72.38
72.38
72.38
72.38
72.38
72.38
72.38
72.38
72.38
72.38
72.38
72.38
72.38
72.38
72.38
72.38
72.38
72.38
72.38
72.38
72.38
72.38
72.38
72.38
72.38
72.38
72.38
72.38
72.38
72.38
72.38
72.38
72.38
72.38
72.38
72.38
72.38
72.38
72.38
72.38
72.38
72.38
72.38
72.38
72.38
72.38
72.38
72.38
72.38
72.38
72.38
72.38
72.38
72.38
72.38
72.38
72.38
72.38
72.38
72.38
72.38
72.38
72.38
72.38
72.38
72.38
72.38
72.38
72.38
72.38
72.38
72.38
72.38
72.38
72.38
72.38
72.38
72.38
72.38
72.38
72.38
72.38
72.38
72.38
72.38
72.38
72.38
72.38
72.38
72.38
72.38
72.38
72.38
72.38
72.38
72.38
72.38
72.38
72.38
72.38
72.38
72.38
72.38
72.38
72.38
72.38
72.38
72.38
72.38
72.38
72.38
72.38
72.38
72.38
72.38
72.38
72.38
72.38
72.38
72.38
72.38
72.38
72.38
72.38
72.38
72.38
72.43
72.53
72.53
72.53
72.53
72.53
72.53
72.53
72.53
72.53
72.53
72.53
72.53
72.53
72.56
72.56
72.56
72.56
72.56
72.56
72.56
72.56
72.56
72.56
72.56
72.56
72.56
72.56
72.56
72.56
72.56
72.56
72.56
72.58
72.63
72.66
72.86
73.49
74.03
76.8
78.4
79.77
81.29
83.58
86.12
87.9
88.15
88.66
88.91
88.91
88.91
88.91
89.04
89.04
89.04
89.04
89.09
90.69
95.26
96.79
97.65
98.56
98.82
98.82
99.33
99.58
99.58
99.83
100.09
100.34
100.39
100.6
101.36
101.61
101.61
101.61
102.76
103.49
103.52
103.75
103.9
103.9
103.9
103.9
103.9
103.9
103.9
103.9
103.9
103.9
104.15
104.28
104.28
104.28
104.28
104.28
104.28
104.28
104.28
104.28
104.28
104.28
104.28
104.28
104.28
104.28
104.28
104.28
104.41
104.41
104.41
104.41
104.41
104.41
104.41
104.41
104.41
104.41
104.66
104.69
104.79
104.79
104.79
104.79
104.79
104.79
104.79
104.79
104.79
104.84
104.91
105.42
106.18
107.38
107.61
107.61
107.61
107.73
107.99
107.99
107.99
107.99
108.14
108.29
108.37
108.37
108.37
108.37
108.88
109.44
109.99
111.77
113.55
114.06
114.87
115.91
116.04
116.04
116.04
116.04
116.04
116.04
116.04
116.14
116.29
116.29
116.29
116.29
116.29
116.29
116.29
116.29
116.29
116.29
116.29
116.29
116.29
116.29
116.29
116.29
116.29
116.29
116.29
116.29
116.29
116.29
116.29
116.29
116.29
116.29
116.29
116.29
116.75
117.26
117.41
117.49
117.67
118
118.25
118.38
118.38
118.38
118.5
118.5
118.5
118.5
118.5
118.5
118.5
118.5
118.5
118.5
118.5
118.5
118.5
118.58
118.58
118.61
118.63
118.63
118.63
118.63
118.63
118.63
118.63
118.63
118.63
118.63
118.63
118.63
118.63
118.63
118.63
118.63
118.63
118.63
118.63
118.63
118.63
118.63
118.63
118.63
118.63
118.63
118.63
118.63
118.63
118.63
118.63
118.63
118.63
118.63
118.63
118.63
118.63
118.63
118.63
118.63
118.63
118.63
118.63
118.63
118.63
118.63
118.63
118.63
118.63
118.63
118.63
118.63
118.63
118.63
118.63
118.63
118.63
118.63
118.63
118.63
118.63
118.63
118.63
118.63
118.63
118.63
118.63
118.63
118.63
118.63
118.63
118.63
118.63
118.63
118.83
118.83
118.83
118.83
119.01
119.01
119.01
119.01
119.01
119.01
119.01
119.14
119.29
119.29
119.29
119.29
119.29
119.37
119.42
119.42
119.42
119.42
119.42
119.42
119.42
119.42
119.42
119.42
119.42
119.42
119.42
119.42
119.98
120.41
121.42
121.86
122.42
122.42
122.42
122.42
122.52
122.57
122.57
122.62
122.64
122.64
122.64
122.64
122.64
122.64
122.64
122.64
122.77
122.8
123.2
123.2
123.71
124.22
124.47
125.13
125.36
125.36
125.36
125.36
125.49
125.49
125.49
125.49
125.49
125.49
125.49
125.49
125.49
125.49
125.49
125.49
125.49
125.49
125.49
125.49
125.49
125.49
125.49
125.49
125.49
125.49
125.49
125.49
125.49
125.49
125.49
125.49
125.49
125.49
125.49
125.49
125.49
125.49
125.49
125.49
125.49
125.49
125.49
125.49
125.49
125.49
125.56
125.62
125.62
125.62
125.74
126.25
129.04
131.58
132.85
132.85
132.85
132.85
132.85
135.9
136.03
136.03
136.03
136.03
136.16
136.41
136.56
137.02
137.02
137.02
137.02
137.02
137.02
137.02
137.02
137.02
137.02
137.02
137.02
137.15
137.15
137.15
137.15
137.15
137.15
137.15
137.15
137.15
137.15
137.15
137.15
137.15
137.15
137.15
137.15
137.15
137.15
137.15
137.15
137.15
137.15
137.15
137.15
137.15
137.15
137.15
137.15
137.15
137.15
137.15
137.15
137.15
137.15
137.15
137.15
137.15
137.15
137.15
137.15
137.15
137.15
137.15
137.15
137.15
137.15
137.15
137.15
137.15
137.15
137.15
137.15
137.15
137.15
137.15
137.15
137.15
137.15
137.15
137.15
137.15
137.15
137.15
137.15
137.15
137.15
137.15
137.15
137.15
137.15
137.15
137.15
137.15
137.15
137.15
137.15
137.15
137.15
137.15
137.15
137.15
137.15
137.15
137.15
137.15
137.2
137.25
137.27
137.27
137.3
137.33
137.33
137.43
137.83
138.06
138.09
138.09
138.09
138.09
138.09
138.09
138.09
138.09
138.11
138.11
138.11
138.26
138.26
138.26
138.29
138.32
138.32
138.32
138.32
138.32
138.32
138.32
138.32
138.32
138.32
138.34
138.34
138.34
138.34
138.34
138.34
138.34
138.34
138.34
138.34
138.34
138.34
138.34
138.34
138.34
138.34
138.34
138.34
138.34
138.34
138.34
138.34
138.34
138.34
138.34
138.37
138.57
138.57
138.6
138.6
138.62
138.9
140.27
141.16
142.07
143.24
144.56
144.77
144.77
144.77
144.77
144.79
144.79
144.79
144.79
144.79
144.79
144.79
144.82
144.82
144.82
144.82
144.82
144.82
144.82
144.82
144.82
144.82
144.82
144.82
144.82
144.82
144.82
144.82
144.82
144.82
144.82
144.82
144.82
144.82
144.82
144.82
144.82
144.82
144.82
144.82
144.82
144.82
144.82
144.82
144.82
144.84
144.84
144.89
145.1
146.14
146.7
147.05
147.31
147.43
147.51
147.82
149.62
151.73
152.67
153.48
153.56
153.68
153.81
154.09
154.09
154.09
154.09
154.14
154.27
154.27
154.27
154.27
154.27
154.27
154.27
154.27
154.27
154.27
154.27
154.27
154.27
154.27
154.27
154.27
154.27
154.27
154.27
154.27
154.27
154.27
154.27
154.27
154.27
154.27
154.27
154.32
154.44
154.44
154.44
154.44
154.44
154.44
154.44
154.44
154.44
154.44
154.44
154.44
154.44
154.44
154.44
154.44
154.44
154.44
154.44
154.44
154.44
154.44
154.44
154.44
154.44
154.44
154.44
154.44
154.44
154.44
154.44
154.44
154.44
154.44
154.44
154.44
154.44
154.44
154.44
154.44
154.44
154.44
154.44
154.44
154.44
154.44
154.44
154.44
154.44
154.44
154.47
154.47
154.47
154.5
154.62
154.62
154.7
154.77
155.74
159.4
160.39
160.41
160.46
160.46
160.46
160.49
160.52
160.57
160.57
160.57
160.57
160.57
160.57
160.57
160.57
160.57
160.57
160.57
160.57
160.57
160.57
160.57
160.57
160.57
160.57
160.57
160.57
160.57
160.57
160.57
160.57
160.57
160.57
160.57
160.57
160.57
160.57
160.57
160.57
160.57
160.57
160.57
160.57
160.57
160.57
160.57
160.57
160.57
160.57
160.57
160.57
160.57
160.57
160.57
160.57
160.57
160.57
160.57
160.57
160.57
160.57
160.57
160.57
160.57
160.57
160.57
160.57
160.57
160.57
160.57
160.57
160.57
160.57
160.57
160.57
160.57
160.57
160.57
160.57
160.57
160.57
160.57
160.57
160.57
160.57
160.57
160.57
160.57
160.57
160.57
160.57
160.57
160.57
160.57
160.57
160.57
160.57
160.57
160.57
160.57
160.57
160.57
160.57
160.57
160.57
160.57
160.57
160.57
160.57
160.57
160.57
160.57
160.57
160.57
160.59
160.62
160.64
160.67
160.79
160.85
160.87
160.87
160.87
160.87
160.9
160.9
160.9
160.95
160.95
160.95
160.95
160.95
160.95
160.95
160.95
160.95
160.95
160.95
160.95
160.95
160.95
160.95
160.95
160.95
160.95
160.95
160.95
160.95
160.95
160.95
160.95
160.95
160.95
160.97
161.02
161.02
161.02
161.02
161.02
161.02
161.02
161.02
161.02
161.02
161.02
161.02
161.02
161.02
161.02
161.02
161.02
161.02
161.02
161.02
161.02
161.02
161.02
161.02
161.02
161.02
161.02
161.02
161.02
161.02
161.02
161.02
161.02
161.02
161.02
161.02
161.02
161.02
161.02
161.02
161.02
161.02
161.02
161.02
161.02
161.02
161.02
161.02
161.02
161.02
161.02
161.02
161.02
161.1
161.2
161.2
161.2
161.2
161.2
161.2
161.2
161.2
161.2
161.2
161.2
161.2
161.2
161.2
161.2
161.2
161.2
161.2
161.2
161.2
161.2
161.2
161.2
161.2
161.2
161.2
161.2
161.2
161.2
161.2
161.2
161.2
161.2
161.2
161.2
161.2
161.2
161.2
161.2
161.2
161.2
161.2
161.2
161.38
161.46
161.46
161.46
161.46
161.46
161.46
161.46
161.46
161.46
161.46
161.46
161.46
161.46
161.46
161.46
161.46
161.46
161.46
161.46
161.46
161.46
161.46
161.46
161.46
161.46
161.46
161.46
161.46
161.46
161.46
161.46
161.46
161.46
161.46
161.46
161.46
161.46
161.46
161.46
161.46
161.46
161.46
161.46
161.46
161.46
161.46
161.46
161.46
161.46
161.46
161.46
161.46
161.46
161.46
161.46
161.46
161.46
161.51
161.53
161.53
161.53
161.53
161.53
161.53
161.53
161.53
161.53
161.53
161.53
161.53
161.53
161.53
161.53
161.53
161.53
161.53
161.53
161.53
161.53
161.53
161.53
161.53
161.56
161.63
161.63
161.63
161.63
161.63
161.63
161.63
161.63
161.63
161.63
161.63
161.73
161.73
161.79
161.86
161.86
162.37
162.37
162.37
162.37
162.37
162.37
162.37
162.37
162.37
162.37
162.37
162.37
162.37
162.37
162.37
162.37
162.37
162.37
162.37
162.37
162.37
162.37
162.37
162.37
162.37
162.37
162.37
162.37
162.37
162.37
162.37
162.37
162.37
162.37
162.37
162.37
162.37
162.37
162.37
162.37
162.37
162.37
162.37
162.37
162.39
162.42
162.42
162.47
162.5
162.52
162.55
162.6
162.85
163.18
163.31
163.31
163.46
163.59
164.07
164.76
165.65
166.61
167.81
168.77
168.8
168.8
168.82
168.95
171.92
171.92
171.92
171.92
171.92
171.92
171.92
171.92
171.92
171.92
171.93
171.93
171.95
171.95
171.95
171.95
171.96
171.96
171.99
172.01
172.03
172.03
172.04
172.04
172.04
172.04
172.04
172.04
172.04
172.04
172.04
172.04
172.05
172.05
172.05
172.05
172.05
172.08
172.11
172.12
172.12
172.12
172.12
172.12
172.12
172.12
172.14
172.14
172.15
172.15
172.15
172.15
172.15
172.15
172.15
172.15
172.15
172.15
172.15
172.15
172.15
172.15
172.15
172.15
172.15
172.15
172.15
172.15
172.15
172.15
172.16
172.16
172.16
172.16
172.16
172.16
172.16
172.16
172.16
172.16
172.16
172.16
172.16
172.19
172.36
173.93
174.32
174.49
174.83
177.29
181.05
182.35
182.45
182.53
182.57
182.61
182.61
182.61
182.61
182.61
182.65
182.66
182.9
183.36
183.69
183.73
183.73
183.74
183.74
183.75
183.78
183.78
183.78
183.79
183.79
183.81
183.81
183.82
183.83
183.83
183.86
183.86
183.86
183.86
183.86
183.86
183.86
183.86
183.86
183.86
183.86
183.86
183.89
183.9
183.93
183.94
183.97
183.97
183.97
184
184
184.02
184.02
184.39
188.48
188.68
188.76
188.76
188.81
188.84
188.84
188.84
188.89
188.89
188.89
188.89
188.89
188.91
188.99
189.01
189.04
189.04
189.04
189.04
189.04
189.04
189.04
189.04
189.04
189.04
189.04
189.04
189.04
189.04
189.04
189.04
189.04
189.04
189.04
189.04
189.04
189.04
189.04
189.04
189.04
189.04
189.09
189.09
189.09
189.09
189.09
189.09
189.09
189.09
189.09
189.09
189.09
189.09
189.09
189.17
189.4
189.42
189.42
189.42
189.42
189.42
189.42
189.42
189.42
189.42
189.42
189.42
189.5
189.65
189.67
189.78
189.83
189.83
190
190.16
194.12
194.78
195.16
195.16
195.16
195.21
195.21
195.21
195.21
195.21
195.21
195.24
195.24
195.24
195.24
195.24
195.24
195.24
195.24
195.24
195.24
195.24
195.24
195.24
195.24
195.24
195.24
195.24
195.24
195.24
195.24
195.24
195.24
195.24
195.24
195.24
195.24
195.24
195.24
195.24
195.39
195.47
195.47
195.47
195.92
198.62
199.4
199.4
199.68
199.86
199.91
199.91
199.91
199.91
199.94
199.94
199.94
199.96
199.96
199.96
199.96
199.96
199.96
199.96
199.96
199.96
199.96
199.96
199.96
199.96
199.99
199.99
200.04
200.04
200.09
200.09
200.09
200.14
200.16
200.19
200.19
200.19
200.19
200.19
200.19
200.22
200.22
200.22
200.22
200.29
200.49
200.72
200.72
201.46
201.46
201.61
201.61
201.61
201.61
201.61
201.61
201.61
201.61
201.61
201.61
201.61
201.61
201.61
201.61
201.61
201.61
201.61
201.61
201.61
201.66
201.76
201.76
201.76
201.76
201.76
201.76
201.76
201.76
201.76
201.76
201.76
201.76
201.76
201.76
201.76
201.76
201.76
201.76
201.76
201.76
201.76
201.76
201.76
201.76
201.76
201.76
201.76
201.76
201.76
201.76
201.76
201.76
201.76
201.76
201.76
201.87
201.89
201.94
201.94
201.94
201.94
201.94
201.94
201.94
201.94
201.94
201.94
201.94
201.94
202.02
202.02
202.02
202.02
202.02
202.02
202.02
202.02
202.02
202.02
202.02
202.04
202.04
202.04
202.04
202.04
202.04
202.04
202.04
202.04
202.04
202.04
202.04
202.04
202.04
202.04
202.04
202.04
202.04
202.04
202.04
202.04
202.04
202.04
202.04
202.04
202.04
202.04
202.04
202.04
202.04
202.04
202.04
202.04
202.04
202.04
202.04
202.04
202.12
202.15
202.15
202.15
202.15
202.15
202.15
202.15
202.15
202.15
202.15
202.15
202.15
202.15
202.15
202.15
202.15
202.15
202.15
202.15
202.15
202.15
202.15
202.2
202.3
202.3
202.3
202.3
202.35
202.45
202.45
202.45
202.45
202.45
202.45
202.45
202.45
202.45
202.45
202.45
202.45
202.45
202.48
202.5
202.5
202.5
202.5
202.5
202.5
202.5
202.5
202.5
202.5
202.5
202.5
202.5
202.5
202.5
202.5
202.5
202.5
202.5
202.5
202.5
202.5
202.5
202.5
202.53
202.55
202.55
202.55
202.55
202.55
202.55
202.55
202.55
202.55
202.55
202.55
202.55
202.55
202.55
202.55
202.55
202.55
202.55
202.55
202.55
202.55
202.55
202.55
202.55
202.55
202.55
202.55
202.55
202.55
202.55
202.55
202.6
202.63
202.65
202.68
202.68
202.68
202.7
202.78
202.81
202.81
202.81
202.81
202.81
202.81
202.81
202.81
202.81
202.81
202.81
202.81
202.81
202.81
202.81
202.81
202.81
202.81
202.81
202.81
202.81
202.81
202.81
202.81
202.81
202.81
202.81
202.81
202.81
202.81
202.81
202.81
202.81
202.81
202.81
202.81
202.81
202.81
202.81
202.81
202.81
202.81
202.81
202.81
202.81
202.81
202.81
202.81
202.81
202.81
202.81
202.81
202.81
202.81
202.83
202.83
202.83
202.93
203.11
203.11
203.11
203.11
203.16
203.19
203.19
203.21
203.26
203.49
204.3
205.85
205.88
205.88
205.88
205.91
205.91
206.01
206.26
212.03
212.03
212.03
212.03
212.03
212.03
212.03
212.03
212.03
212.03
212.03
212.03
212.03
212.03
212.03
212.03
212.03
212.03
212.03
212.03
212.03
212.03
212.03
212.03
212.03
212.03
212.03
212.03
212.03
212.03
212.03
212.03
212.03
212.03
212.03
212.03
212.03
212.03
212.03
212.03
212.03
213.04
213.04
214.06
214.06
214.06
214.06
214.06
214.06
214.06
214.06
214.06
214.06
214.06
214.06
214.06
214.06
214.06
214.06
214.06
214.06
214.06
214.06
214.06
214.06
214.06
214.06
214.06
214.06
214.06
214.06
214.06
214.06
214.06
214.06
214.06
214.06
214.06
214.06
214.06
214.06
214.06
214.06
214.06
214.06
214.06
214.06
214.06
214.06
214.06
214.06
214.06
214.06
214.06
214.06
214.06
214.06
214.06
214.06
214.06
214.06
216.09
216.09
217.07
219.82
219.82
219.82
219.82
219.82
219.82
219.82
219.82
219.82
219.82
219.82
219.82
219.82
219.97
220.17
220.48
220.89
221.09
221.09
221.09
221.13
221.22
221.29
221.6
222.11
222.16
222.16
222.17
222.27
222.38
222.4
222.41
222.61
222.92
222.92
223.18
223.53
223.83
223.93
224.04
226.83
232.52
232.83
232.91
232.98
233.24
233.31
233.34
233.41
233.41
233.44
233.85
234.61
234.66
234.66
234.66
234.66
234.68
234.68
234.71
234.71
234.71
234.73
234.73
234.73
234.73
234.73
234.73
234.73
234.73
234.73
234.73
234.73
234.73
234.73
234.73
234.73
234.73
234.73
234.73
234.73
234.73
234.73
234.73
234.73
234.73
234.73
234.73
234.73
234.73
234.73
234.73
234.73
234.73
234.73
234.73
234.73
234.73
234.73
234.73
234.73
234.73
234.73
234.73
234.73
234.73
234.73
234.73
234.73
234.73
234.73
234.73
234.73
234.73
234.73
234.73
234.73
234.73
234.73
234.73
234.73
234.73
234.73
234.73
234.73
234.76
234.76
234.76
234.76
234.76
234.76
234.76
234.76
234.76
234.76
234.76
234.76
234.76
234.76
234.76
234.76
234.76
234.76
234.76
234.76
234.76
234.76
234.81
234.81
234.81
234.81
234.81
234.81
234.81
234.81
234.81
234.81
234.81
234.81
234.81
234.81
234.81
234.81
234.81
235.01
236.28
237.02
237.35
237.73
237.73
237.73
237.73
237.73
237.73
237.73
237.73
237.73
237.73
237.73
237.73
237.73
237.73
237.73
237.73
237.73
237.76
237.78
237.78
237.91
238.29
238.29
238.29
238.59
238.59
238.59
238.59
238.67
238.67
238.67
238.67
238.67
238.67
238.67
238.67
238.67
238.67
238.67
238.67
238.67
238.67
238.67
238.67
238.67
238.67
238.67
238.67
238.67
238.67
238.67
238.67
238.67
238.67
238.67
238.67
238.67
238.67
238.67
238.67
238.67
238.67
238.67
238.67
238.67
238.67
238.67
238.67
238.67
238.67
238.67
238.75
238.75
238.75
238.75
238.75
238.75
238.75
238.75
238.75
238.75
238.75
238.75
238.75
238.75
238.75
238.75
238.75
238.75
238.75
238.75
238.75
238.75
238.75
238.75
238.75
238.75
238.75
238.75
238.75
238.75
238.75
238.75
238.75
238.75
238.75
238.75
238.75
238.75
238.75
238.75
238.75
238.75
238.75
238.75
238.75
238.75
238.75
238.75
238.75
238.75
238.75
238.75
238.75
238.75
238.75
238.75
238.75
238.75
238.75
238.75
238.75
238.75
238.75
238.75
238.75
238.75
238.75
238.75
238.75
238.75
238.75
238.75
238.75
238.75
238.75
238.75
238.75
238.75
238.75
238.75
238.75
238.75
238.75
238.75
238.75
238.75
238.75
238.75
238.75
238.75
238.75
238.75
238.75
238.75
238.75
238.75
238.75
238.75
238.75
238.75
238.75
238.75
238.75
238.75
238.75
238.75
238.75
238.75
238.75
238.75
238.75
238.75
238.75
238.75
238.75
238.75
238.75
238.75
238.75
238.75
238.75
238.75
238.75
238.75
238.75
238.75
238.75
238.75
238.75
238.75
238.75
238.75
238.75
238.75
238.75
238.75
238.75
238.75
238.75
238.75
238.75
238.75
238.75
238.75
238.75
238.75
238.75
238.75
238.75
238.75
238.75
238.75
238.75
238.75
238.75
238.75
238.75
238.75
238.75
238.75
238.75
238.75
238.75
238.75
238.75
238.75
238.75
238.75
238.75
238.75
238.75
238.75
238.75
238.75
238.75
238.75
238.75
238.75
238.75
238.75
238.75
238.75
238.75
238.75
238.75
238.75
238.75
238.75
238.75
238.75
238.75
238.75
238.75
238.75
238.75
238.75
238.75
238.75
238.75
238.75
238.75
238.75
238.75
238.75
238.75
238.75
238.75
238.75
238.75
238.75
238.75
238.75
238.75
238.75
238.75
238.75
238.75
238.75
238.75
238.75
238.75
238.75
238.75
238.75
238.75
238.75
238.75
238.75
238.75
238.75
238.75
238.75
238.75
238.75
238.75
238.75
238.75
238.75
238.75
238.75
238.75
238.75
238.75
238.75
238.75
238.75
238.75
238.75
238.75
238.75
238.75
238.75
238.75
238.75
238.75
238.75
238.75
238.75
238.75
238.75
238.75
238.75
238.75
238.75
238.75
238.75
238.75
238.75
238.75
238.75
238.75
238.75
238.75
238.75
238.75
238.75
238.75
238.75
238.75
238.75
238.75
238.75
238.75
238.75
238.75
238.75
238.75
238.75
238.75
238.75
238.75
238.75
238.75
238.75
238.75
238.75
238.75
238.75
238.75
238.75
238.75
238.75
238.75
238.75
238.75
238.75
238.75
238.75
238.75
238.75
238.75
238.75
238.75
238.75
238.75
238.75
238.75
238.75
238.75
238.75
238.75
238.75
238.75
238.75
238.75
238.75
238.75
238.75
238.75
238.75
238.75
238.75
238.75
238.75
238.75
238.75
238.75
238.75
238.75
238.75
238.75
238.75
238.75
238.75
238.75
238.75
238.75
238.75
238.75
238.75
238.75
238.75
238.75
238.75
238.75
238.75
238.75
238.75
238.75
238.75
238.75
238.75
238.75
238.75
238.75
238.75
238.75
238.75
238.75
238.75
238.75
238.75
238.75
238.75
238.75
238.75
238.75
238.75
238.75
238.75
238.75
238.75
238.75
238.75
238.75
238.75
238.75
238.75
238.75
238.75
238.75
238.75
238.75
238.75
238.75
239.03
239.03
239.03
239.03
239.03
239.13
239.13
239.13
239.13
239.13
239.13
239.13
239.13
239.13
239.13
239.13
239.13
239.13
239.13
239.13
239.13
239.13
239.13
239.13
239.13
239.13
239.13
239.13
239.13
239.13
239.13
239.13
239.13
239.13
239.13
239.13
239.13
239.13
239.13
239.13
239.13
239.13
239.13
239.13
239.13
239.13
239.13
239.13
239.13
239.13
239.13
239.13
239.13
239.13
239.13
239.13
239.13
239.13
239.13
239.13
239.13
239.13
239.13
239.13
239.13
239.13
239.13
239.13
239.13
239.13
239.13
239.13
239.13
239.13
239.13
239.13
239.13
239.13
239.13
239.13
239.13
239.13
239.13
239.13
239.13
239.13
239.13
239.13
239.13
239.13
239.13
239.13
239.13
239.13
239.13
239.13
239.13
239.13
239.13
239.13
239.13
239.13
239.13
239.13
239.13
239.13
239.13
239.13
239.13
239.13
239.13
239.13
239.13
239.13
239.13
239.13
239.13
239.13
239.13
239.13
239.13
239.13
239.13
239.13
239.13
239.13
239.13
239.13
239.13
239.13
239.13
239.13
239.13
239.13
239.13
239.33
239.41
239.46
239.51
240.17
240.7
240.7
240.7
240.7
240.7
240.7
240.7
240.7
240.7
240.7
240.7
240.7
240.7
240.7
240.7
240.7
240.7
240.7
240.7
240.73
240.75
240.78
240.8
240.83
240.83
240.86
240.86
240.88
240.91
240.96
241.03
241.19
241.34
241.41
241.85
242.2
242.28
243.12
243.34
243.45
243.57
243.62
243.62
243.62
243.62
243.62
243.65
243.67
243.88
243.98
243.98
243.98
243.98
243.98
243.98
243.98
243.98
243.98
243.98
243.98
243.98
244.01
244.08
244.08
244.11
244.11
244.44
244.44
244.44
244.44
244.44
244.44
244.44
244.44
244.44
244.44
244.44
244.44
244.44
244.44
244.44
244.44
244.44
244.44
244.44
244.44
244.44
244.44
244.44
244.44
244.44
244.44
244.44
244.44
244.44
244.44
244.44
244.44
244.44
244.44
244.44
244.44
244.44
244.44
244.44
244.44
244.44
244.44
244.61
244.61
244.61
244.61
244.61
244.61
244.61
244.61
244.61
244.61
244.61
244.64
244.64
244.64
244.64
244.64
244.64
244.64
244.64
244.64
244.64
244.64
244.64
244.64
244.64
244.64
244.64
244.64
244.64
244.64
244.64
244.64
244.64
244.64
244.64
244.64
244.64
244.64
244.64
244.64
244.64
244.64
244.64
244.64
244.64
244.64
244.64
244.64
244.64
244.64
244.64
244.64
244.64
244.64
244.64
244.64
244.64
244.64
244.64
244.64
244.64
244.64
244.64
244.64
244.64
244.64
244.64
244.64
244.64
244.64
244.64
244.64
244.64
244.64
244.64
244.64
244.64
244.64
244.64
244.64
244.64
244.64
244.64
244.64
244.64
244.64
244.64
244.64
244.64
244.64
244.64
244.64
244.64
244.64
244.64
244.64
244.64
244.64
244.64
244.64
244.64
244.64
244.69
244.69
244.69
244.69
244.69
244.69
244.69
244.69
244.69
244.69
244.69
244.69
244.69
244.69
244.69
244.69
244.69
244.69
244.69
244.69
244.69
244.69
244.69
244.69
244.69
244.69
244.69
244.69
244.69
244.69
244.69
244.69
244.69
244.69
244.69
244.69
244.69
244.69
244.69
244.69
244.69
244.69
244.69
244.69
244.69
244.69
244.69
244.69
244.69
244.69
244.69
244.69
244.69
244.69
244.69
244.69
244.69
244.69
244.69
244.69
244.69
244.69
244.69
244.69
244.69
244.69
244.69
244.69
244.69
244.69
244.69
244.69
244.69
244.69
244.69
244.69
244.69
244.69
244.69
244.69
244.69
244.69
244.69
244.69
244.69
244.69
244.69
244.69
244.69
244.69
244.69
244.69
244.69
244.69
244.69
244.69
244.69
244.69
244.69
244.69
244.69
244.69
244.69
244.69
244.69
244.69
244.69
244.69
244.69
244.69
244.69
244.69
244.69
244.69
244.69
244.69
244.69
244.69
244.69
244.69
244.69
244.69
244.69
244.69
244.69
244.69
244.69
244.69
244.69
244.69
244.69
244.69
244.69
244.69
244.69
244.69
244.69
244.69
244.69
244.69
244.69
244.69
244.69
244.69
244.69
244.69
244.69
244.69
244.69
244.69
244.69
244.69
244.69
244.69
244.69
244.69
244.69
244.69
244.69
244.69
244.69
244.69
244.69
244.69
244.69
244.69
244.69
244.69
244.69
244.69
244.69
244.69
244.69
244.69
244.69
244.69
244.69
244.69
244.69
244.69
244.69
244.69
244.69
244.69
244.69
244.69
244.69
244.69
244.69
244.69
244.69
244.69
244.69
244.69
244.69
244.69
244.69
244.69
244.69
244.69
244.69
244.69
244.69
244.69
244.69
244.69
244.69
244.69
244.69
244.69
244.69
244.69
244.69
244.69
244.69
244.69
244.69
244.69
244.69
244.69
244.69
244.69
244.69
244.69
244.69
244.69
244.69
244.69
244.69
244.69
244.69
244.69
244.69
244.69
244.69
244.69
244.69
244.69
244.69
244.69
244.69
244.69
244.69
244.69
244.69
244.69
244.69
244.69
244.69
244.69
244.69
244.69
244.69
244.69
244.69
244.69
244.69
244.69
244.69
244.69
244.69
244.69
244.69
244.69
244.69
244.69
244.69
244.69
244.69
244.69
244.69
244.69
244.69
244.69
244.69
244.69
244.69
244.69
244.69
244.69
244.69
244.69
244.69
244.69
244.69
244.69
244.69
244.69
244.69
244.69
244.69
244.69
244.69
244.69
244.69
244.69
244.69
244.69
244.69
244.69
244.69
244.69
244.69
244.69
244.69
244.69
244.69
244.69
244.69
244.69
244.69
244.69
244.69
244.69
244.69
244.69
244.69
244.69
244.69
244.69
244.69
244.69
244.69
244.69
244.69
244.69
244.69
244.69
244.69
244.69
244.69
244.69
244.69
244.69
244.69
244.69
244.69
244.69
244.69
244.69
244.69
244.69
244.69
244.69
244.69
244.69
244.69
244.69
244.69
244.69
244.69
244.69
244.69
244.69
244.69
244.69
244.69
244.69
244.69
244.69
244.69
244.69
244.69
244.69
244.69
244.69
244.69
244.69
244.69
244.69
244.69
244.69
244.69
244.69
244.69
244.69
244.69
244.69
244.69
244.69
244.69
244.69
244.69
244.69
244.69
244.69
244.69
244.69
244.69
244.69
244.69
244.69
244.69
244.69
244.69
244.69
244.69
244.69
244.69
244.69
244.69
244.69
244.69
244.69
244.69
244.69
244.69
244.69
244.69
244.69
244.69
244.69
244.69
244.69
244.69
244.69
244.69
244.69
244.69
244.69
244.69
244.69
244.69
244.69
244.69
244.69
244.69
244.69
244.69
244.69
244.69
244.69
244.69
244.69
244.69
244.69
244.69
244.69
244.69
244.69
244.69
244.69
244.69
244.69
244.69
244.69
244.69
244.69
244.69
244.69
244.69
244.69
244.69
244.69
244.69
244.69
244.69
244.69
244.69
244.69
244.69
244.69
244.69
244.69
244.69
244.69
244.69
244.69
244.69
244.69
244.69
244.69
244.69
244.69
244.69
244.69
244.69
244.69
244.69
244.69
244.69
244.69
244.69
244.69
244.69
244.69
244.69
244.69
244.69
244.69
244.69
244.69
244.69
244.69
244.69
244.69
244.69
244.69
244.69
244.69
244.69
244.69
244.69
244.69
244.69
244.69
244.69
244.69
244.69
244.69
244.69
244.69
244.69
244.69
244.69
244.69
244.69
244.69
244.69
244.69
244.69
244.69
244.69
244.69
244.69
244.69
244.69
244.69
244.69
244.69
244.69
244.69
244.69
244.69
244.69
244.69
244.69
244.69
244.69
244.69
244.69
244.69
244.69
244.69
244.69
244.69
244.69
244.69
244.69
244.69
244.69
244.69
244.69
244.69
244.69
244.69
244.69
244.69
244.69
244.69
244.69
244.69
244.69
244.69
244.69
244.69
244.69
244.69
244.69
244.69
244.69
244.69
244.69
244.69
244.69
244.69
244.69
244.69
244.69
244.69
244.69
244.69
244.69
244.69
244.69
244.69
244.69
244.69
244.69
244.69
244.69
244.69
244.69
244.69
244.69
244.69
244.69
244.69
244.69
244.69
244.69
244.69
244.69
244.69
244.69
244.69
244.69
244.69
244.69
244.69
244.69
244.69
244.69
244.69
244.69
244.69
244.69
244.69
244.69
244.69
244.69
244.69
244.69
244.69
244.69
244.69
244.69
244.69
244.69
244.69
244.69
244.69
244.69
244.69
244.69
244.69
244.69
244.69
244.69
244.69
244.69
244.69
244.69
244.69
244.69
244.69
244.69
244.69
244.69
244.69
244.69
244.69
244.69
244.69
244.69
244.69
244.69
244.69
244.69
244.69
244.69
244.69
244.69
244.69
244.69
244.69
244.69
244.69
244.69
244.69
244.69
244.69
244.69
244.69
244.69
244.69
244.69
244.69
244.69
244.69
244.69
244.69
244.69
244.69
244.69
244.69
244.69
244.69
244.69
244.69
244.69
244.69
244.69
244.69
244.69
244.69
244.69
244.69
244.69
244.69
244.69
244.69
244.69
244.69
244.69
244.69
244.69
244.69
244.69
244.69
244.69
244.69
244.69
244.69
244.69
244.69
244.69
244.69
244.69
244.69
244.69
244.69
244.69
244.69
244.69
244.69
244.69
244.69
244.69
244.69
244.69
244.69
244.69
244.69
244.69
244.69
244.69
244.69
244.69
244.69
244.69
244.69
244.69
244.69
244.69
244.69
244.69
244.69
244.69
244.69
244.69
244.69
244.69
244.69
244.69
244.69
244.69
244.69
244.69
244.69
244.69
244.69
244.69
244.69
244.69
244.69
244.69
244.69
244.69
244.69
244.69
244.69
244.69
244.69
244.69
244.69
244.69
244.69
244.69
244.69
244.74
244.77
244.77
244.77
244.77
244.77
244.77
244.77
244.77
244.77
244.77
244.77
244.77
244.77
244.77
244.77
244.77
244.77
244.77
244.77
244.77
244.77
244.77
244.77
244.77
244.77
244.77
244.77
244.77
244.77
244.77
244.77
244.77
244.77
244.77
244.77
244.77
244.77
244.77
244.77
244.77
244.77
244.77
244.77
244.77
244.77
244.77
244.77
244.77
244.77
244.77
244.77
244.77
244.77
244.77
244.77
244.77
244.77
244.77
244.77
244.77
244.77
244.77
244.77
244.77
244.77
244.77
244.77
244.77
244.77
244.77
244.77
244.77
244.77
244.77
244.77
244.77
244.77
244.77
244.77
244.77
244.77
244.77
244.77
244.77
244.77
244.77
244.77
244.77
244.77
244.77
244.77
244.77
244.77
244.77
244.77
244.77
244.77
244.77
244.77
244.77
244.77
244.77
244.77
244.77
244.77
244.77
244.77
244.77
244.77
244.77
244.77
244.77
244.77
244.77
244.77
244.77
244.77
244.77
244.77
244.77
244.77
244.77
244.77
244.77
244.77
244.77
244.77
244.77
244.77
244.77
244.77
244.77
244.77
244.77
244.77
244.77
244.77
244.77
244.77
244.77
244.77
244.77
244.77
244.77
244.77
244.77
244.77
244.77
244.77
244.77
244.77
244.77
244.77
244.77
244.77
244.77
244.77
244.77
244.77
244.77
244.77
244.77
244.77
244.77
244.77
244.77
244.77
244.77
244.77
244.77
244.77
244.77
244.77
244.77
244.77
244.77
244.77
244.77
244.77
244.77
244.77
244.77
244.77
244.77
244.77
244.77
244.77
244.77
244.77
244.77
244.77
244.77
244.77
244.77
244.77
244.77
244.77
244.77
244.77
244.77
244.77
244.77
244.77
244.77
244.77
244.77
244.77
244.77
244.77
244.77
244.77
244.77
244.77
244.77
244.77
244.77
244.77
244.77
244.77
244.77
244.77
244.77
244.77
244.77
244.77
244.77
244.77
244.77
244.77
244.77
244.77
244.77
244.77
244.77
244.77
244.77
244.77
244.77
244.77
244.77
244.77
244.77
244.77
244.77
244.77
244.77
244.77
244.77
244.77
244.77
244.77
244.77
244.77
244.77
244.77
244.77
244.77
244.77
244.77
244.77
244.77
244.77
244.77
244.77
244.77
244.77
244.77
244.77
244.77
244.77
244.77
244.77
244.77
244.77
244.77
244.77
244.77
244.77
244.77
244.77
244.77
244.77
244.77
244.77
244.77
244.77
244.77
244.77
244.77
244.77
244.77
244.77
244.77
244.77
244.77
244.77
244.77
244.77
244.77
244.77
244.77
244.77
244.77
244.77
244.77
244.77
244.77
244.77
244.77
244.77
244.77
244.77
244.77
244.77
244.77
244.77
244.77
244.77
244.77
244.77
244.77
244.77
244.77
244.77
244.77
244.77
244.77
244.77
244.77
244.77
244.77
244.77
244.77
244.77
244.77
244.77
244.77
244.77
244.77
244.77
244.77
244.77
244.77
244.77
244.77
244.77
244.77
244.77
244.77
244.77
244.77
244.77
244.77
244.77
244.77
244.77
244.77
244.77
244.77
244.77
244.77
244.77
244.77
244.77
244.77
244.77
244.77
244.77
244.77
244.77
244.77
244.77
244.77
244.77
244.77
244.77
244.77
244.77
244.77
244.77
244.77
244.77
244.77
244.77
244.77
244.77
244.77
244.77
244.77
244.77
244.77
244.77
244.77
244.77
244.77
244.77
244.77
244.77
244.77
244.77
244.77
244.77
244.77
244.77
244.77
244.77
244.77
244.77
244.77
244.77
244.77
244.77
244.77
244.77
244.77
244.77
244.77
244.77
244.77
244.77
244.77
244.77
244.77
244.77
244.77
244.77
244.77
244.77
244.77
244.77
244.77
244.77
244.77
244.77
244.77
244.77
244.77
244.77
244.77
244.77
244.77
244.77
244.77
244.77
244.77
244.77
244.77
244.77
244.77
244.77
244.77
244.77
244.77
244.77
244.77
244.77
244.77
244.77
244.77
244.77
244.77
244.77
244.77
244.77
244.77
244.77
244.77
244.77
244.77
244.77
244.77
244.77
244.77
244.77
244.77
244.77
244.77
244.77
244.77
244.77
244.77
244.77
244.77
244.77
244.77
244.77
244.77
244.77
244.77
244.77
244.77
244.77
244.77
244.77
244.77
244.77
244.77
244.77
244.77
244.77
244.77
244.77
244.77
244.77
244.77
244.77
244.77
244.77
244.77
244.77
244.77
244.77
244.77
244.77
244.77
244.77
244.77
244.77
244.77
244.77
244.77
244.77
244.77
244.77
244.77
244.77
244.77
244.77
244.77
244.77
244.77
244.77
244.77
244.77
244.77
244.77
244.77
244.77
244.77
244.77
244.77
244.77
244.77
244.77
244.77
244.77
244.77
244.77
244.77
244.77
244.77
244.77
244.77
244.77
244.77
244.77
244.77
244.77
244.77
244.77
244.77
244.77
244.77
244.77
244.77
244.77
244.77
244.77
244.77
244.77
244.77
244.77
244.77
244.77
244.77
244.77
244.77
244.77
244.77
244.77
244.77
244.77
244.77
244.77
244.77
244.77
244.77
244.77
244.77
244.77
244.77
244.77
244.77
244.77
244.77
244.77
244.77
244.77
244.77
244.77
244.77
244.77
244.77
244.77
244.77
244.77
244.77
244.77
244.77
244.77
244.77
244.77
244.77
244.77
244.77
244.77
244.77
244.77
244.77
244.77
244.77
244.77
244.77
244.77
244.77
244.77
244.77
244.77
244.77
244.77
244.77
244.77
244.77
244.77
244.77
244.77
244.77
244.77
244.77
244.77
244.77
244.77
244.77
244.77
244.77
244.77
244.77
244.77
244.77
244.77
244.77
244.77
244.77
244.77
244.77
244.77
244.77
244.82
244.84
244.84
244.84
244.84
244.84
244.84
244.84
244.84
244.84
244.84
244.84
244.84
244.84
244.84
244.84
244.84
244.84
244.84
244.84
244.84
244.84
244.84
244.84
244.84
244.84
244.84
244.84
244.84
244.84
244.84
244.84
244.84
244.84
244.84
244.84
244.84
244.84
244.84
244.84
244.84
244.84
244.84
244.84
244.84
244.84
244.84
244.84
244.84
244.84
244.84
244.84
244.84
244.84
244.84
244.84
244.84
244.84
244.84
244.84
244.84
244.84
244.84
244.84
244.84
244.84
244.84
244.84
244.84
244.84
244.84
244.84
244.84
244.84
244.84
244.84
244.84
244.84
244.84
244.84
244.84
244.84
244.84
244.84
244.84
244.84
244.84
244.84
244.84
244.84
244.84
244.84
244.84
244.84
244.84
244.84
244.84
244.84
244.84
244.84
244.84
244.84
244.84
244.84
244.84
244.84
244.84
244.84
244.84
244.84
244.84
244.84
244.84
244.84
244.84
244.84
244.84
244.84
244.84
244.84
244.84
244.84
244.84
244.84
244.92
245.25
245.25
245.25
245.25
245.25
245.25
245.33
245.38
245.38
245.38
245.38
245.38
245.38
245.38
245.38
245.38
245.38
245.38
245.38
245.38
245.38
245.38
245.38
245.38
245.38
245.38
245.38
245.38
245.38
245.38
245.38
245.38
245.38
245.38
245.38
245.38
245.38
245.38
245.38
245.38
245.38
245.38
245.38
245.38
245.38
245.38
245.38
245.38
245.38
245.38
245.38
245.38
245.38
245.38
245.38
245.38
245.38
245.38
245.38
245.38
245.38
245.38
245.38
245.38
245.38
245.38
245.48
245.66
245.68
245.68
245.68
245.71
245.71
245.71
245.71
245.71
245.71
245.71
245.71
245.71
245.71
245.71
245.71
245.71
245.71
245.71
245.71
245.71
245.71
245.71
245.71
245.71
245.71
245.71
245.71
245.71
245.71
245.71
245.71
245.73
245.73
245.73
245.73
245.73
245.73
245.73
245.73
245.73
245.73
245.73
245.73
245.73
245.73
245.73
245.73
245.73
245.73
245.73
245.73
245.73
245.73
245.73
245.73
245.73
245.73
245.73
245.73
245.73
245.73
245.73
245.73
245.73
245.73
245.73
245.73
245.73
245.73
245.73
245.73
245.73
245.73
245.76
245.76
245.78
245.78
245.78
245.78
245.78
245.78
245.78
245.78
245.78
245.78
245.78
245.78
245.78
245.78
245.78
245.78
245.78
245.78
245.78
245.78
245.78
245.78
245.78
245.78
245.81
245.86
245.88
245.88
245.88
245.88
245.88
245.88
245.88
245.88
245.88
245.88
245.88
245.88
245.88
245.88
245.88
245.88
245.88
245.88
246.06
246.24
246.55
246.55
246.55
246.57
246.57
246.6
246.7
246.72
246.75
247.15
247.64
247.84
247.84
247.84
247.84
247.84
247.84
247.87
248.04
248.04
248.04
248.09
248.15
248.17
248.35
248.48
248.5
248.55
248.6
248.68
248.75
248.81
248.81
248.83
248.83
248.88
248.93
251.19
253.76
254.7
254.98
255
255
255
255
255
255
255
255
255
255
255
255
255
255
255
255
255
255
255
255
255.03
255.03
255.03
255.03
255.03
255.03
255.03
255.03
255.03
255.03
255.03
255.03
255.03
255.03
255.03
255.03
255.03
255.03
255.03
255.03
255.03
255.03
255.03
255.03
255.03
255.03
255.03
255.03
255.03
255.03
255.03
255.03
255.03
255.03
255.08
255.18
255.18
255.28
256.04
256.88
257.16
257.85
258.05
258.15
258.94
258.94
258.99
259.04
259.04
259.04
259.07
259.07
259.07
259.07
259.09
259.09
259.09
259.09
259.09
259.09
259.09
259.09
259.09
259.09
259.09
259.09
259.09
259.09
259.09
259.09
259.09
259.12
259.14
259.14
259.14
259.14
259.14
259.14
259.14
259.14
259.14
259.14
259.14
259.14
259.14
259.14
259.14
259.14
259.14
259.14
259.14
259.14
259.14
259.14
259.14
259.14
259.14
259.14
259.14
259.14
259.14
259.14
259.14
259.14
259.14
259.14
259.14
259.14
259.14
259.14
259.14
259.14
259.14
259.14
259.14
259.14
259.14
259.14
259.14
259.14
259.14
259.14
259.14
259.14
259.14
259.14
259.14
259.14
259.14
259.14
259.14
259.14
259.14
259.14
259.14
259.47
259.65
259.65
259.65
259.65
259.65
259.65
259.65
259.65
259.65
259.65
259.65
259.65
259.65
259.65
259.65
259.65
259.65
259.65
259.65
259.65
259.65
259.65
259.65
259.65
259.65
259.65
259.65
259.65
259.65
259.65
259.65
259.65
259.65
259.65
259.65
259.65
259.65
259.65
259.65
259.65
259.65
259.65
259.65
259.65
259.65
259.65
259.65
259.65
259.65
259.65
259.65
259.65
259.65
259.65
259.65
259.65
259.65
259.65
259.65
259.65
259.65
259.65
259.65
259.65
259.65
259.65
259.65
259.65
259.65
259.65
259.65
259.65
259.65
259.65
259.65
259.65
259.65
259.65
259.65
259.65
259.65
259.65
259.65
259.65
259.65
259.65
259.65
259.65
259.65
259.65
259.65
259.65
259.65
259.65
259.65
259.65
259.65
259.65
259.65
259.65
259.65
259.65
259.65
259.65
259.65
259.65
259.65
259.65
259.65
259.65
259.65
259.65
259.65
259.65
259.65
259.65
259.65
259.65
259.65
259.65
259.65
259.65
259.65
259.65
259.65
259.65
259.65
259.65
259.65
259.65
259.65
259.65
259.65
259.65
259.65
259.65
259.65
259.65
259.65
259.65
259.65
259.65
259.65
259.65
259.65
259.65
259.65
259.65
259.65
259.65
259.65
259.65
259.65
259.65
259.65
259.65
259.65
259.65
259.65
259.65
259.65
259.65
259.65
259.65
259.65
259.65
259.65
259.65
259.65
259.65
259.65
259.65
259.65
259.65
259.65
259.65
259.65
259.65
259.65
259.65
259.65
259.65
259.65
259.65
259.65
259.65
259.65
259.65
259.65
259.65
259.65
259.65
259.65
259.65
259.65
259.65
259.65
259.65
259.65
259.65
259.65
259.65
259.65
259.65
259.65
259.65
259.65
259.65
259.65
259.65
259.65
259.65
259.65
259.65
259.65
259.65
259.65
259.65
259.65
259.65
259.65
259.65
259.65
259.65
259.65
259.65
259.65
259.65
259.65
259.65
259.65
259.65
259.65
259.65
259.65
259.75
259.75
259.75
259.75
259.85
260.06
260.06
260.06
260.06
260.06
260.06
260.06
260.06
260.06
260.06
260.06
260.06
260.06
260.06
260.06
260.06
260.06
260.06
260.06
260.06
260.08
260.08
260.08
260.08
260.08
260.08
260.08
260.08
260.08
260.08
260.08
260.08
260.08
260.08
260.08
260.08
260.08
260.08
260.08
260.08
260.08
260.08
260.08
260.08
260.08
260.08
260.08
260.08
260.08
260.08
260.08
260.08
260.08
260.08
260.08
260.08
260.08
260.08
260.08
260.08
260.08
260.08
260.08
260.08
260.08
260.08
260.08
260.08
260.46
260.46
260.46
260.46
260.79
260.85
260.87
260.9
260.9
260.9
260.92
260.95
260.97
261
261
261
261
261
261
261
261
261
261
261
261
261
261
261
261
261
261
261
261
261
261.02
261.02
261.02
261.02
261.02
261.02
261.02
261.02
261.02
261.02
261.02
261.02
261.02
261.02
261.02
261.02
261.02
261.02
261.02
261.02
261.02
261.02
261.02
261.02
261.02
261.02
261.02
261.02
261.02
261.02
261.02
261.02
261.02
261.02
261.02
261.02
261.02
261.02
261.02
261.02
261.02
261.02
261.02
261.02
261.02
261.02
261.02
261.02
261.02
261.02
261.02
261.02
261.02
261.02
261.02
261.02
261.02
261.02
261.02
261.02
261.02
261.02
261.02
261.02
261.02
261.02
261.02
261.02
261.02
261.02
261.02
261.02
261.02
261.02
261.02
261.02
261.02
261.02
261.02
261.02
261.02
261.02
261.02
261.02
261.02
261.02
261.02
261.02
261.02
261.02
261.02
261.02
261.02
261.02
261.02
261.02
261.02
261.02
261.02
261.02
261.02
261.02
261.02
261.02
261.02
261.02
261.02
261.02
261.02
261.02
261.02
261.02
261.02
261.02
261.02
261.02
261.02
261.02
261.02
261.02
261.02
261.02
261.02
261.02
261.02
261.02
261.02
261.02
261.02
261.02
261.02
261.02
261.02
261.02
261.02
261.02
261.02
261.02
261.02
261.02
261.02
261.02
261.02
261.02
261.02
261.02
261.02
261.02
261.02
261.02
261.02
261.02
261.02
261.02
261.02
261.02
261.02
261.02
261.02
261.02
261.02
261.02
261.02
261.02
261.02
261.02
261.02
261.02
261.02
261.02
261.02
261.02
261.02
261.02
261.02
261.02
261.02
261.02
261.02
261.02
261.02
261.02
261.02
261.02
261.02
261.02
261.02
261.02
261.02
261.02
261.02
261.02
261.02
261.02
261.02
261.02
261.02
261.02
261.02
261.02
261.02
261.02
261.05
261.05
261.05
261.05
261.07
261.1
261.1
261.1
261.1
261.1
261.1
261.1
261.1
261.1
261.1
261.1
261.1
261.1
261.1
261.1
261.1
261.1
261.1
261.1
261.1
261.1
261.1
261.1
261.1
261.1
261.1
261.1
261.1
261.1
261.1
261.1
261.1
261.1
261.1
261.1
261.1
261.1
261.1
261.1
261.1
261.1
261.1
261.1
261.1
261.1
261.1
261.1
261.1
261.1
261.1
261.1
261.1
261.1
261.1
261.1
261.1
261.1
261.1
261.1
261.1
261.1
261.1
261.1
261.1
261.1
261.1
261.1
261.1
261.1
261.1
261.1
261.1
261.1
261.1
261.1
261.1
261.1
261.1
261.1
261.1
261.1
261.1
261.1
261.1
261.1
261.1
261.1
261.1
261.1
261.1
261.1
261.1
261.1
261.1
261.1
261.1
261.1
261.1
261.1
261.1
261.1
261.1
261.1
261.1
261.1
261.1
261.1
261.1
261.1
261.1
261.1
261.1
261.1
261.1
261.1
261.1
261.1
261.1
261.1
261.1
261.1
261.1
261.1
261.1
261.1
261.1
261.1
261.1
261.1
261.1
261.1
261.1
261.1
261.1
261.1
261.1
261.1
261.1
261.1
261.1
261.1
261.1
261.1
261.1
261.1
261.1
261.1
261.1
261.1
261.1
261.1
261.1
261.1
261.1
261.1
261.1
261.1
261.1
261.1
261.1
261.1
261.1
261.1
261.1
261.1
261.1
261.1
261.1
261.1
261.1
261.1
261.1
261.1
261.1
261.1
261.1
261.1
261.1
261.1
261.1
261.1
261.1
261.1
261.1
261.1
261.1
261.1
261.1
261.1
261.12
261.18
261.18
261.2
261.2
261.25
261.25
261.28
261.33
261.33
261.35
261.35
261.35
261.51
262.32
263.08
263.36
263.41
263.54
263.72
263.99
264.5
264.86
266.1
266.23
266.28
266.28
266.92
266.94
266.97
266.97
266.97
266.97
266.97
266.97
266.99
267.02
267.07
267.14
267.25
267.25
268.44
268.85
269.02
269.05
269.33
269.71
270.75
270.95
271.01
272.33
274.26
275.96
277.13
277.74
279.23
280.91
281.72
282.77
284.59
285.61
286.32
286.52
287.34
288.68
290.21
291.22
292.24
293
294.27
296.56
298.34
299.61
300.37
301.38
302.4
302.91
303.67
303.67
303.92
303.92
303.92
304.18
304.18
304.3
304.36
304.86
304.99
304.99
304.99
304.99
304.99
304.99
304.99
304.99
304.99
304.99
304.99
304.99
304.99
304.99
304.99
304.99
304.99
304.99
304.99
304.99
304.99
304.99
304.99
304.99
304.99
304.99
304.99
304.99
304.99
304.99
304.99
304.99
304.99
304.99
304.99
304.99
304.99
304.99
304.99
304.99
304.99
304.99
304.99
304.99
304.99
304.99
304.99
304.99
304.99
304.99
304.99
304.99
304.99
304.99
304.99
304.99
304.99
304.99
304.99
304.99
304.99
304.99
304.99
304.99
304.99
304.99
304.99
304.99
304.99
304.99
304.99
304.99
304.99
304.99
304.99
304.99
304.99
304.99
304.99
304.99
304.99
304.99
304.99
304.99
304.99
304.99
304.99
304.99
304.99
304.99
304.99
304.99
304.99
304.99
304.99
304.99
304.99
304.99
304.99
304.99
305.07
305.07
305.07
305.07
305.07
305.07
305.07
305.07
305.07
305.07
305.07
305.07
305.07
305.07
305.07
305.07
305.07
305.07
305.07
305.07
305.07
305.07
305.07
305.07
305.07
305.07
305.07
305.07
305.07
305.07
305.19
305.19
305.19
305.19
305.19
305.19
305.19
305.19
305.19
305.19
305.19
305.19
305.19
305.19
305.19
305.19
305.19
305.19
305.19
305.19
305.19
305.19
305.19
305.19
305.19
305.19
305.19
305.32
305.32
305.32
305.32
305.32
305.32
305.32
305.32
305.32
305.32
305.32
305.32
305.55
305.88
306.11
306.11
306.13
306.13
306.16
306.16
306.21
306.24
306.41
307.4
311.57
316.34
317.87
318.05
318.07
318.15
318.5
320.87
322.67
322.85
322.85
322.87
322.87
322.9
322.9
322.9
322.9
322.9
322.9
322.9
322.9
322.9
322.9
322.9
322.9
322.9
322.9
322.9
322.9
322.9
322.9
322.9
322.9
322.9
322.9
322.9
322.9
322.9
322.9
322.9
322.9
322.9
322.9
322.9
322.9
322.9
322.9
322.9
322.9
322.9
322.9
322.9
322.9
322.9
322.9
322.9
322.9
322.9
322.9
322.9
322.9
322.9
322.9
322.9
322.9
322.9
322.9
322.9
322.9
322.9
322.9
322.9
322.9
322.9
322.9
322.9
322.9
322.9
322.9
322.9
322.9
322.9
322.9
322.9
322.9
322.9
322.9
322.9
322.9
322.9
322.9
322.9
322.9
322.9
322.92
322.95
322.95
322.95
322.95
322.95
322.95
322.95
322.95
322.95
322.95
322.95
322.95
322.95
322.95
322.95
322.95
322.95
322.95
322.95
322.95
322.95
322.95
322.95
322.97
323.02
323.08
323.1
323.13
323.13
323.13
323.15
323.25
323.3
323.3
323.35
323.35
323.35
323.35
323.46
323.51
323.53
323.66
324.68
324.8
324.8
324.83
329.53
332.83
334.94
335.39
335.42
335.42
335.42
335.42
335.42
335.42
335.42
335.42
335.42
335.42
335.42
335.42
335.42
335.42
335.42
335.42
335.42
335.42
335.42
335.42
335.42
335.42
335.42
335.42
335.42
335.42
335.42
335.42
335.42
335.42
335.42
335.42
335.42
335.42
335.42
335.42
335.42
335.42
335.42
335.42
335.42
335.45
335.45
335.45
335.47
335.5
335.5
335.52
335.72
336.82
336.82
338.14
338.77
341.29
345.07
345.68
345.96
346.37
347.03
347.89
349.06
350.86
351.27
351.27
351.27
351.27
351.27
351.27
351.27
351.27
351.27
351.27
351.27
351.27
351.27
351.27
351.27
351.27
351.27
351.27
351.27
351.27
351.27
351.27
351.27
351.27
351.27
351.27
351.27
351.27
351.27
351.27
351.27
351.27
351.27
351.27
351.27
351.27
351.27
351.27
351.27
351.27
351.27
351.27
351.27
351.27
351.27
351.27
351.27
351.27
351.27
351.27
351.27
351.27
351.27
351.27
351.27
351.27
351.27
351.27
351.27
351.27
351.27
351.27
351.27
351.27
351.27
351.27
351.27
351.27
351.27
351.27
351.27
351.27
351.27
351.27
351.27
351.27
351.27
351.27
351.27
351.27
351.27
351.27
351.27
351.27
351.27
351.27
351.27
351.27
351.27
351.27
351.27
351.27
351.27
351.27
351.27
351.27
351.27
351.27
351.27
351.27
351.27
351.27
351.27
351.27
351.27
351.27
351.27
351.27
351.27
351.27
351.27
351.27
351.27
351.27
351.27
351.27
351.27
351.27
351.27
351.27
351.27
351.27
351.27
351.27
351.27
351.27
351.27
351.27
351.27
351.27
351.27
351.27
351.27
351.27
351.27
351.27
351.27
351.27
351.27
351.27
351.27
351.27
351.27
351.27
351.27
351.27
351.27
351.32
351.35
351.42
352.03
352.72
352.77
352.82
352.82
352.82
352.82
352.82
352.84
352.84
352.84
352.87
352.87
352.87
352.87
352.87
352.89
352.89
352.89
352.89
352.89
352.89
352.89
352.89
352.89
352.89
352.89
352.89
352.89
352.89
352.89
352.89
352.89
352.89
352.89
352.89
352.89
352.89
352.92
352.92
352.92
352.92
352.92
352.92
352.92
352.92
352.95
352.95
352.95
352.95
352.95
352.95
352.95
352.95
352.95
352.95
352.95
352.95
352.95
352.95
352.95
352.95
352.95
352.95
352.95
352.95
352.95
352.95
352.95
352.95
352.95
352.97
352.97
353.02
353.05
353.05
353.05
353.05
353.05
353.05
353.07
353.07
353.07
353.07
353.07
353.12
353.56
354.16
354.52
354.7
354.95
355.31
355.59
355.94
356.32
356.7
356.76
356.76
356.76
356.76
356.81
356.86
356.88
356.88
356.88
356.88
356.88
356.88
356.88
356.88
356.88
356.88
356.88
356.91
356.91
356.91
356.93
357.11
357.16
357.19
357.19
357.19
357.21
357.31
357.31
357.31
357.34
357.34
357.34
357.37
357.39
357.39
357.42
357.52
358.99
361.02
362.39
363.59
364.6
364.86
364.93
364.93
364.93
364.93
364.93
364.93
364.93
364.96
364.96
364.96
364.96
364.99
364.99
365.01
365.01
365.01
365.01
365.01
365.01
365.01
365.01
365.01
365.01
365.01
365.01
365.01
365.01
365.01
365.01
365.04
365.04
365.04
365.04
365.04
365.04
365.04
365.04
365.04
365.04
365.04
365.04
365.04
365.04
365.04
365.04
365.06
365.06
365.06
365.06
365.06
365.06
365.06
365.06
365.06
365.06
365.06
365.06
365.06
365.06
365.06
365.06
365.06
365.06
365.09
365.09
365.09
365.09
365.09
365.09
365.09
365.09
365.09
365.09
365.09
365.11
365.11
365.11
365.11
365.11
365.11
365.14
365.14
365.14
365.16
365.16
365.16
365.16
365.16
365.16
365.16
365.19
365.24
365.29
365.32
365.42
365.8
366.1
366.41
366.51
366.84
367.2
367.53
367.68
368.06
368.34
368.82
369.46
369.89
370.32
370.55
371.46
371.74
372
372.07
372.12
372.15
372.15
372.15
372.15
372.15
372.15
372.15
372.15
372.15
372.15
372.15
372.15
372.15
372.15
372.15
372.15
372.15
372.15
372.15
372.15
372.15
372.15
372.17
372.17
372.17
372.17
372.17
372.17
372.17
372.17
372.17
372.17
372.17
372.17
372.17
372.17
372.17
372.17
372.17
372.17
372.17
372.17
372.17
372.17
372.17
372.17
372.17
372.17
372.17
372.17
372.17
372.17
372.17
372.17
372.17
372.17
372.17
372.17
372.17
372.17
372.17
372.17
372.17
372.17
372.17
372.17
372.17
372.17
372.17
372.17
372.17
372.17
372.17
372.17
372.17
372.17
372.17
372.17
372.17
372.17
372.17
372.17
372.17
372.17
372.17
372.17
372.17
372.17
372.17
372.17
372.17
372.17
372.17
372.17
372.2
372.2
372.2
372.2
372.2
372.2
372.2
372.2
372.2
372.2
372.2
372.2
372.2
372.2
372.2
372.2
372.2
372.2
372.2
372.2
372.2
372.2
372.2
372.2
372.2
372.2
372.22
372.22
372.22
372.22
372.22
372.22
372.22
372.22
372.22
372.22
372.22
372.22
372.22
372.22
372.22
372.22
372.22
372.22
372.22
372.22
372.22
372.22
372.22
372.22
372.22
372.22
372.22
372.22
372.22
372.22
372.22
372.22
372.22
372.22
372.22
372.22
372.22
372.22
372.22
372.22
372.22
372.22
372.22
372.22
372.22
372.22
372.22
372.22
372.22
372.22
372.22
372.22
372.22
372.22
372.22
372.22
372.22
372.22
372.25
372.25
372.25
372.25
372.25
372.25
372.25
372.25
372.25
372.25
372.25
372.25
372.25
372.25
372.25
372.25
372.25
372.25
372.25
372.25
372.25
372.25
372.25
372.25
372.28
372.28
372.28
372.28
372.28
372.28
372.3
372.3
372.3
372.3
372.3
372.3
372.3
372.3
372.3
372.3
372.3
372.3
372.3
372.3
372.3
372.3
372.3
372.3
372.33
372.33
372.33
372.33
372.33
372.33
372.33
372.33
372.33
372.33
372.33
372.33
372.33
372.33
372.33
372.33
372.33
372.33
372.33
372.33
372.33
372.33
372.33
372.35
372.35
372.35
372.35
372.35
372.35
372.35
372.43
372.58
372.63
372.63
372.71
372.71
372.71
372.71
372.71
372.71
372.71
372.71
372.71
372.71
372.71
372.71
372.71
372.73
372.73
372.76
372.76
372.76
372.78
372.81
373.11
373.65
374.56
376.19
377.05
377.94
378.9
379.62
379.95
380
380.02
380.05
380.07
380.07
380.07
380.07
380.17
380.23
380.23
380.25
380.25
380.25
380.25
380.25
380.25
380.25
380.25
380.28
380.28
380.28
380.28
380.28
380.28
380.3
380.3
380.3
380.3
380.3
380.3
380.3
380.3
380.3
380.3
380.3
380.3
380.3
380.3
380.3
380.3
380.3
380.3
380.3
380.3
380.3
380.3
380.3
380.3
380.3
380.3
380.3
380.3
380.3
380.3
380.3
380.78
382.05
383.04
385
386.47
387.06
388.35
388.51
388.56
388.56
388.56
388.56
388.56
388.56
388.56
388.56
388.56
388.56
388.56
388.58
388.58
388.58
388.58
388.58
388.58
388.58
388.58
388.58
388.58
388.58
388.58
388.58
388.58
388.58
388.58
388.58
388.58
388.58
388.58
388.58
388.58
388.58
388.58
388.58
388.58
388.58
388.58
388.58
388.58
388.58
388.61
388.61
388.61
388.61
388.61
388.61
388.61
388.61
388.61
388.61
388.61
388.61
388.61
388.61
388.61
388.61
388.61
388.61
388.61
388.61
388.61
388.61
388.61
388.61
388.61
388.61
388.61
388.61
388.61
388.61
388.61
388.61
388.61
388.61
388.61
388.61
388.61
388.61
388.61
388.61
388.61
388.61
388.61
388.61
388.61
388.61
388.61
388.61
388.61
388.61
388.61
388.61
388.61
388.61
388.61
388.61
388.61
388.61
388.61
388.61
388.61
388.61
388.61
388.61
388.61
388.61
388.61
388.61
388.61
388.61
388.61
388.63
388.66
388.68
388.71
388.71
388.71
388.71
388.71
388.71
388.71
388.71
388.71
388.71
388.71
388.71
388.71
388.73
388.73
388.73
388.73
388.73
388.73
388.73
388.73
388.76
388.76
388.76
388.76
388.76
388.79
388.79
388.79
388.79
388.84
388.84
388.84
388.86
388.86
388.86
388.91
388.91
388.91
388.94
388.94
388.94
388.94
388.94
388.96
388.96
388.96
388.96
388.99
388.99
389.01
389.04
389.04
389.04
389.09
389.09
389.09
389.09
389.09
389.09
389.09
389.12
389.14
389.17
389.17
389.17
389.17
389.19
389.19
389.19
389.24
389.27
389.29
389.32
389.34
389.34
389.37
389.37
389.37
389.37
389.37
389.37
389.37
389.37
389.39
389.39
389.39
389.39
389.39
389.39
389.39
389.39
389.39
389.39
389.39
389.39
389.39
389.39
389.42
389.42
389.42
389.45
389.45
389.52
389.52
389.67
389.7
389.72
389.72
389.78
389.78
389.8
389.8
389.83
389.88
389.88
389.88
389.88
389.88
389.88
389.88
389.9
389.9
389.9
389.93
389.93
389.93
389.93
389.93
389.93
389.93
389.93
389.93
389.93
389.95
389.95
389.95
389.95
389.95
389.95
389.95
389.95
389.95
389.95
390.03
390.26
391.22
391.25
391.25
391.25
391.25
391.25
391.27
391.27
391.27
391.3
391.3
391.3
391.3
391.33
391.33
391.33
391.33
391.33
391.33
391.33
391.33
391.33
391.33
391.33
391.35
391.35
391.35
391.35
391.38
391.43
391.48
391.55
391.71
391.76
391.86
391.91
391.91
391.91
391.91
391.91
391.91
391.91
391.91
391.91
391.93
392.26
392.62
392.77
392.77
392.8
392.87
392.9
392.9
392.9
392.9
392.9
392.9
392.9
392.9
392.93
392.95
393
393
393
393
393
393.03
393.03
393.08
393.18
393.36
393.59
393.74
393.97
394.88
396.05
396.79
397.01
397.19
397.24
397.24
397.27
397.34
397.37
397.47
397.52
397.55
397.55
397.55
397.55
397.55
397.6
397.78
398.77
399.91
401.1
401.94
402.2
402.45
402.5
402.5
402.5
402.5
402.5
402.5
402.53
402.53
402.58
402.58
402.58
402.88
403.92
404.13
404.13
404.13
404.13
404.13
404.13
404.13
404.13
404.15
404.2
404.2
404.2
404.2
404.2
404.2
404.2
404.2
404.2
404.2
404.2
404.2
404.2
404.2
404.2
404.2
404.2
404.2
404.2
404.2
404.2
404.2
404.2
404.2
404.2
404.2
404.2
404.25
404.38
404.46
404.46
404.69
404.69
404.69
404.71
404.71
404.71
404.71
404.71
404.71
404.71
404.71
404.71
404.71
404.71
404.71
404.71
404.71
404.71
404.71
404.71
404.71
404.71
404.71
404.71
404.71
404.71
404.71
404.71
404.71
404.71
404.71
404.71
404.71
404.71
404.71
404.71
404.74
404.76
404.76
404.76
404.76
404.76
404.76
404.76
404.79
404.79
404.79
404.79
404.79
404.79
404.79
404.79
404.79
404.79
404.79
404.79
404.79
404.79
404.79
404.79
404.79
404.79
404.79
404.79
404.79
404.79
404.79
404.79
404.79
404.79
404.79
404.79
404.79
404.79
404.79
404.79
404.79
404.79
404.79
404.79
404.79
404.79
404.81
404.81
404.81
404.84
404.89
405.22
405.35
405.55
405.78
405.8
405.83
405.83
405.83
405.88
405.96
405.96
405.98
405.98
405.98
405.98
405.98
405.98
405.98
405.98
405.98
406.01
406.03
406.03
406.06
406.08
406.08
406.08
406.08
406.11
406.13
406.13
406.16
406.21
406.77
407.38
408.34
409.05
409.26
409.26
409.28
409.46
410.17
411.01
411.54
412.08
412.66
412.84
412.89
412.89
412.89
412.89
412.89
412.89
412.89
412.92
412.92
412.94
412.94
412.97
412.97
412.97
412.97
412.97
412.97
412.97
412.97
412.97
412.97
412.99
413.02
413.02
413.12
413.6
414.54
415.86
417.26
418.15
418.78
420.54
421.42
421.63
422.29
422.39
422.57
422.69
422.77
422.92
423.58
424.01
424.47
424.52
424.55
424.55
424.55
424.55
424.55
424.55
424.55
424.55
424.55
424.55
424.57
424.57
424.57
424.57
424.57
424.57
424.6
424.6
424.62
424.62
424.62
424.62
424.62
424.62
424.62
424.62
424.62
424.62
424.62
424.62
424.62
424.62
424.62
424.62
424.62
424.62
424.62
424.62
424.62
424.62
424.62
424.62
424.62
424.62
424.62
424.62
424.62
424.65
424.65
424.65
424.68
424.68
424.68
424.68
424.7
424.7
424.7
424.7
424.7
424.7
424.7
424.7
424.7
424.7
424.7
424.7
424.7
424.7
424.7
424.7
424.7
424.7
424.73
424.73
424.73
424.75
424.75
424.75
424.75
424.75
424.75
424.75
424.75
424.75
424.75
424.78
424.78
424.78
424.78
424.78
424.78
424.78
424.78
424.78
424.78
424.78
424.78
424.78
424.78
424.78
424.78
424.78
424.78
424.78
424.78
424.78
424.78
424.78
424.78
424.78
424.8
424.8
424.8
424.8
424.8
424.8
424.8
424.8
424.8
424.8
424.8
424.8
424.8
424.8
424.8
424.8
424.8
424.8
424.8
424.8
424.8
424.8
424.8
424.8
424.8
424.8
424.8
424.8
424.8
424.8
424.8
424.8
424.8
424.8
424.83
424.83
424.83
424.83
424.83
424.83
424.83
424.83
424.83
424.83
424.83
424.83
424.83
424.83
424.83
424.83
424.83
424.83
424.83
424.83
424.83
424.83
424.83
424.83
424.83
424.83
424.85
424.85
424.85
424.85
424.85
424.88
