0
0.03
0.14
0.28
0.32
0.35
0.36
0.48
0.75
0.96
1.22
1.4
1.51
1.56
1.61
1.97
3.61
8.02
8.02
8.02
8.02
8.02
8.02
8.02
8.02
8.04
8.08
8.28
8.64
9.02
10.83
12.15
12.25
12.54
12.61
12.64
12.64
12.64
12.64
12.64
12.64
12.65
12.67
12.67
12.67
12.67
12.67
12.67
12.76
13
13.25
14.22
15.17
15.25
15.26
15.26
15.26
15.26
15.26
15.26
15.26
15.26
15.26
15.27
15.29
15.3
15.53
15.81
16.14
16.69
16.79
17.26
17.76
17.95
18.04
18.21
18.26
18.63
18.88
18.97
19
19.08
19.46
19.69
19.98
20.46
20.54
20.56
20.56
20.56
20.56
20.56
20.56
20.56
20.56
20.56
20.56
20.56
20.56
20.56
20.56
20.56
20.56
20.56
20.56
20.56
20.56
20.56
20.56
20.56
20.56
20.56
20.56
20.56
20.56
20.56
20.56
20.56
20.56
20.56
20.56
20.56
20.56
20.56
20.56
20.56
20.56
20.56
20.56
20.56
20.56
20.56
20.56
20.56
20.56
20.56
20.56
20.63
20.63
20.63
20.63
20.63
20.63
20.78
20.8
20.85
20.85
20.85
20.85
20.85
21.14
21.28
21.28
21.57
22.3
22.73
23.31
23.45
23.89
24.18
24.61
24.9
24.9
24.9
24.9
24.9
24.9
24.9
24.9
24.9
24.9
24.9
24.9
24.9
25.05
25.12
25.19
25.63
26.21
26.49
26.64
26.78
26.78
26.78
26.78
27.15
27.15
27.15
27.15
27.15
27.15
27.15
27.15
27.15
27.15
27.19
27.19
27.19
27.2
27.25
27.35
27.35
27.35
27.35
27.35
27.35
27.35
27.35
27.35
27.35
27.35
27.35
27.35
27.35
27.35
27.35
27.35
27.35
27.35
27.35
27.35
27.35
27.35
27.35
27.35
27.35
27.35
27.35
27.35
27.35
27.35
27.35
27.35
27.35
27.35
27.35
27.35
27.35
27.35
27.35
27.35
27.35
27.35
27.35
27.35
27.35
27.35
27.35
27.35
27.35
27.35
27.35
27.35
27.35
27.35
27.35
27.35
27.35
27.35
27.35
27.35
27.35
27.35
27.35
27.35
27.35
27.35
27.35
27.35
27.35
27.35
27.35
27.35
27.35
27.35
27.35
27.35
27.35
27.35
27.35
27.35
27.35
27.35
27.35
27.35
27.35
27.35
27.35
27.35
27.35
27.35
27.35
27.35
27.35
27.35
27.35
27.35
27.35
27.35
27.35
27.35
27.35
27.35
27.35
27.35
27.35
27.35
27.35
27.35
27.35
27.35
27.35
27.35
27.35
27.35
27.35
27.35
27.35
27.35
27.35
27.35
27.35
27.35
27.35
27.35
27.35
27.35
27.35
27.35
27.35
27.35
27.35
27.35
27.35
27.35
27.35
27.35
27.35
27.35
27.35
27.35
27.35
27.35
27.35
27.35
27.35
27.35
27.35
27.35
27.35
27.35
27.35
27.35
27.35
27.35
27.35
27.35
27.35
27.35
27.35
27.35
27.35
27.35
27.35
27.35
27.35
27.35
27.35
27.35
27.35
27.35
27.35
27.35
27.35
27.35
27.35
27.35
27.35
27.35
27.35
27.35
27.35
27.35
27.35
27.35
27.35
27.35
27.35
27.35
27.35
27.35
27.35
27.35
27.35
27.35
27.35
27.35
27.35
27.35
27.35
27.35
27.35
27.35
27.35
27.35
27.35
27.35
27.35
27.35
27.35
27.35
27.35
27.35
27.35
27.35
27.35
27.35
27.35
27.35
27.35
27.35
27.35
27.35
27.35
27.35
27.35
27.35
27.35
27.35
27.35
27.35
27.35
27.35
27.38
27.42
27.42
27.42
27.42
27.42
27.42
27.42
27.42
27.42
27.42
27.42
27.42
27.42
27.42
27.42
27.42
27.42
27.42
27.42
27.42
27.42
27.42
27.42
27.42
27.42
27.42
27.42
27.42
27.42
27.42
27.42
27.42
27.42
27.42
27.42
27.42
27.42
27.42
27.42
27.42
27.42
27.42
27.49
27.49
27.49
27.49
27.49
27.49
27.49
27.49
27.49
27.49
27.49
27.49
27.49
27.49
27.49
27.49
27.49
27.49
27.49
27.49
27.49
27.49
27.49
27.49
27.49
27.49
27.49
27.49
27.49
27.49
27.49
27.49
27.49
27.49
27.49
27.49
27.49
27.49
27.49
27.49
27.49
27.49
27.49
27.49
27.49
27.49
27.49
27.49
27.49
27.49
27.49
27.49
27.49
27.49
27.49
27.49
27.49
27.49
27.49
27.49
27.49
27.49
27.49
27.49
27.49
27.49
27.49
27.49
27.49
27.49
27.49
27.49
27.49
27.49
27.49
27.49
27.49
27.49
27.49
27.49
27.49
27.58
27.65
27.94
28.23
28.96
29.25
29.82
30.84
31.13
31.27
31.27
31.56
31.68
35.62
36.34
36.34
36.48
37.5
37.5
37.5
37.56
37.79
37.93
38.37
38.66
38.66
38.66
38.8
38.8
38.8
38.8
38.8
38.8
38.83
38.86
38.86
38.86
38.86
38.86
38.86
38.86
38.86
38.86
38.86
38.86
38.86
38.86
38.86
38.86
38.86
38.86
38.86
38.86
38.86
38.86
38.86
38.86
38.86
38.86
38.88
38.91
38.91
38.94
38.94
38.94
38.94
38.94
38.94
38.94
38.94
38.96
38.96
38.96
39.01
39.01
39.04
39.06
39.06
39.09
39.19
39.32
39.39
39.39
39.42
39.6
39.77
39.9
40.26
40.59
40.64
40.69
40.79
40.87
40.87
40.89
40.92
40.92
40.92
40.92
40.92
40.92
40.92
40.99
41.45
43.68
45.31
46.99
48.33
49.5
50.42
51.28
52.35
53.54
55.01
56.94
58.42
60.53
62.3
62.48
62.68
62.81
62.96
64.16
65.07
65.94
66.72
67.41
67.94
68.86
69.26
69.44
69.82
70.05
70.15
70.23
70.48
70.66
70.66
70.66
70.66
70.66
70.66
70.66
70.66
70.71
70.71
70.71
70.89
71.22
71.52
71.55
71.55
71.55
71.6
71.68
71.78
71.8
71.8
71.83
71.83
71.85
71.85
71.85
71.85
71.88
71.88
71.88
71.9
71.9
71.9
71.9
71.9
71.9
71.9
71.9
71.9
71.9
71.9
71.9
71.9
71.93
71.93
71.96
71.96
71.98
72.01
72.03
72.06
72.08
72.08
72.29
72.89
73.28
73.4
73.43
73.45
73.48
73.5
73.5
73.5
73.5
73.5
73.5
73.5
73.5
73.5
73.5
73.5
73.53
73.56
73.56
73.56
73.56
73.56
73.56
73.56
73.56
73.56
73.56
73.56
73.56
73.56
73.56
73.66
73.73
73.73
73.73
73.73
73.76
73.76
73.76
73.76
73.76
73.76
73.78
73.78
73.81
73.96
74.09
74.27
74.39
74.6
74.8
75.05
75.56
75.89
76.2
76.35
76.45
76.48
76.58
76.7
76.83
76.86
76.91
76.96
77.01
77.11
77.11
77.14
77.14
77.14
77.14
77.14
77.16
77.16
77.19
77.19
77.19
77.19
77.19
77.19
77.19
77.19
77.19
77.19
77.19
77.19
77.19
77.19
77.19
77.19
77.19
77.19
77.19
77.19
77.19
77.19
77.19
77.19
77.19
77.19
77.19
77.19
77.19
77.19
77.19
77.19
77.19
77.19
77.19
77.19
77.19
77.19
77.19
77.19
77.19
77.19
77.19
77.19
77.19
77.19
77.19
77.19
77.19
77.19
77.19
77.19
77.19
77.19
77.19
77.19
77.19
77.19
77.19
77.19
77.19
77.21
77.24
77.49
78.46
78.81
79.88
81.61
82.55
83.21
83.64
84.15
84.27
84.27
84.27
84.3
84.4
84.66
84.66
84.66
84.66
84.66
84.66
84.66
84.66
84.66
84.66
84.66
84.71
84.71
84.71
84.71
84.71
84.71
84.71
84.71
84.71
84.71
84.71
84.71
84.71
84.71
84.71
84.71
84.71
84.71
84.71
84.71
84.71
84.71
84.71
84.71
84.71
84.71
84.71
84.71
84.71
84.71
84.71
84.71
84.71
84.71
84.71
84.71
84.71
84.71
84.71
84.71
84.71
84.71
84.71
84.76
84.76
84.76
84.76
84.76
84.76
84.76
84.76
84.76
84.76
84.76
84.76
84.76
84.76
84.76
84.76
84.76
84.76
84.76
84.76
84.76
84.76
84.76
84.78
84.78
84.81
84.81
84.81
84.81
84.81
84.81
84.81
84.81
84.81
84.81
84.81
84.81
84.81
84.81
84.81
84.81
84.81
84.81
84.81
84.81
84.81
84.81
84.81
84.81
84.81
84.81
84.81
84.81
84.81
84.81
84.81
84.81
84.83
84.83
84.83
84.83
84.83
84.83
84.83
84.83
84.83
84.83
84.83
84.83
84.83
84.83
84.83
84.83
84.83
84.83
84.83
84.83
84.83
84.83
84.83
84.83
84.83
84.83
84.83
84.83
84.83
84.83
84.83
84.83
84.83
84.83
84.83
84.83
84.83
84.83
84.83
84.86
84.88
84.88
84.88
84.88
84.88
84.88
84.88
84.88
84.91
84.91
84.91
84.93
84.96
84.96
84.96
84.99
84.99
84.99
84.99
84.99
84.99
84.99
84.99
85.01
85.04
85.06
85.11
85.11
85.11
85.11
85.14
85.14
85.16
85.19
85.29
85.8
86.48
86.66
86.76
87.37
87.5
87.5
87.5
87.5
87.5
87.5
87.5
87.53
87.53
87.58
87.58
87.6
87.6
87.63
87.63
87.63
87.63
87.63
87.63
87.63
87.63
87.63
87.63
87.63
87.68
87.78
87.8
87.8
87.8
88.08
88.74
91.77
94.08
95.04
95.96
96.21
96.26
96.52
97.33
98.96
99.34
99.34
99.39
99.41
99.49
99.51
99.51
99.51
99.51
99.51
99.51
99.51
99.51
99.51
99.51
99.51
99.51
99.51
99.51
99.51
99.54
99.54
99.54
99.54
99.54
99.54
99.54
99.54
99.56
99.56
99.72
100.07
100.38
101.11
101.72
102.61
102.66
102.77
102.82
102.82
102.82
102.84
102.87
102.87
102.87
102.87
102.87
102.89
102.92
102.94
102.94
102.94
102.94
102.94
102.94
102.94
102.94
102.94
102.94
102.94
102.94
102.94
102.94
102.94
102.94
102.94
102.94
102.94
102.94
102.94
102.94
102.94
102.94
102.94
102.94
102.94
102.94
102.94
102.97
102.97
102.97
102.97
102.97
102.97
102.97
102.97
102.97
102.97
102.97
102.97
102.97
102.97
102.97
102.97
102.97
102.97
102.97
102.97
102.97
102.97
102.97
102.97
102.97
102.97
102.97
102.97
102.97
102.97
102.97
102.97
102.97
102.97
102.97
102.97
102.97
102.97
102.97
102.97
102.97
102.97
102.97
102.97
102.97
102.97
102.97
102.97
102.97
102.97
102.97
102.97
102.97
102.97
102.97
102.97
102.97
102.97
102.97
102.99
102.99
102.99
102.99
102.99
102.99
102.99
102.99
102.99
102.99
102.99
102.99
102.99
102.99
102.99
102.99
102.99
102.99
102.99
102.99
102.99
102.99
102.99
103.02
103.02
103.04
103.04
103.07
103.07
103.07
103.07
103.07
103.07
103.07
103.07
103.07
103.07
103.07
103.07
103.07
103.12
103.43
104.59
105.25
105.64
106.55
110.41
111.17
111.2
111.22
111.25
111.3
111.3
111.3
111.33
111.38
111.43
111.45
111.45
111.5
111.53
111.55
111.55
111.6
111.63
111.88
112.19
112.44
112.44
112.49
112.7
112.93
113.1
113.1
113.1
113.36
115.69
119.38
120.29
120.37
120.37
120.37
120.39
120.39
120.39
120.39
120.39
120.39
120.39
120.39
120.39
120.39
120.39
120.39
120.42
120.47
120.65
120.93
120.95
120.95
120.98
121
121
121
121.03
121.05
121.05
121.05
121.05
121.05
121.05
121.05
121.05
121.05
121.05
121.05
121.08
121.08
121.08
121.08
121.08
121.08
121.08
121.08
121.08
121.08
121.08
121.08
121.08
121.08
121.08
121.08
121.1
121.1
121.15
121.15
121.18
121.21
121.21
121.21
121.21
121.21
121.23
121.23
121.23
121.23
121.23
121.23
121.23
121.23
121.23
121.23
121.23
121.23
121.23
121.23
121.23
121.23
121.23
121.23
121.23
121.23
121.23
121.23
121.23
121.23
121.23
121.23
121.23
121.23
121.23
121.23
121.23
121.23
121.23
121.23
121.23
121.23
121.23
121.23
121.23
121.23
121.23
121.23
121.23
121.23
121.23
121.26
121.26
121.26
121.26
121.28
121.28
121.31
121.31
121.31
121.36
121.36
121.36
121.36
121.36
121.36
121.36
121.36
121.36
121.36
121.36
121.36
121.36
121.36
121.36
121.36
121.38
121.38
121.38
121.38
121.38
121.38
121.38
121.38
121.38
121.38
121.38
121.38
121.38
121.38
121.38
121.38
121.38
121.38
121.38
121.38
121.38
121.38
121.38
121.38
121.41
121.41
121.43
122.12
123.26
124.28
125.04
125.3
125.4
125.45
125.47
125.47
125.5
125.57
125.85
126.92
127.3
127.63
128.42
129.69
130.45
131.47
132.41
132.46
132.46
132.46
132.46
132.46
132.46
132.46
132.46
132.46
132.51
132.56
132.58
132.58
132.58
132.58
132.58
132.58
132.58
132.58
132.58
132.58
132.58
132.58
132.58
132.58
132.58
132.58
132.58
132.58
132.58
132.58
132.58
132.58
132.58
132.58
132.69
132.76
132.76
132.76
132.81
132.99
133.22
133.22
133.22
133.22
133.22
133.22
133.22
133.22
133.22
133.22
133.22
133.22
133.22
133.22
133.22
133.22
133.22
133.22
133.22
133.22
133.22
133.22
133.22
133.22
133.22
133.22
133.22
133.22
133.22
133.22
133.22
133.22
133.22
133.22
133.22
133.22
133.22
133.22
133.22
133.22
133.22
133.22
133.22
133.22
133.22
133.22
133.22
133.22
133.22
133.22
133.22
133.22
133.22
133.22
133.22
133.22
133.22
133.22
133.22
133.22
133.22
133.22
133.22
133.22
133.22
133.22
133.22
133.22
133.22
133.22
133.22
133.22
133.22
133.22
133.22
133.22
133.22
133.22
133.22
133.22
133.22
133.22
133.22
133.22
133.22
133.22
133.22
133.22
133.22
133.22
133.22
133.22
133.22
133.22
133.22
133.22
133.22
133.22
133.22
133.22
133.22
133.22
133.22
133.22
133.22
133.22
133.22
133.22
133.22
133.22
133.22
133.22
133.22
133.22
133.22
133.22
133.22
133.22
133.22
133.22
133.22
133.22
133.22
133.22
133.22
133.22
133.22
133.22
133.22
133.22
133.22
133.22
133.22
133.22
133.22
133.22
133.22
133.22
133.22
133.22
133.22
133.22
133.22
133.22
133.22
133.22
133.22
133.22
133.22
133.22
133.22
133.22
133.22
133.22
133.22
133.22
133.22
133.22
133.22
133.22
133.22
133.22
133.22
133.22
133.22
133.22
133.22
133.22
133.22
133.22
133.22
133.22
133.22
133.22
133.22
133.22
133.22
133.22
133.22
133.22
133.22
133.22
133.22
133.22
133.22
133.22
133.22
133.22
133.22
133.22
133.22
133.22
133.22
133.22
133.22
133.22
133.22
133.22
133.22
133.22
133.22
133.22
133.22
133.22
133.22
133.22
133.22
133.22
133.22
133.22
133.22
133.22
133.22
133.22
133.22
133.22
133.22
133.22
133.22
133.22
133.22
133.22
133.22
133.22
133.22
133.22
133.22
133.22
133.22
133.22
133.22
133.22
133.22
133.22
133.22
133.22
133.22
133.22
133.22
133.22
133.22
133.22
133.22
133.22
133.22
133.22
133.22
133.22
133.22
133.22
133.22
133.22
133.22
133.22
133.22
133.22
133.22
133.22
133.22
133.22
133.22
133.22
133.22
133.22
133.22
133.22
133.22
133.22
133.22
133.22
133.22
133.22
133.22
133.22
133.22
133.22
133.22
133.22
133.22
133.22
133.22
133.22
133.22
133.22
133.22
133.22
133.22
133.22
133.22
133.22
133.22
133.22
133.22
133.22
133.22
133.22
133.22
133.3
133.3
133.3
133.3
133.3
133.3
133.3
133.3
133.3
133.3
133.3
133.3
133.3
133.3
133.3
133.3
133.3
133.3
133.3
133.3
133.3
133.3
133.3
133.3
133.3
133.3
133.3
133.3
133.3
133.3
133.3
133.3
133.3
133.3
133.3
133.3
133.3
133.3
133.3
133.3
133.3
133.3
133.3
133.3
133.3
133.3
133.3
133.3
133.3
133.3
133.3
133.3
133.3
133.3
133.3
133.3
133.3
133.3
133.3
133.3
133.3
133.3
133.3
133.3
133.3
133.3
133.3
133.3
133.3
133.3
133.3
133.3
133.3
133.3
133.3
133.3
133.3
133.3
133.3
133.3
133.3
133.3
133.3
133.3
133.3
133.3
133.3
133.3
133.3
133.3
133.3
133.3
133.3
133.3
133.3
133.3
133.3
133.3
133.3
133.3
133.3
133.3
133.3
133.3
133.3
133.3
133.3
133.3
133.3
133.3
133.3
133.3
133.3
133.3
133.3
133.3
133.3
133.3
133.3
133.3
133.3
133.3
133.3
133.3
133.35
133.35
133.35
133.35
133.35
133.35
133.35
133.35
133.35
133.35
133.35
133.35
133.35
133.35
133.35
133.35
133.35
133.35
133.35
133.35
133.35
133.42
133.42
133.42
133.42
133.42
133.42
133.42
133.42
133.42
133.42
133.42
133.42
133.42
133.42
133.42
133.42
133.42
133.42
133.42
133.42
133.42
133.42
133.42
133.42
133.42
133.5
133.96
135.28
137.06
137.82
139.09
139.09
140.1
140.23
140.23
140.23
140.23
140.23
140.23
140.23
140.23
140.23
140.23
140.23
140.23
140.23
140.23
140.23
140.23
140.23
140.23
140.23
140.23
140.23
140.23
140.23
140.69
141.09
141.09
141.22
141.22
141.35
141.35
141.35
141.35
141.47
141.47
141.47
141.47
141.47
141.47
141.47
141.47
141.47
141.47
141.47
141.47
141.47
141.47
141.47
141.47
141.47
141.47
141.47
141.47
141.47
141.47
141.47
141.47
141.47
141.47
141.47
141.47
141.47
141.47
141.47
141.47
141.47
141.47
141.47
141.47
141.47
141.47
141.47
141.47
141.47
141.47
141.47
141.47
141.47
141.47
141.47
141.47
141.47
141.47
141.47
141.47
141.47
141.47
141.47
141.47
141.47
141.47
141.47
141.47
141.47
141.47
141.47
141.47
141.47
141.63
141.63
141.63
141.63
141.63
141.63
141.63
141.63
141.63
141.63
141.63
141.63
141.63
141.63
141.63
141.63
141.63
141.68
141.7
141.75
141.75
141.75
141.75
141.75
141.75
141.75
141.75
141.75
141.75
141.75
141.75
141.75
141.75
141.75
141.75
141.75
141.75
141.75
141.75
141.75
141.75
141.75
141.75
141.75
141.75
141.75
141.75
141.75
141.75
141.75
141.75
141.75
141.75
141.75
141.75
141.75
141.75
141.75
141.75
141.75
141.75
141.75
141.75
141.75
141.75
141.75
141.75
141.75
141.75
141.75
141.75
141.75
141.75
141.75
141.75
141.75
141.75
141.75
141.75
141.75
141.75
141.75
141.75
141.75
141.75
141.75
141.75
141.75
141.75
141.75
141.75
141.75
141.75
141.75
141.75
141.75
141.75
141.75
141.75
141.75
141.75
141.75
141.75
141.75
141.75
141.75
141.75
141.75
141.75
141.75
141.75
141.75
141.75
141.75
141.75
141.75
141.75
141.75
141.75
141.75
141.75
141.75
141.75
141.75
141.75
141.75
141.75
141.75
141.75
141.75
141.75
141.75
141.75
141.75
141.75
141.75
141.75
141.75
141.75
141.75
141.75
141.75
141.75
141.75
141.75
141.75
141.75
141.75
141.75
141.75
141.75
141.75
141.75
141.75
141.75
141.75
141.75
141.75
141.75
141.88
141.88
142.14
142.39
142.39
142.39
142.39
142.39
142.39
142.57
142.62
142.62
142.62
142.62
142.62
142.62
143.38
143.38
143.38
143.38
143.38
143.38
143.38
143.38
143.48
143.63
143.63
143.63
143.63
143.63
143.63
143.63
143.63
143.63
143.63
143.76
143.76
143.76
143.76
143.76
143.76
143.76
143.76
143.76
143.76
143.76
143.76
143.76
143.76
143.76
143.76
143.76
143.76
143.76
143.76
143.76
143.76
143.76
143.76
143.76
143.76
143.76
143.76
143.76
143.76
143.76
143.76
143.76
143.76
143.76
143.76
143.76
143.76
143.76
143.76
143.76
143.76
143.76
143.76
143.76
143.76
143.76
143.76
143.76
143.76
143.76
143.76
143.76
143.76
143.76
143.76
143.76
143.76
143.76
143.76
143.76
144.29
144.29
144.29
144.29
144.29
144.29
144.29
144.29
144.29
144.29
144.29
144.29
144.29
144.29
144.29
144.29
144.29
144.29
144.29
144.29
144.29
144.29
144.29
144.29
144.29
144.29
144.29
144.29
144.29
144.29
144.29
144.29
144.29
144.29
144.29
144.29
144.29
144.29
144.29
144.29
144.29
144.29
144.29
144.29
144.29
144.29
144.29
144.29
144.29
144.29
144.29
144.29
144.29
144.29
144.29
144.29
144.29
144.29
144.29
144.29
144.29
144.29
144.29
144.29
144.29
144.29
144.29
144.29
144.29
144.29
144.29
144.29
144.42
144.42
144.42
144.42
144.42
144.42
144.42
144.42
144.42
144.42
144.42
144.42
144.42
144.42
144.42
144.42
144.42
144.42
144.42
144.42
144.42
144.42
144.42
144.45
144.55
144.55
144.55
144.55
144.55
144.55
144.55
144.55
144.55
144.55
144.55
144.55
144.55
144.55
144.55
144.55
144.55
144.55
144.55
144.55
144.55
144.55
144.55
144.55
144.68
144.68
144.68
144.68
144.68
144.68
144.68
144.68
144.68
144.68
144.68
144.68
144.68
144.68
144.68
144.68
144.68
144.68
144.68
144.68
144.68
144.68
144.68
144.68
144.68
144.68
144.68
144.68
144.68
144.68
144.68
144.68
144.68
144.68
144.68
144.68
144.68
144.68
144.68
144.68
144.68
144.68
144.68
144.68
144.68
144.68
144.68
144.68
144.68
144.68
144.68
144.68
144.68
144.68
144.68
144.68
144.68
144.68
144.68
144.68
144.68
144.68
144.68
144.68
144.68
144.68
144.68
144.68
144.68
144.68
144.68
144.68
144.68
144.68
144.68
144.68
144.68
144.68
144.68
144.68
144.68
144.68
144.68
144.68
144.68
144.68
144.68
144.68
144.68
144.68
144.68
144.68
144.68
144.68
144.68
144.68
144.68
144.8
144.8
144.8
144.8
144.8
144.8
144.93
144.93
144.93
144.93
144.93
144.93
144.95
145.06
145.18
146.2
146.55
146.58
146.58
146.58
146.58
146.58
146.58
146.58
146.58
146.58
146.58
146.58
146.58
146.58
146.71
146.96
146.96
146.96
147.22
147.22
147.6
147.6
147.6
147.6
147.6
147.6
147.6
147.6
147.6
147.72
147.72
148.23
149.25
149.76
149.76
149.76
150.01
150.01
150.01
150.26
150.26
150.52
150.77
151.53
152.04
152.3
152.3
152.3
152.3
152.8
153.82
154.51
154.63
154.63
154.63
154.63
154.63
154.63
154.63
154.63
154.63
154.63
154.63
154.63
154.63
154.63
154.63
154.76
154.76
154.76
154.76
154.76
154.76
154.76
154.76
154.76
154.81
154.84
154.84
154.84
154.84
154.84
154.84
154.84
154.84
154.84
154.84
154.84
154.84
154.84
154.84
154.84
154.84
154.84
154.84
154.84
154.84
154.84
154.84
154.84
154.84
154.84
154.84
154.84
154.84
154.84
154.84
154.84
154.84
154.84
154.84
154.84
154.84
154.84
154.84
154.84
154.84
154.84
154.84
154.84
154.84
154.84
154.84
154.84
154.84
154.84
154.84
154.84
154.84
154.84
154.84
154.84
154.84
154.84
154.84
154.84
154.84
154.84
154.84
154.84
154.84
154.84
154.84
154.84
154.84
154.84
154.84
154.84
154.84
154.84
154.84
154.84
154.84
154.84
154.84
154.84
154.84
154.84
154.84
154.84
154.84
154.84
154.84
154.84
154.84
154.84
154.84
154.84
154.84
154.84
154.84
154.84
154.84
154.84
154.84
154.84
154.84
154.84
154.84
154.84
154.84
154.84
154.84
154.84
154.84
154.84
154.84
154.84
154.84
154.84
154.84
154.84
154.84
154.84
154.84
154.84
154.84
154.84
154.84
154.84
154.84
154.84
154.84
154.84
154.84
154.84
154.84
154.91
154.91
154.91
154.91
154.91
154.91
154.91
154.91
154.91
154.91
154.91
154.91
154.91
154.91
154.91
154.96
155.06
155.06
155.06
155.06
155.06
155.06
155.06
155.06
155.06
155.06
155.06
155.06
155.06
155.06
155.06
155.06
155.06
155.06
155.06
155.06
155.06
155.06
155.06
155.06
155.06
155.06
155.06
155.06
155.06
155.06
155.06
155.06
155.06
155.06
155.06
155.06
155.06
155.06
155.06
155.06
155.06
155.06
155.06
155.06
155.06
155.06
155.06
155.06
155.06
155.06
155.06
155.06
155.06
155.06
155.06
155.06
155.06
155.06
155.06
155.06
155.06
155.06
155.06
155.06
155.06
155.06
155.06
155.06
155.06
155.06
155.06
155.06
155.06
155.06
155.06
155.06
155.06
155.06
155.06
155.06
155.06
155.06
155.06
155.06
155.06
155.06
155.06
155.06
155.06
155.06
155.06
155.06
155.06
155.06
155.06
155.06
155.06
155.06
155.06
155.06
155.06
155.06
155.06
155.06
155.06
155.06
155.06
155.06
155.06
155.06
155.06
155.06
155.06
155.06
155.06
155.06
155.06
155.06
155.06
155.06
155.06
155.06
155.06
155.06
155.06
155.06
155.06
155.06
155.06
155.06
155.06
155.06
155.06
155.06
155.06
155.06
155.06
155.06
155.06
155.06
155.06
155.06
155.06
155.06
155.06
155.06
155.06
155.06
155.06
155.06
155.06
155.06
155.06
155.06
155.06
155.06
155.06
155.06
155.06
155.06
155.06
155.06
155.06
155.06
155.06
155.06
155.06
155.06
155.06
155.06
155.06
155.06
155.06
155.06
155.06
155.06
155.06
155.06
155.06
155.06
155.06
155.06
155.06
155.06
155.06
155.06
155.06
155.06
155.06
155.06
155.06
155.06
155.06
155.06
155.06
155.06
155.06
155.06
155.06
155.06
155.06
155.06
155.06
155.06
155.06
155.06
155.06
155.06
155.06
155.06
155.06
155.06
155.06
155.06
155.06
155.06
155.09
155.19
155.19
155.22
155.22
155.24
155.24
155.24
155.24
155.24
155.24
155.24
155.24
155.24
155.24
155.24
155.24
155.24
155.24
155.24
155.24
155.32
155.32
155.32
155.32
155.32
155.32
155.32
155.32
155.32
155.32
155.32
155.32
155.32
155.32
155.32
155.32
155.32
155.32
155.32
155.32
155.32
155.32
155.32
155.32
155.32
155.32
155.39
155.44
155.44
155.44
155.44
155.44
155.44
155.44
155.44
155.44
155.44
155.44
155.44
155.44
155.44
155.44
155.44
155.44
155.57
156
157.12
157.63
157.88
158.9
159.41
159.81
160.17
162.2
163.73
166.27
166.77
166.77
167.28
167.28
168.81
170.33
171.6
171.85
171.9
172.11
172.62
173.38
173.63
173.63
173.63
173.63
173.63
173.63
173.63
173.63
173.63
173.63
173.63
173.63
173.63
173.63
173.63
173.63
173.63
173.63
173.63
173.63
173.63
173.89
173.89
173.89
173.89
173.89
173.89
173.89
173.89
173.89
173.89
173.89
173.89
173.89
173.89
173.89
173.89
173.89
173.89
173.89
173.89
173.89
173.89
173.89
173.89
173.89
173.89
173.89
173.89
173.89
173.89
173.89
173.89
173.89
173.89
173.89
173.89
173.89
173.89
173.89
173.89
173.89
173.89
173.89
173.89
173.89
173.89
173.89
173.89
173.89
173.89
173.89
173.89
173.89
173.89
173.89
173.89
173.89
173.89
173.89
173.91
173.91
173.91
173.91
173.91
173.91
173.91
173.91
173.91
173.91
173.91
173.91
173.91
173.91
173.91
173.91
173.91
173.91
173.91
173.91
173.91
173.91
174.14
174.37
178.97
179.22
179.22
179.47
184.05
188.11
188.11
188.19
188.21
188.24
188.24
188.24
188.24
188.24
188.24
188.24
188.24
188.24
188.24
188.24
188.24
188.24
188.24
188.24
188.24
188.24
188.24
188.24
188.24
188.24
188.24
188.24
188.24
188.24
188.24
188.24
188.24
188.24
188.24
188.24
188.24
188.24
188.24
188.24
188.24
188.24
188.24
188.24
188.31
188.36
188.36
188.36
188.36
188.57
189.89
190.29
190.9
190.9
190.9
190.9
191.03
191.03
191.03
191.03
191.03
191.41
192.43
192.55
192.55
192.86
194.21
194.21
194.21
194.21
194.21
195.86
195.86
195.86
196.11
196.16
196.19
196.24
196.24
196.24
196.24
196.24
196.24
196.24
196.24
196.24
196.24
196.24
196.24
196.24
196.24
196.24
196.24
196.24
196.24
196.24
196.24
196.24
196.24
196.24
196.24
196.24
196.24
196.24
196.24
196.24
196.24
196.24
196.24
196.24
196.24
196.24
196.24
196.24
196.24
196.36
196.36
196.47
197.25
199.03
199.06
199.18
199.29
199.29
199.54
200.12
200.17
200.17
200.17
200.17
200.17
200.17
200.17
200.33
200.63
200.66
200.66
200.66
200.66
200.66
200.66
200.71
200.78
200.78
200.78
200.78
200.78
200.78
200.78
200.78
200.78
200.78
200.78
200.78
200.78
200.78
200.78
200.78
200.78
200.78
200.78
200.78
200.83
200.86
200.86
200.91
200.94
200.99
201.01
201.04
201.06
201.11
201.24
201.65
201.72
201.75
202.33
203.6
203.81
203.81
203.81
203.81
203.81
203.81
203.81
203.81
203.81
203.81
203.81
203.81
203.83
203.83
203.83
203.86
203.88
203.88
203.88
203.91
203.91
203.91
203.91
203.91
203.91
203.91
203.91
203.91
203.91
203.91
203.91
203.91
203.91
203.91
203.91
203.91
203.91
203.91
203.91
203.91
203.91
203.91
203.91
203.91
203.91
203.91
203.91
203.91
203.91
203.91
203.91
203.91
203.91
203.91
203.93
203.93
203.93
203.93
203.96
204.01
204.06
204.09
204.09
204.11
204.14
204.14
204.14
204.19
204.26
204.26
204.26
204.26
204.26
204.26
204.26
204.26
204.26
204.26
204.26
204.26
204.26
204.31
204.37
204.37
204.37
204.39
204.39
204.42
204.47
204.54
204.57
204.57
204.57
204.57
204.57
204.57
204.57
204.57
204.57
204.85
206.47
208.66
210
210.31
210.31
210.31
210.31
210.44
211.38
217.83
218.64
218.69
218.84
219.5
219.76
223.31
226.74
228.19
229.54
230.3
232.13
232.53
232.56
232.61
232.79
233.63
234.85
234.85
234.85
234.87
234.9
234.92
234.92
234.95
234.95
234.95
234.97
235
235
235.02
235.02
235.02
235.02
235.02
235.02
235.02
235.02
235.02
235.02
235.02
235.02
235.02
235.02
235.02
235.02
235.02
235.02
235.02
235.02
235.02
235.02
235.02
235.02
235.02
235.02
235.02
235.02
235.02
235.02
235.02
235.02
235.02
235.02
235.02
235.02
235.02
235.02
235.02
235.02
235.02
235.02
235.02
235.02
235.02
235.02
235.02
235.02
235.02
235.02
235.02
235.02
235.02
235.02
235.02
235.02
235.02
235.02
235.02
235.02
235.02
235.02
235.02
235.02
235.02
235.02
235.02
235.02
235.02
235.02
235.02
235.02
235.02
235.02
235.02
235.02
235.02
235.02
235.02
235.02
235.02
235.02
235.02
235.02
235.02
235.02
235.02
235.02
235.02
235.02
235.02
235.02
235.02
235.02
235.02
235.02
235.02
235.02
235.02
235.02
235.02
235.02
235.02
235.02
235.02
235.02
235.02
235.02
235.02
235.02
235.02
235.02
235.02
235.02
235.02
235.02
235.02
235.02
235.02
235.02
235.02
235.02
235.02
235.02
235.02
235.02
235.02
235.02
235.02
235.02
235.02
235.05
235.07
235.07
235.1
235.1
235.1
235.1
235.1
235.1
235.1
235.1
235.1
235.1
235.1
235.1
235.1
235.1
235.1
235.1
235.1
235.1
235.1
235.1
235.1
235.1
235.1
235.1
235.12
235.12
235.12
235.12
235.12
235.12
235.12
235.12
235.12
235.12
235.12
235.12
235.12
235.12
235.12
235.12
235.12
235.12
235.12
235.12
235.12
235.12
235.12
235.12
235.12
235.12
235.12
235.12
235.12
235.12
235.12
235.12
235.12
235.12
235.12
235.12
235.12
235.12
235.12
235.12
235.12
235.12
235.12
235.12
235.12
235.12
235.12
235.12
235.12
235.12
235.12
235.12
235.12
235.12
235.12
235.12
235.12
235.12
235.12
235.12
235.12
235.12
235.12
235.12
235.12
235.12
235.12
235.12
235.12
235.12
235.12
235.58
235.58
235.58
235.58
235.58
235.58
235.58
235.58
235.58
235.58
235.58
235.58
235.58
235.58
235.58
235.58
235.58
235.58
235.58
235.58
235.58
235.58
235.58
235.58
235.58
235.58
235.58
235.58
235.58
235.58
235.58
235.58
235.58
235.58
235.58
235.58
235.58
235.58
235.58
235.58
235.58
235.58
235.58
235.58
235.58
235.58
235.58
235.58
235.58
235.58
235.58
235.58
235.58
235.58
235.58
235.58
235.58
235.58
235.58
235.58
235.58
235.58
235.58
235.58
235.58
235.58
235.58
235.58
235.58
235.58
235.58
235.58
235.58
235.58
235.58
235.58
235.58
235.58
235.58
235.58
235.58
235.58
235.58
235.58
235.58
235.58
235.58
235.58
235.58
235.58
235.58
235.58
235.58
235.58
235.58
235.58
235.58
235.58
235.58
235.58
235.58
235.58
235.58
235.58
235.58
235.58
235.58
235.58
235.58
235.58
235.58
235.58
235.58
235.58
235.58
235.58
235.58
235.58
235.58
235.58
235.58
235.58
235.58
235.58
235.58
235.58
235.58
235.58
235.58
235.58
235.58
235.58
235.58
235.58
235.58
235.58
235.58
235.58
235.58
235.58
235.58
235.58
235.58
235.58
235.58
235.58
235.58
235.58
235.58
235.58
235.58
235.58
235.58
235.58
235.58
235.58
235.58
235.58
235.58
235.58
235.58
235.58
235.58
235.58
235.58
235.58
235.58
235.58
235.58
235.58
235.58
235.58
235.58
235.58
235.58
235.58
235.58
235.58
235.58
235.58
235.58
235.58
235.58
235.58
235.58
235.58
235.58
235.58
235.58
235.58
235.58
235.58
235.58
235.58
235.58
235.58
235.58
235.58
235.58
235.58
235.58
235.58
235.58
235.58
235.58
235.58
235.58
235.58
235.58
235.58
235.58
235.58
235.58
235.58
235.58
235.58
235.58
235.58
235.58
235.58
235.58
235.58
235.58
235.58
235.58
235.58
235.58
235.58
235.58
235.58
235.58
235.58
235.58
235.58
235.58
235.58
235.58
235.58
235.58
235.58
235.58
235.58
235.61
235.63
235.63
235.63
235.63
235.63
235.63
235.63
235.63
235.63
235.63
235.63
235.63
235.63
235.63
235.63
235.63
235.63
235.63
235.63
235.63
235.63
235.63
235.63
235.63
235.63
235.63
235.63
235.63
235.63
235.63
235.63
235.63
235.63
235.63
235.63
235.63
235.63
235.63
235.63
235.63
235.63
235.63
235.63
235.63
235.63
235.63
235.63
235.63
235.63
235.63
235.63
235.63
235.63
235.63
235.63
235.63
235.63
235.63
235.63
235.63
235.63
235.63
235.63
235.63
235.63
235.63
235.63
235.63
235.63
235.63
235.63
235.63
235.63
235.63
235.63
235.63
235.63
235.63
235.63
235.63
235.63
235.63
235.63
235.63
235.63
235.63
235.63
235.63
235.63
235.63
235.63
235.63
235.63
235.63
235.63
235.63
235.63
235.63
235.63
235.63
235.63
235.63
235.63
235.63
235.63
235.63
235.63
235.63
235.63
235.63
235.63
235.63
235.63
235.63
235.63
235.63
235.63
235.63
235.63
235.63
235.63
235.63
235.63
235.63
235.63
235.63
235.63
235.63
235.63
235.63
235.63
235.63
235.63
235.63
235.63
235.63
235.63
235.63
235.63
235.63
235.63
235.63
235.63
235.63
235.63
235.63
235.63
235.63
235.63
235.63
235.63
235.63
235.63
235.63
235.63
235.63
235.63
235.63
235.63
235.63
235.63
235.63
235.63
235.63
235.63
235.63
235.63
235.63
235.63
235.63
235.73
235.79
235.79
235.79
235.79
235.79
235.79
235.79
235.79
235.79
235.79
235.79
235.79
235.79
235.79
235.79
235.79
235.79
235.79
235.79
235.79
235.79
235.79
235.79
235.79
235.79
235.79
235.79
235.79
235.79
235.79
235.79
235.79
235.79
235.79
235.79
235.79
235.79
235.79
235.79
235.79
235.79
235.79
235.81
235.96
236.06
236.19
236.42
236.57
236.98
237.41
237.41
237.49
237.59
237.59
237.59
237.59
237.59
237.59
237.59
237.59
237.59
237.59
237.59
237.59
237.59
237.59
237.61
237.61
237.61
237.61
237.61
237.61
237.61
237.61
237.79
237.87
237.87
237.87
237.87
237.87
237.87
237.87
237.87
237.87
237.87
237.87
237.87
237.87
237.87
237.87
237.87
237.87
237.87
237.87
237.87
237.87
237.87
237.87
237.87
237.87
237.87
237.87
237.87
237.87
237.87
237.87
237.87
237.87
237.87
237.87
237.87
237.87
238.76
243.33
244.32
244.32
244.34
244.37
244.37
244.4
244.45
244.45
244.47
244.47
244.5
244.5
244.5
244.5
244.5
244.5
244.5
244.5
244.5
244.5
244.5
244.5
244.5
244.5
244.5
244.5
244.5
244.5
244.5
244.5
244.5
244.5
244.5
244.5
244.5
244.5
244.5
244.5
244.5
244.5
244.5
244.5
244.5
244.5
244.5
244.5
244.5
244.5
244.5
244.5
244.5
244.5
244.5
244.5
244.5
244.5
244.5
244.5
244.5
244.5
244.5
244.5
244.5
244.5
244.5
244.5
244.5
244.5
244.5
244.5
244.5
244.5
244.5
244.5
244.5
244.5
244.5
244.5
244.5
244.5
244.5
244.5
244.5
244.5
244.5
244.5
244.5
244.5
244.5
244.5
244.5
244.5
244.5
244.5
244.5
244.5
244.5
244.5
244.5
244.5
244.5
244.5
244.5
244.5
244.5
244.5
244.5
244.5
244.5
244.5
244.5
244.5
244.5
244.5
244.5
244.5
244.5
244.5
244.5
244.5
244.5
244.5
244.5
244.5
244.5
244.5
244.5
244.5
244.5
244.5
244.5
244.5
244.5
244.5
244.5
244.5
244.5
244.5
244.5
244.5
244.5
244.5
244.5
244.5
244.5
244.5
244.5
244.5
244.5
244.5
244.5
244.5
244.5
244.5
244.5
244.5
244.5
244.5
244.5
244.5
244.5
244.5
244.5
244.5
244.5
244.5
244.5
244.5
244.5
244.5
244.5
244.5
244.5
244.5
244.5
244.5
244.5
244.5
244.5
244.5
244.5
244.5
244.5
244.5
244.5
244.55
244.55
244.55
244.55
244.55
244.55
244.55
244.55
244.55
244.55
244.55
244.55
244.55
244.55
244.55
244.55
244.55
244.55
244.55
244.55
244.55
244.55
244.55
244.55
244.55
244.55
244.55
244.55
244.55
244.55
244.55
244.55
244.55
244.55
244.55
244.55
244.55
244.55
244.55
244.55
244.55
244.55
244.55
244.55
244.55
244.55
244.55
244.55
244.55
244.55
244.55
244.55
244.55
244.55
244.55
244.55
244.55
244.55
244.55
244.55
244.55
244.55
244.55
244.55
244.55
244.55
244.55
244.55
244.55
244.55
244.55
244.55
244.55
244.55
244.55
244.55
244.55
244.55
244.55
244.55
244.55
244.55
244.55
244.55
244.55
244.55
244.55
244.55
244.55
244.55
244.55
244.55
244.55
244.55
244.55
244.55
244.55
244.55
244.55
244.55
244.55
244.55
244.55
244.55
244.55
244.55
244.55
244.55
244.55
244.55
244.55
244.55
244.55
244.55
244.55
244.55
244.55
244.55
244.55
244.55
244.55
244.55
244.55
244.55
244.55
244.55
244.55
244.55
244.55
244.55
244.55
244.55
244.55
244.55
244.55
244.55
244.55
244.55
244.55
244.55
244.55
244.55
244.55
244.55
244.55
244.55
244.55
244.55
244.55
244.55
244.55
244.55
244.55
244.55
244.55
244.55
244.55
244.55
244.55
244.55
244.55
244.55
244.55
244.55
244.55
244.55
244.55
244.55
244.55
244.55
244.55
244.55
244.55
244.55
244.55
244.55
244.55
244.55
244.55
244.55
244.55
244.55
244.55
244.55
244.55
244.55
244.55
244.55
244.55
244.55
244.55
244.55
244.55
244.55
244.55
244.55
244.55
244.55
244.55
244.55
244.55
244.55
244.55
244.55
244.55
244.55
244.55
244.55
244.55
244.55
244.55
244.55
244.55
244.55
244.55
244.55
244.55
244.55
244.55
244.55
244.55
244.55
244.55
244.55
244.55
244.55
244.55
244.55
244.55
244.55
244.55
244.55
244.55
244.55
244.55
244.55
244.55
244.55
244.55
244.55
244.55
244.55
244.55
244.55
244.55
244.55
244.55
244.55
244.55
244.55
244.55
244.8
245.16
245.16
245.16
245.16
245.34
245.34
245.34
245.34
245.44
245.49
245.51
245.51
245.51
245.54
245.56
245.61
245.92
247.95
248.31
248.36
248.38
248.38
248.41
248.41
248.41
248.41
248.43
248.43
248.43
248.43
248.43
248.43
248.43
248.43
248.43
248.43
248.43
248.43
248.43
248.43
248.43
248.43
248.43
248.54
249.07
249.58
249.93
250.03
250.16
250.21
250.21
250.21
250.26
250.29
250.29
250.31
250.31
250.31
250.31
250.31
250.31
250.31
250.31
250.31
250.31
250.31
250.31
250.31
250.31
250.31
250.31
250.31
250.31
250.31
250.31
250.31
250.31
250.31
250.31
250.31
250.31
250.31
250.31
250.31
250.31
250.31
250.31
250.31
250.31
250.31
250.31
250.31
250.31
250.31
250.31
250.31
250.31
250.31
250.31
250.31
250.31
250.31
250.31
250.31
250.31
250.31
250.31
250.31
250.31
250.31
250.31
250.31
250.31
250.31
250.31
250.31
250.31
250.31
250.31
250.31
250.31
250.31
250.31
250.31
250.31
250.31
250.31
250.31
250.31
250.31
250.31
250.31
250.31
250.31
250.31
250.31
250.31
250.31
250.31
250.31
250.31
250.31
250.31
250.31
250.31
250.31
250.31
250.31
250.31
250.54
250.54
250.54
250.54
250.54
250.54
250.54
250.54
250.54
250.54
250.54
250.54
250.54
250.54
250.54
250.54
250.54
250.54
250.54
250.54
250.54
250.54
250.54
250.54
250.54
250.54
250.54
250.54
250.54
250.54
250.54
250.54
250.54
250.54
250.54
250.54
250.54
250.54
250.54
250.54
250.54
250.54
250.54
250.54
250.54
250.54
250.54
250.54
250.54
250.54
250.54
250.54
250.54
250.54
250.54
250.54
250.54
250.54
250.54
250.54
250.54
250.54
250.54
250.54
250.54
250.54
250.54
250.54
250.54
250.54
250.54
250.54
250.54
250.54
250.54
250.54
250.54
250.54
250.54
250.54
250.54
250.54
250.54
250.54
250.54
250.54
250.54
250.54
250.54
250.54
250.54
250.54
250.54
250.54
250.54
250.54
250.54
250.54
250.54
250.54
250.54
250.54
250.54
250.54
250.54
250.54
250.54
250.54
250.54
250.54
250.54
250.54
250.54
250.54
250.54
250.54
250.54
250.54
250.54
250.54
250.54
250.54
250.54
250.54
250.54
250.54
250.54
250.54
250.54
250.54
250.54
250.54
250.54
250.54
250.54
250.54
250.54
250.54
250.54
250.54
250.54
250.54
250.54
250.54
250.54
250.54
250.54
250.54
250.54
250.54
250.54
250.54
250.54
250.54
250.54
250.54
250.54
250.54
250.54
250.54
250.54
250.54
250.54
250.54
250.54
250.54
250.54
250.54
250.54
250.54
250.54
250.54
250.54
250.54
250.54
250.54
250.54
250.54
250.54
250.54
250.54
250.54
250.54
250.54
250.54
250.54
250.54
250.54
250.54
250.54
250.54
250.54
250.54
250.54
250.54
250.54
250.54
250.54
250.54
250.54
250.54
250.54
250.54
250.54
250.54
250.54
250.54
250.54
250.54
250.54
250.54
250.54
250.54
250.8
250.92
250.92
250.92
250.92
250.92
250.92
250.92
250.92
250.92
250.92
250.92
250.92
250.92
250.92
250.92
250.92
250.92
250.92
250.92
250.92
250.92
250.92
250.92
250.92
250.92
250.92
250.92
250.92
250.92
250.92
250.92
250.92
250.92
250.92
250.92
250.92
250.92
250.92
250.92
250.92
250.92
250.92
250.92
250.92
250.92
250.92
250.92
250.92
250.92
250.92
250.92
250.92
250.92
250.92
250.92
250.92
250.92
250.92
250.92
250.92
250.92
250.92
250.92
250.92
250.92
250.92
250.92
250.92
250.92
250.92
250.92
250.92
250.92
250.92
250.92
250.92
250.92
250.92
250.92
250.92
250.92
250.92
250.92
250.92
250.92
250.92
250.92
250.92
250.92
250.92
250.92
250.92
250.92
250.92
250.92
250.92
250.92
250.92
250.92
250.92
250.92
250.92
250.92
250.92
250.92
250.92
250.92
250.92
250.92
250.92
250.92
250.92
250.92
250.92
250.92
250.92
250.92
250.92
250.92
250.92
250.92
250.92
250.92
250.92
250.92
250.92
250.92
250.92
250.92
250.92
250.92
250.92
250.92
250.92
251
251
251
251
251
251
251
251
251
251
251
251
251
251
251
251
251
251
251
251
251
251
251
251
251
251
251
251
251
251
251
251
251
251
251
251
251
251
251
251
251
251
251
251
251
251
251
251
251
251
251
251
251
251
251
251
251
251
251
251
251
251
251
251
251
251
251
251
251
251
251
251
251
251
251
251
251
251
251
251
251
251
251
251
251
251
251
251
251
251
251
251
251
251
251
251
251
251
251
251
251
251
251
251
251
251
251
251
251
251
251
251
251
251
251
251
251
251
251
251
251
251
251
251
251.13
251.13
251.13
251.13
251.13
251.13
251.13
251.13
251.13
251.13
251.13
251.13
251.13
251.13
251.13
251.13
251.13
251.13
251.13
251.13
251.13
251.13
251.15
251.18
251.18
251.18
251.18
251.18
251.18
251.18
251.18
251.18
251.18
251.18
251.18
251.18
251.18
251.18
251.18
251.18
251.18
251.18
251.18
251.18
251.18
251.18
251.18
251.18
251.18
251.18
251.18
251.18
251.18
251.18
251.18
251.18
251.18
251.18
251.18
251.18
251.18
251.18
251.18
251.18
251.18
251.18
251.18
251.18
251.18
251.18
251.2
251.25
251.28
251.28
251.28
251.28
251.28
251.28
251.28
251.28
251.28
251.28
251.28
251.28
251.28
251.28
251.28
251.28
251.28
251.28
251.28
251.28
251.28
251.28
251.3
251.33
251.38
251.46
251.71
252.24
252.9
253.16
253.18
253.29
253.29
253.34
253.39
253.39
253.49
254.02
255.5
257.02
257.38
257.43
257.43
257.43
257.43
257.45
257.71
258.01
258.06
258.06
258.06
258.06
258.06
258.06
258.06
258.06
258.09
258.09
258.09
258.11
258.11
258.11
258.11
258.11
258.11
258.11
258.11
258.11
258.11
258.14
258.31
258.92
259
259
259.03
259.05
259.05
259.05
259.05
259.05
259.05
259.08
259.1
259.1
259.1
259.1
259.1
259.1
259.1
259.1
259.1
259.1
259.1
259.1
259.1
259.1
259.1
259.1
259.1
259.1
259.1
259.1
259.1
259.1
259.1
259.1
259.1
259.1
259.1
259.1
259.1
259.1
259.1
259.1
259.1
259.1
259.1
259.15
259.15
259.15
259.15
259.15
259.15
259.15
259.15
259.15
259.15
259.15
259.15
259.15
259.15
259.15
259.15
259.15
259.15
259.15
259.15
259.15
259.15
259.15
259.15
259.15
259.15
259.18
259.28
259.28
259.43
259.43
259.51
259.64
259.66
259.66
259.66
259.66
259.66
259.66
259.66
259.66
259.66
259.66
259.69
259.76
260.75
261.46
261.77
262.38
262.61
263.24
264.33
264.87
265.1
265.17
265.2
265.22
265.22
265.22
265.22
265.22
265.22
265.33
265.38
265.4
265.4
265.4
265.4
265.4
265.4
265.4
265.4
265.4
265.43
265.43
265.48
265.53
265.53
265.55
265.55
265.55
265.55
265.55
265.55
265.55
265.55
265.58
265.66
265.66
265.66
265.66
265.66
265.66
265.66
265.66
265.68
265.73
265.73
265.73
265.81
265.83
265.86
265.91
265.93
265.93
265.93
266.04
266.29
266.32
266.34
266.37
266.37
266.39
266.44
266.47
266.49
266.49
266.49
266.49
266.49
266.52
266.57
266.57
266.57
266.57
266.57
266.57
266.57
266.57
266.57
266.65
266.75
266.77
266.82
266.85
266.85
266.85
266.85
266.85
266.85
266.85
266.85
266.85
266.85
266.85
266.85
266.85
266.85
266.85
266.85
266.85
266.85
266.85
266.85
266.85
266.85
266.85
266.85
266.85
266.85
266.85
266.85
266.85
266.85
266.85
266.85
266.85
266.85
266.85
266.85
266.85
266.85
266.85
266.85
266.85
266.85
266.85
266.85
266.85
266.85
266.85
266.85
266.85
266.85
266.85
266.85
266.85
266.85
266.85
266.85
266.85
266.85
266.85
266.85
266.85
266.85
266.85
266.85
266.85
266.85
266.85
266.85
266.85
266.85
266.85
266.85
266.85
266.85
266.85
266.85
266.85
266.85
266.85
266.85
266.85
266.85
266.85
266.85
266.85
266.85
266.85
266.85
266.85
266.85
266.85
266.85
266.85
266.85
266.85
266.85
266.85
266.85
266.85
266.85
266.85
266.85
266.85
266.85
266.85
266.85
266.85
266.85
266.85
266.85
266.85
266.85
266.85
266.85
266.85
266.85
266.85
266.85
266.85
266.85
266.85
266.85
266.85
266.85
266.87
266.93
266.93
266.93
266.93
266.93
266.93
266.93
266.93
266.93
266.93
266.93
266.93
266.93
266.93
266.93
266.93
266.93
266.93
266.93
266.93
266.93
266.93
266.93
266.93
266.93
266.93
266.93
266.93
266.93
266.93
266.93
266.93
266.93
266.93
266.93
266.93
266.93
266.93
266.93
266.98
266.98
266.98
266.98
266.98
267.13
267.2
267.2
267.2
267.2
267.2
267.2
267.2
267.2
267.2
267.28
267.31
267.31
267.31
267.31
267.31
267.31
267.31
267.31
267.31
267.31
267.31
267.36
267.43
267.43
267.43
267.43
267.43
267.43
267.43
267.43
267.43
267.43
267.43
267.43
267.51
267.51
267.51
267.51
267.51
267.51
267.51
267.51
267.51
267.51
267.51
267.51
267.51
267.51
267.51
267.51
267.51
267.51
267.51
267.51
267.51
267.66
267.66
267.66
267.66
267.66
267.66
267.66
267.66
267.66
267.66
267.66
267.66
267.66
267.66
267.66
267.66
267.66
267.66
267.66
267.66
267.66
267.66
267.66
267.66
267.66
267.66
267.66
267.66
267.66
267.66
267.66
267.66
267.66
267.66
267.66
267.66
267.66
267.66
267.66
267.66
267.66
267.66
267.66
267.66
267.66
267.66
267.66
267.66
267.66
267.66
267.66
267.66
267.66
267.66
267.66
267.66
267.66
267.66
267.66
267.66
267.66
267.66
267.66
267.66
267.66
267.66
267.66
267.66
267.66
267.66
267.66
267.66
267.66
267.66
267.66
267.66
267.66
267.66
267.66
267.66
267.66
267.66
267.66
267.66
267.66
267.66
267.66
267.66
267.66
267.66
267.66
267.66
267.66
267.66
267.66
267.66
267.66
267.66
267.66
267.66
267.66
267.66
267.66
267.66
267.66
267.66
267.66
267.66
267.66
267.66
267.66
267.66
267.66
267.66
267.66
267.66
267.66
267.66
267.66
267.66
267.66
267.66
267.66
267.66
267.76
267.76
267.76
267.76
267.76
267.76
267.76
267.76
267.76
267.76
267.76
267.76
267.76
267.76
267.76
267.76
267.76
267.76
267.76
267.76
267.76
267.76
267.76
267.76
267.76
267.76
267.76
267.76
267.76
267.76
267.76
267.76
267.76
267.76
267.76
267.76
267.76
267.76
267.76
267.76
267.76
267.76
267.76
267.76
267.76
267.76
267.76
267.76
267.76
267.92
267.94
267.94
267.94
267.94
267.94
267.94
267.94
267.94
267.94
268.02
268.45
271.62
272.77
272.82
273.2
274.85
275.1
275.13
275.13
275.13
275.13
275.13
275.16
275.21
275.23
275.23
275.23
275.26
275.28
275.28
275.28
275.31
275.31
275.31
275.31
275.31
275.31
275.33
275.41
275.41
275.41
275.41
276.12
277.57
277.67
277.7
277.72
277.75
277.75
277.77
277.82
277.85
277.9
277.92
277.92
277.92
278.08
278.28
278.41
278.51
278.53
278.53
278.53
278.53
278.53
278.53
278.53
278.53
278.53
278.53
278.53
278.53
278.53
278.53
278.53
278.53
278.53
278.53
278.53
278.53
278.53
278.53
278.53
278.53
278.53
278.53
278.53
278.53
278.56
278.56
278.56
278.56
278.84
279.19
279.37
279.45
279.45
279.45
279.47
279.5
279.5
279.52
279.52
279.52
279.55
279.55
279.55
279.55
279.55
279.55
279.55
279.55
279.55
279.55
279.55
279.55
279.55
279.55
279.55
279.55
279.55
279.55
279.55
279.55
279.55
279.55
279.55
279.55
279.55
279.55
279.55
279.55
279.55
279.55
279.55
279.55
279.55
279.55
279.55
279.55
279.55
279.55
279.55
279.57
279.6
279.6
279.6
279.6
279.6
279.6
279.6
279.6
279.6
279.6
279.6
279.6
279.6
279.6
279.6
279.6
279.6
279.6
279.6
279.6
279.6
279.6
279.6
279.6
279.6
279.6
279.6
279.6
279.6
279.6
279.6
279.6
279.6
279.6
279.6
279.6
279.6
279.6
279.6
279.6
279.6
279.6
279.6
279.6
279.6
279.6
279.6
279.6
279.6
279.6
279.6
279.6
279.6
279.6
279.6
279.63
279.63
279.63
279.63
279.63
279.63
279.7
279.73
279.78
279.8
279.8
279.8
279.8
279.8
279.8
279.8
279.8
279.8
279.8
279.8
279.8
279.8
279.8
279.8
279.8
279.8
279.8
279.8
279.8
279.8
279.8
279.8
279.8
279.8
279.8
279.8
279.8
279.8
279.8
279.8
279.8
279.8
279.8
279.8
279.8
279.8
279.8
279.8
279.8
279.8
279.8
279.8
279.8
279.8
279.8
279.8
279.8
279.8
279.8
279.8
279.8
279.8
279.8
279.8
279.8
279.8
279.8
279.8
279.8
279.8
279.8
279.8
279.8
279.8
279.8
279.8
279.8
279.8
279.8
279.8
279.8
279.8
279.8
279.8
279.8
279.8
279.8
279.8
279.8
279.8
279.8
279.8
279.8
279.8
279.8
279.8
279.8
279.8
279.8
279.8
279.8
279.8
279.8
279.8
279.8
279.8
279.8
279.8
279.8
279.8
279.8
279.8
279.8
279.8
279.8
279.8
279.8
279.8
279.8
279.8
279.8
279.8
279.8
279.8
279.8
279.8
279.8
279.8
279.8
279.8
279.8
279.8
279.8
279.83
279.83
279.85
279.85
279.85
279.85
279.85
279.85
279.85
279.85
279.85
279.85
279.85
279.85
279.85
279.85
279.85
279.85
279.85
279.85
279.85
279.85
279.85
279.85
279.9
279.93
280.03
280.24
280.24
280.24
280.31
280.41
280.41
280.41
280.41
280.41
280.41
280.41
280.41
280.41
280.41
280.41
280.41
280.41
280.41
280.41
280.41
280.41
280.41
280.41
280.41
280.41
280.41
280.41
280.41
280.41
280.41
280.41
280.41
280.41
280.41
280.41
280.41
280.41
280.41
280.41
280.41
280.41
280.41
280.41
280.41
280.41
280.41
280.41
280.41
280.41
280.41
280.41
280.41
280.41
280.41
280.41
280.41
280.41
280.41
280.41
280.41
280.41
280.41
280.41
280.41
280.41
280.41
280.41
280.41
280.41
280.41
280.41
280.41
280.41
280.41
280.41
280.41
280.41
280.41
280.41
280.41
280.41
280.41
280.41
280.41
280.41
280.41
280.41
280.41
280.41
280.41
280.41
280.41
280.41
280.41
280.41
280.41
280.41
280.41
280.41
280.41
280.41
280.41
280.41
280.41
280.41
280.41
280.41
280.41
280.41
280.41
280.41
280.41
280.41
280.41
280.41
280.41
280.41
280.41
280.41
280.41
280.41
280.41
280.41
280.41
280.41
280.41
280.41
280.41
280.41
280.41
280.41
280.41
280.41
280.41
280.41
280.41
280.41
280.41
280.41
280.41
280.41
280.41
280.41
280.41
280.41
280.41
280.41
280.41
280.41
280.41
280.41
280.41
280.41
280.41
280.41
280.41
280.41
280.41
280.41
280.41
280.41
280.41
280.41
280.41
280.41
280.41
280.41
280.41
280.41
280.41
280.41
280.41
280.41
280.41
280.41
280.41
280.41
280.41
280.41
280.41
280.41
280.41
280.41
280.41
280.41
280.41
280.41
280.41
280.41
280.41
280.41
280.41
280.41
280.41
280.41
280.41
280.41
280.41
280.41
280.41
280.41
280.41
280.41
280.41
280.41
280.41
280.41
280.41
280.41
280.41
280.41
280.41
280.41
280.41
280.41
280.41
280.41
280.41
280.41
280.41
280.41
280.41
280.41
280.41
280.41
280.41
280.41
280.41
280.41
280.41
280.41
280.41
280.41
280.41
280.41
280.41
280.41
280.41
280.41
280.41
280.41
280.41
280.41
280.41
280.41
280.41
280.41
280.41
280.41
280.41
280.41
280.41
280.41
280.41
280.41
280.41
280.41
280.41
280.41
280.41
280.41
280.41
280.41
280.41
280.41
280.41
280.41
280.41
280.41
280.41
280.41
280.41
280.41
280.41
280.41
280.41
280.41
280.41
280.41
280.41
280.41
280.44
280.46
280.46
280.51
280.51
280.57
280.57
280.59
280.59
280.59
280.59
280.59
280.59
280.59
280.59
280.59
280.59
280.59
280.59
280.59
280.59
280.59
280.59
280.59
280.59
280.59
280.59
280.59
280.59
280.59
280.59
280.59
280.59
280.59
280.59
280.59
280.59
280.59
280.59
280.59
280.59
280.59
280.59
280.59
280.59
280.59
280.59
280.59
280.59
280.59
280.59
280.59
280.59
280.59
280.59
280.59
280.59
280.59
280.59
280.59
280.59
280.59
280.59
280.59
280.59
280.59
280.59
280.59
280.59
280.59
280.59
280.59
280.59
280.59
280.59
280.59
280.59
280.59
280.59
280.59
280.59
280.59
280.59
280.59
280.59
280.59
280.59
280.59
280.59
280.59
280.59
280.59
280.59
280.59
280.59
280.59
280.59
280.59
280.59
280.64
280.69
280.69
280.69
280.69
280.69
280.69
280.69
280.69
280.69
280.69
280.69
280.69
280.69
280.69
280.69
280.69
280.69
280.69
280.69
280.69
280.69
280.69
280.69
280.69
280.69
280.69
280.69
280.69
280.69
280.69
280.69
280.69
280.69
280.69
280.69
280.69
280.69
280.69
280.69
280.69
280.69
280.69
280.69
280.69
280.69
280.69
280.69
280.69
280.69
280.69
280.69
280.69
280.69
280.69
280.69
280.69
280.69
280.69
280.69
280.69
280.69
280.69
280.69
280.69
280.69
280.69
280.69
280.69
280.69
280.69
280.69
280.69
280.69
280.69
280.69
280.69
280.69
280.69
280.69
280.69
280.69
280.69
280.69
280.69
280.69
280.69
280.69
280.69
280.69
280.69
280.69
280.69
280.69
280.69
280.69
280.69
280.72
280.74
280.79
280.82
280.82
280.82
280.82
280.82
280.82
280.82
280.82
280.9
281.02
281.05
281.07
281.07
281.1
281.12
281.25
282.24
282.42
282.62
282.67
283.51
285.09
285.44
289.46
292.33
295.6
296.11
296.36
297.43
298.27
298.6
298.6
298.62
298.62
298.65
298.65
298.65
298.65
298.65
298.65
298.65
298.65
298.65
298.65
298.65
298.65
298.65
298.65
298.65
298.65
298.65
298.65
298.65
298.65
298.73
298.9
298.9
298.93
299.01
299.01
299.13
299.26
299.34
299.34
299.36
299.36
299.39
300.05
300.61
301.55
302.1
302.36
302.54
302.56
302.64
302.64
302.64
302.69
302.76
302.97
303.02
303.02
303.02
303.02
303.02
303.02
303.02
303.02
303.02
303.02
303.02
303.02
303.02
303.04
303.07
303.1
303.1
303.12
303.12
303.12
303.12
303.12
303.12
303.12
303.12
303.12
303.12
303.12
303.12
303.12
303.12
303.12
303.12
303.12
303.12
303.12
303.12
303.12
303.12
303.15
303.17
303.2
303.2
303.2
303.2
303.2
303.2
303.2
303.2
303.2
303.2
303.2
303.2
303.2
303.2
303.2
303.2
303.2
303.2
303.2
303.45
304.01
304.57
304.9
305.38
306.57
307.64
308.66
309.67
310.44
311.2
312.47
312.98
314.25
315.01
315.26
315.52
316.02
316.79
317.8
319.33
320.65
320.85
321.87
321.87
321.87
321.87
322.6
323.44
323.54
323.54
323.54
323.54
323.54
323.54
323.54
323.54
323.54
323.54
323.54
323.54
323.54
323.54
323.54
323.54
323.54
323.54
323.54
323.54
323.54
323.54
323.54
323.54
323.54
323.54
323.54
323.54
323.54
323.54
323.54
323.54
323.54
323.54
323.54
323.54
323.54
323.54
323.54
323.54
323.54
323.54
323.54
323.54
323.54
323.54
323.54
323.54
323.54
323.54
323.54
323.54
323.54
323.54
323.54
323.59
323.69
323.69
323.69
323.69
323.69
323.9
323.95
323.95
323.95
323.95
323.95
323.95
323.95
324.05
324.13
324.13
324.13
324.25
324.25
324.25
324.25
324.25
324.25
324.25
324.25
324.25
324.25
324.25
324.25
324.25
324.25
324.25
324.25
324.25
324.25
324.25
324.25
324.25
324.25
324.25
324.25
324.25
324.41
324.51
324.66
324.91
324.91
324.91
324.91
324.91
324.91
324.91
325.17
325.17
325.68
327.45
329.49
330.76
332.03
332.53
333.55
334.06
334.06
334.06
334.06
334.06
334.06
334.06
334.06
334.06
334.06
334.11
334.31
334.31
334.31
334.57
334.57
334.82
334.95
334.95
334.95
334.95
334.95
334.95
334.95
334.95
334.95
334.95
334.95
334.95
334.95
334.95
334.95
334.95
334.95
334.95
334.95
334.95
334.95
334.95
335.07
335.12
335.33
336.06
336.22
336.34
336.34
336.34
336.34
336.34
336.34
336.34
336.34
336.34
336.34
336.34
336.34
336.34
336.34
336.34
336.34
336.34
336.34
336.42
336.42
336.42
336.42
336.45
336.47
336.47
336.57
336.57
336.57
336.57
336.57
336.57
336.57
336.57
336.6
336.6
336.6
336.6
336.6
336.6
336.6
336.6
336.6
336.6
336.6
336.6
336.6
336.6
336.6
336.6
336.6
336.6
336.6
336.6
336.6
336.6
336.6
336.6
336.6
336.6
336.6
336.6
336.6
336.6
336.6
336.6
336.6
336.6
336.6
336.6
336.6
336.62
336.62
336.65
336.65
336.72
336.72
336.72
336.72
336.72
336.72
336.72
336.72
336.72
336.72
336.72
336.72
336.72
336.72
336.85
336.85
337.36
338.38
339.39
339.65
339.77
339.77
339.77
339.77
339.77
339.77
339.77
339.9
339.9
339.9
339.9
339.9
339.9
339.9
339.9
339.9
339.9
339.9
339.9
339.98
339.98
339.98
339.98
339.98
339.98
339.98
339.98
339.98
339.98
339.98
339.98
339.98
339.98
339.98
339.98
339.98
339.98
339.98
339.98
339.98
339.98
339.98
339.98
339.98
339.98
339.98
339.98
339.98
339.98
339.98
339.98
339.98
339.98
339.98
339.98
339.98
339.98
339.98
339.98
339.98
339.98
339.98
339.98
339.98
339.98
339.98
339.98
339.98
339.98
339.98
339.98
339.98
339.98
339.98
339.98
339.98
339.98
339.98
339.98
339.98
339.98
339.98
339.98
339.98
339.98
339.98
339.98
339.98
339.98
339.98
339.98
339.98
339.98
339.98
339.98
339.98
339.98
339.98
339.98
339.98
340.03
340.1
340.1
340.1
340.1
340.1
340.1
340.1
340.1
340.1
340.1
340.1
340.1
340.1
340.1
340.1
340.1
340.1
340.1
340.1
340.1
340.1
340.1
340.1
340.1
340.1
340.1
340.1
340.1
340.1
340.1
340.1
340.1
340.1
340.1
340.1
340.1
340.1
340.13
340.15
340.15
340.15
340.15
340.15
340.15
340.15
340.15
340.15
340.15
340.15
340.15
340.15
340.15
340.15
340.15
340.15
340.15
340.15
340.15
340.15
340.15
340.15
340.15
340.15
340.15
340.15
340.15
340.15
340.15
340.15
340.15
340.41
340.66
340.92
341.17
341.17
341.17
341.42
341.68
342.19
342.44
342.44
342.44
342.69
342.69
342.95
342.95
342.95
343.2
343.2
343.23
343.58
343.84
344.09
344.09
344.09
344.09
344.09
344.09
344.09
344.09
344.09
344.09
344.09
344.09
344.09
344.09
344.09
344.09
344.12
344.22
344.22
344.22
344.22
344.22
344.22
344.22
344.22
344.22
344.22
344.22
344.22
344.22
344.22
344.22
344.22
344.22
344.22
344.22
344.22
344.22
344.22
344.22
344.22
344.22
344.22
344.22
344.22
344.22
344.22
344.22
344.22
344.22
344.22
344.22
344.22
344.22
344.22
344.22
344.22
344.22
344.22
344.22
344.22
344.22
344.22
344.22
344.22
344.22
344.22
344.22
344.22
344.22
344.22
344.22
344.22
344.22
344.22
344.22
344.22
344.22
344.22
344.22
344.22
344.22
344.22
344.22
344.22
344.22
344.22
344.22
344.22
344.22
344.22
344.22
344.22
344.22
344.22
344.22
344.22
344.22
344.22
344.22
344.22
344.22
344.22
344.22
344.22
344.22
344.22
344.22
344.22
344.22
344.22
344.22
344.22
344.22
344.22
344.22
344.22
344.22
344.22
344.22
344.22
344.22
344.22
344.22
344.22
344.22
344.22
344.22
344.22
344.22
344.22
344.22
344.22
344.22
344.22
344.22
344.22
344.22
344.22
344.22
344.22
344.22
344.22
344.22
344.22
344.22
344.22
344.22
344.22
344.22
344.22
344.22
344.22
344.22
344.22
344.22
344.22
344.22
344.22
344.22
344.22
344.22
344.22
344.22
344.22
344.22
344.22
344.22
344.22
344.22
344.22
344.22
344.22
344.22
344.22
344.22
344.22
344.22
344.22
344.22
344.22
344.22
344.22
344.22
344.22
344.22
344.22
344.22
344.22
344.22
344.22
344.22
344.22
344.57
344.57
344.57
344.57
344.57
344.57
344.57
344.57
344.57
344.67
344.73
344.73
344.73
344.73
344.73
344.73
344.73
344.73
344.73
344.73
344.73
344.73
344.73
344.73
344.73
344.73
344.73
344.73
344.73
344.73
344.73
344.73
344.73
344.73
344.73
344.73
344.73
344.73
344.73
344.73
344.73
344.73
344.73
344.73
344.73
344.73
344.73
344.73
344.73
344.73
344.73
344.73
344.73
344.73
344.73
344.73
344.73
344.73
344.73
344.73
344.73
344.73
344.73
344.73
344.73
344.73
344.73
344.73
344.73
344.73
344.73
344.73
344.73
344.73
344.73
344.73
344.73
344.73
344.73
344.73
344.73
344.73
344.73
344.73
344.73
344.73
344.73
344.73
344.73
344.73
344.73
344.73
344.73
344.73
344.73
344.73
344.73
344.73
344.75
344.78
344.83
344.85
344.85
344.85
344.88
344.88
344.88
344.88
344.88
344.88
344.88
344.9
345.16
345.51
345.59
345.59
345.74
346
346.17
346.2
346.2
346.2
346.2
346.2
346.2
346.2
346.2
346.2
346.2
346.2
346.2
346.2
346.2
346.22
346.22
346.22
346.22
346.25
347.34
349.73
350.97
351.79
352.7
353.59
353.82
353.82
353.82
353.82
353.82
353.84
353.84
353.84
353.84
353.84
353.84
353.84
353.84
353.84
353.84
353.84
353.84
353.84
353.84
353.84
353.84
353.84
353.84
353.84
353.84
353.84
353.87
353.92
353.95
353.95
353.95
353.95
353.95
353.95
353.95
353.95
353.95
353.95
353.97
353.97
354
354.12
354.4
354.45
354.5
354.5
354.56
354.61
354.61
354.61
355.14
355.14
355.14
355.14
355.14
355.14
355.14
355.14
355.14
355.14
355.14
355.14
355.14
355.14
355.14
355.14
355.14
355.14
355.14
355.14
355.14
355.14
355.14
355.14
355.17
355.24
355.27
355.27
355.27
355.27
355.27
355.27
355.27
355.27
355.27
355.27
355.27
355.27
355.27
355.27
355.27
355.27
355.27
355.27
355.27
355.27
355.27
355.27
355.27
355.29
355.34
355.37
355.37
355.37
355.37
355.37
355.37
355.39
355.39
355.39
355.39
355.39
355.42
355.42
355.42
355.42
355.42
355.44
355.52
355.6
355.62
355.62
355.62
355.65
355.72
355.98
356
356.08
356.13
356.16
356.16
356.16
356.18
356.18
356.18
356.18
356.18
356.18
356.21
356.21
356.21
356.21
356.21
356.21
356.21
356.21
356.21
356.21
356.21
356.21
356.21
356.21
356.21
356.21
356.21
356.21
356.21
356.21
356.21
356.21
356.21
356.21
356.21
356.21
356.21
356.21
356.21
356.21
356.21
356.21
356.21
356.21
356.21
356.21
356.21
356.21
356.21
356.21
356.21
356.21
356.21
356.21
356.21
356.21
356.21
356.21
356.21
356.21
356.21
356.21
356.21
356.21
356.21
356.21
356.21
356.21
356.21
356.21
356.21
356.21
356.21
356.21
356.21
356.21
356.21
356.21
356.21
356.21
356.21
356.21
356.21
356.21
356.22
356.22
356.22
356.22
356.24
356.24
356.24
356.24
356.24
356.24
356.24
356.24
356.24
356.24
356.24
356.24
356.24
356.24
356.24
356.24
356.24
356.24
356.24
356.24
356.24
356.26
356.26
356.26
356.28
356.28
356.28
356.34
356.63
357.25
357.36
357.36
357.36
357.36
357.36
357.36
357.39
357.47
357.65
357.71
357.81
357.87
357.87
357.87
357.87
357.9
358.1
358.32
358.33
358.33
358.33
358.33
358.36
358.58
359.32
359.81
360.07
360.07
360.07
360.09
360.09
360.19
360.23
360.26
360.26
360.26
360.26
360.26
360.75
360.75
360.75
360.75
360.8
361
361
361
361.01
361.01
361.01
361.01
361.01
361.07
361.49
362.72
363.4
363.49
363.88
364.98
366.11
366.85
367.35
368.74
371.58
375.62
378.18
379.72
380.63
381.56
382.14
383.51
385.44
387.88
388.35
388.48
388.49
388.49
388.54
388.64
389.26
389.62
390.48
391.1
391.82
394.12
395.28
396.72
397.87
398.03
398.05
398.08
398.09
398.12
398.32
398.63
399.26
399.79
400.61
400.61
400.93
401.1
401.1
401.1
401.1
401.1
401.1
401.1
401.1
401.1
401.1
401.1
401.1
401.1
401.1
401.1
401.1
401.1
401.1
401.1
401.1
401.1
401.1
401.1
401.1
401.1
401.1
401.1
401.1
401.1
401.1
401.1
401.1
401.1
401.1
401.1
401.1
401.1
401.1
401.1
401.1
401.1
401.1
401.1
401.1
401.1
401.1
401.1
401.1
401.1
401.1
401.1
401.1
401.1
401.1
401.1
401.1
401.1
401.1
401.1
401.1
401.1
401.1
401.1
401.1
401.1
401.1
401.1
401.1
401.1
401.1
401.1
401.1
401.1
401.1
401.1
401.13
401.19
401.19
401.19
401.19
401.19
401.19
401.19
401.19
401.19
401.19
401.19
401.19
401.19
401.19
401.19
401.19
401.19
401.19
401.19
401.19
401.19
401.19
401.19
401.19
401.19
401.19
401.19
401.19
401.19
401.19
401.19
401.19
401.26
401.33
401.41
401.48
401.48
401.48
401.48
401.48
401.48
401.48
401.48
401.48
401.48
401.48
401.48
401.48
401.48
401.48
401.48
401.48
401.48
401.48
401.48
401.48
401.48
401.48
401.48
401.48
401.48
401.48
401.48
401.48
401.48
401.48
401.48
401.48
401.48
401.48
401.48
401.48
401.48
401.48
401.48
401.48
401.48
401.48
401.48
401.48
401.48
401.48
401.48
401.48
401.48
401.48
401.48
401.48
401.48
401.48
401.48
401.48
401.48
401.48
401.48
401.48
401.48
401.48
401.48
401.48
401.48
401.48
401.48
401.48
401.48
401.48
401.48
401.48
401.48
401.48
401.48
401.48
401.48
401.48
401.48
401.48
401.48
401.48
401.48
401.48
401.48
401.48
401.48
401.48
401.48
401.48
401.48
401.48
401.48
401.48
401.48
401.48
401.48
401.48
401.48
401.49
401.5
401.51
401.52
401.53
401.53
401.53
401.53
401.56
401.56
401.57
401.57
401.57
401.59
401.61
401.61
401.62
401.62
401.62
401.62
401.62
401.62
401.62
401.62
401.62
401.62
401.62
401.62
401.62
401.62
401.62
401.62
401.62
401.62
401.62
401.62
401.62
401.62
401.62
401.62
401.62
401.62
401.62
401.62
401.62
401.62
401.62
401.62
401.62
401.62
401.62
401.63
401.63
401.63
401.64
401.64
401.65
401.65
401.66
401.66
401.67
401.67
401.67
402.14
406.74
407.57
416.87
422.2
424.63
424.88
424.91
424.92
424.92
424.92
424.92
424.92
424.92
424.92
424.92
424.92
424.92
424.92
424.92
424.92
424.92
424.92
424.92
424.92
424.92
424.92
424.92
424.92
424.92
424.92
424.92
424.92
424.92
424.92
424.92
424.92
424.92
424.92
424.92
424.92
424.92
424.92
424.92
424.92
424.92
424.92
424.92
424.92
424.92
424.92
424.92
424.92
424.92
424.92
424.92
424.92
424.92
424.92
424.92
424.92
424.92
424.92
424.92
424.92
424.92
424.92
424.92
424.92
424.92
424.92
424.92
424.92
424.92
424.92
424.92
424.92
424.92
424.92
424.92
424.92
424.92
424.92
425.39
425.86
426.34
427.91
427.91
427.91
427.91
427.91
427.91
427.91
427.91
427.91
427.91
427.91
427.91
427.91
427.91
427.91
427.91
427.91
427.91
427.91
427.91
427.91
427.91
427.91
427.91
427.91
427.91
427.91
427.91
427.91
427.91
427.91
427.91
427.91
427.91
427.91
427.91
427.91
427.91
427.91
427.91
427.91
427.91
427.91
427.91
427.91
427.91
427.91
427.91
427.91
427.91
427.91
427.91
427.91
427.91
427.91
427.91
427.91
427.91
427.91
427.91
427.91
427.91
427.91
427.91
427.91
427.91
427.91
427.91
427.91
427.91
427.91
427.91
427.91
427.91
427.91
427.91
427.91
427.91
427.91
427.91
427.91
427.91
427.91
427.91
427.91
427.91
427.91
427.91
427.91
427.91
427.91
427.91
427.91
427.91
427.91
427.91
427.91
427.91
427.91
427.91
427.91
427.91
427.91
427.91
427.91
427.91
427.91
427.91
427.91
428.7
428.7
430.28
430.28
431.85
431.85
433.43
433.43
433.43
433.43
433.43
433.43
433.43
433.43
433.43
433.43
433.43
433.43
433.43
433.43
433.43
433.43
433.43
434.21
435
435
435
435
435
435
435
435
435
435
435
435
435
435
435
435
435
435
435
435
435
435
435
435
435
435
435
435
435
435
435
435
435
435
435
