0
0
0
0
0
0
0
0
0
0
0
0
0.1
0.1
0.1
0.2
0.2
0.2
0.2
0.3
0.3
0.3
0.4
0.4
0.4
0.5
0.5
0.5
0.6
0.6
0.6
0.7
0.7
0.7
0.7
0.8
0.8
0.8
0.9
0.9
0.9
1
1
1
1.1
1.1
1.1
1.2
1.2
1.2
1.2
1.3
1.3
1.3
1.4
1.4
1.4
1.5
1.5
2.3
2.3
2.3
2.3
2.3
2.3
2.3
3.1
3.7
3.8
3.8
3.8
3.9
3.9
3.9
4
4
4.1
4.1
4.1
4.2
4.2
4.2
4.3
5.1
5.1
5.1
5.1
5.1
5.1
5.1
5.1
5.1
5.1
5.1
5.1
5.1
5.1
5.1
5.1
5.1
5.1
5.1
5.1
5.1
5.1
5.1
5.1
5.1
5.1
5.1
5.1
5.1
5.1
5.1
5.1
5.2
5.2
5.7
5.7
5.7
5.7
5.7
5.7
5.7
5.7
5.7
5.7
5.7
5.7
5.7
5.8
5.8
5.8
5.8
5.8
5.8
5.8
5.8
5.8
5.8
5.8
5.8
5.8
5.8
5.8
5.8
5.8
5.8
5.8
5.8
5.9
5.9
5.9
5.9
5.9
5.9
5.9
5.9
5.9
6.3
6.6
7.8
9
9
9.1
9.1
9.2
9.2
9.3
9.4
9.4
9.5
9.5
9.6
9.6
9.7
9.8
9.8
9.9
9.9
10
10
11.9
12.1
12.1
12.1
12.1
12.1
12.1
12.1
12.1
12.1
12.1
12.1
12.1
12.1
12.1
12.1
12.1
12.1
12.1
12.1
12.1
12.1
12.1
12.1
12.1
12.1
12.1
12.1
12.1
12.1
12.1
12.1
12.1
12.1
12.1
12.1
12.1
12.1
12.1
12.1
12.1
12.1
12.1
12.1
12.1
12.1
12.1
12.1
12.3
12.9
13.9
15.4
17
17.6
17.6
17.6
17.6
17.6
17.6
17.6
17.6
17.6
17.6
17.6
17.6
17.8
17.9
18
18.1
18.1
18.1
18.1
18.2
18.2
18.2
18.2
18.2
18.2
18.2
18.3
18.3
18.3
18.3
18.3
18.3
18.3
18.3
18.4
18.4
18.4
18.4
18.4
18.4
18.4
18.4
18.4
18.4
18.4
18.4
18.4
18.4
18.4
18.4
18.4
18.5
18.8
18.8
18.8
18.8
18.8
18.8
18.8
18.8
18.8
18.8
18.8
18.8
18.8
18.8
18.8
18.8
18.8
18.8
18.8
18.8
18.8
18.8
18.8
18.8
18.8
18.8
18.8
18.8
18.8
18.8
19.4
19.4
19.4
19.4
19.4
20.1
20.2
20.2
20.2
20.2
20.2
20.3
20.4
20.4
20.4
20.6
20.6
20.7
20.7
20.8
21
21.1
21.1
21.2
21.2
21.2
21.2
21.2
21.2
21.2
21.2
21.2
21.2
21.2
21.2
21.6
21.8
21.9
22
22
22
22
22
22
22
22
22
22
22
22
22
22
22
22
22
22
22
22
22
22
22
22
22
22
22
22
22
22
22
22
22.1
22.1
22.4
22.7
23.6
24.9
25.4
26.4
28.2
29.7
31.2
33
34.3
35.1
36.3
37.9
39.6
40.4
40.7
40.9
40.9
41
41
41
41
41
41
41
41
41
41
41
41
41
41
41
41
41
41
41
41
41
41
41
41
41
41
41
41
41
41
41
41
41
41
41
41
41
41
41
41
41
41
41
41
41
41
41
41
41
41
41
41
41
41
41
41
41
41
41
41
41
41.1
41.7
41.7
41.7
41.7
41.9
42.5
42.7
42.7
42.7
42.7
44.7
45
45
46.1
46.3
46.3
46.3
46.3
46.3
46.3
46.3
46.3
46.3
46.3
46.3
46.3
46.3
46.3
46.3
46.3
46.3
46.3
46.3
46.3
46.3
46.3
46.3
46.3
46.3
46.3
46.3
46.3
46.3
46.3
46.3
46.3
46.3
46.3
46.3
46.3
46.3
46.3
46.3
46.3
46.3
46.3
46.3
46.3
46.3
46.3
46.3
46.3
46.3
46.3
46.3
46.3
46.3
46.3
46.3
46.3
46.3
46.3
46.3
46.3
46.3
46.3
46.3
46.3
46.3
46.3
46.3
46.3
46.3
46.3
46.3
46.3
46.3
46.3
46.3
46.3
46.3
46.3
46.3
46.3
46.3
46.3
46.3
46.3
46.3
46.3
46.3
46.3
46.3
46.3
46.3
46.3
46.3
46.3
46.3
46.3
46.3
46.3
46.3
46.3
46.3
46.3
46.3
46.3
46.3
46.3
46.3
46.3
46.3
46.3
46.3
46.3
46.3
46.3
46.3
46.3
46.3
46.3
46.3
46.3
46.3
46.3
46.4
46.4
47.3
47.3
47.3
47.3
47.5
47.8
48
48
48
48
48
48
48
48
48
48
48
48
48.3
48.5
49
50.3
51.1
51.1
51.6
52.2
52.3
52.5
52.5
52.5
52.5
52.5
52.5
52.5
52.6
52.6
52.6
52.6
52.6
52.6
52.6
52.6
52.6
52.6
52.6
52.6
52.6
52.6
52.6
53.2
54.1
54.6
54.7
54.9
55.3
55.4
55.4
55.4
55.4
55.4
55.4
55.4
55.4
55.4
55.4
55.4
55.4
55.4
55.4
55.4
55.4
55.4
55.4
55.4
55.4
55.4
55.4
55.4
55.4
55.7
55.7
55.7
55.8
55.9
55.9
55.9
56.9
57.4
57.7
58.2
59
59.2
59.3
59.3
59.3
59.3
59.3
59.3
59.3
59.6
60
60.7
62.5
64.3
65.8
66.6
66.9
67.1
67.8
68
68
68
68
68
68
68
68
68
68
68
68
68
68
68
68
68
68
68
68
68
68
68
68
68
68.1
68.9
69.4
70.7
71.6
72.3
72.4
72.8
73.4
73.9
74
74
74
74
74
74
74
74
74
74
74
74
74
74
74
74
74
74
74
74
74
74
74
74
74
74
74
74
74
74
74
74
74
74
74
74
74
74
74
74
74
74
74
74
74
74
74
74
74
74
74
74
74
74
74
74
74
74
74
74
74
74
74
74
74
74
74
74
74
74
74
74
74
74
74
74.1
74.3
75.5
75.5
75.5
75.5
75.5
75.5
75.5
75.5
75.5
75.5
75.5
75.5
75.5
75.5
75.5
75.5
75.5
75.5
75.5
75.5
75.5
75.5
75.5
75.5
75.5
75.5
75.5
75.5
75.5
75.5
75.5
75.5
75.5
75.5
75.5
75.5
75.5
75.5
75.5
75.5
75.5
75.5
75.5
75.5
75.5
75.5
75.5
75.5
75.5
75.5
75.5
75.5
75.5
75.5
75.5
75.5
75.5
75.5
75.5
75.5
75.5
75.5
75.5
76.4
76.5
76.6
76.7
76.9
77
78.9
80.1
80.1
80.1
80.1
80.1
80.1
80.1
80.1
80.1
80.1
80.1
80.1
80.1
80.1
80.1
80.1
80.1
80.1
80.1
80.1
80.1
80.1
80.1
80.1
80.1
80.1
80.1
80.1
80.1
80.1
80.1
80.1
80.1
80.1
80.1
80.1
80.1
80.1
80.1
80.1
80.1
80.1
80.1
80.1
80.1
80.1
80.1
80.1
80.1
80.1
80.1
80.1
80.1
80.1
80.1
80.1
80.1
80.1
80.1
80.1
80.1
80.1
80.1
80.1
80.1
80.1
80.1
80.1
80.1
80.1
80.1
80.1
80.2
80.2
80.2
80.2
80.2
80.2
80.2
80.2
80.2
80.2
80.2
80.2
80.2
80.2
80.2
80.2
80.2
80.3
80.3
80.3
80.3
80.3
80.3
80.3
80.3
80.3
80.3
80.3
80.3
80.3
80.3
80.3
80.3
80.3
80.3
80.3
80.3
80.3
80.3
80.3
80.3
80.3
80.3
80.3
80.3
80.3
80.3
80.3
80.3
80.3
80.3
80.3
80.3
80.3
80.3
80.3
80.3
80.3
80.3
80.3
80.3
80.3
80.3
80.3
80.3
80.3
80.3
80.3
80.3
80.3
80.3
80.3
80.3
80.3
80.3
80.3
80.3
80.3
80.3
80.3
80.3
80.4
80.4
80.4
80.4
80.4
80.4
80.4
80.4
80.4
80.4
80.4
80.4
80.4
80.4
80.4
80.4
80.4
80.4
80.4
80.4
80.4
80.4
80.4
80.4
80.4
80.4
80.4
80.4
80.4
80.4
80.4
80.4
80.4
80.4
80.4
80.4
80.4
80.4
80.4
80.4
80.4
80.4
80.4
80.4
80.4
80.4
80.4
80.4
80.4
80.4
80.4
80.4
80.4
80.4
80.4
80.4
80.4
80.4
80.4
80.4
80.4
80.5
80.7
81.3
81.4
81.4
81.4
81.4
81.4
81.4
81.4
81.4
81.4
81.4
81.4
81.4
81.4
81.4
81.4
81.4
81.4
81.4
81.4
81.4
81.4
81.4
81.4
81.4
81.4
81.4
81.4
81.4
81.4
81.4
81.4
81.4
81.4
81.4
81.4
81.4
81.4
81.4
81.4
81.4
81.4
81.4
81.4
81.4
81.4
81.4
81.4
81.4
81.4
81.4
81.4
81.4
81.4
81.4
81.4
81.4
81.4
81.4
81.4
81.4
81.4
81.4
81.4
81.4
81.4
81.4
81.4
81.4
81.4
81.4
81.4
81.4
81.4
81.4
81.4
81.4
81.4
81.4
81.4
81.4
81.4
81.4
81.4
81.4
81.4
81.4
81.4
81.4
81.4
81.4
81.4
81.4
81.4
81.4
81.5
81.5
81.5
81.5
81.5
81.5
81.5
81.5
81.5
81.5
81.5
81.5
81.5
81.5
81.5
81.5
81.5
81.5
81.5
81.5
81.5
81.5
81.5
81.5
81.5
81.5
81.5
81.5
81.5
81.5
81.5
81.5
81.5
81.5
81.5
81.5
81.5
81.5
81.5
81.5
81.5
81.5
81.5
81.5
81.5
81.5
81.5
81.5
81.5
81.5
81.5
81.5
81.5
81.5
81.5
81.5
81.5
81.5
81.5
81.5
81.5
81.5
81.5
81.5
81.5
81.5
81.5
81.5
81.5
81.5
81.5
81.5
81.5
81.5
81.5
81.5
81.5
81.5
81.5
81.5
81.5
81.5
81.5
81.5
81.5
81.5
81.5
81.5
81.5
81.5
81.5
81.5
81.5
81.5
81.5
81.5
81.5
81.5
81.5
81.5
81.5
81.5
81.5
81.5
81.5
81.5
81.5
81.6
82.6
86.5
86.6
86.6
86.6
86.6
86.7
86.7
86.7
86.7
86.8
86.8
86.8
86.8
86.9
86.9
86.9
86.9
86.9
87
87
87
87
87.1
87.1
87.1
87.1
87.2
87.2
87.2
87.2
87.3
87.3
87.3
87.3
87.4
87.4
87.4
87.4
87.5
87.5
87.5
87.5
87.6
87.6
87.6
87.6
87.7
87.7
87.7
87.7
87.7
87.8
87.8
87.8
87.8
87.9
87.9
87.9
87.9
88
88
88
88
88.1
88.1
88.1
88.1
88.2
88.2
88.2
88.2
88.3
88.3
88.3
88.3
88.4
88.4
88.4
88.4
88.4
88.5
90.4
91.4
91.4
91.4
91.4
91.4
91.5
91.5
91.5
91.5
91.5
91.5
91.5
91.5
91.5
91.5
91.5
91.5
91.5
91.5
91.5
91.6
91.6
91.6
91.6
91.6
91.6
91.6
91.6
91.6
91.6
91.6
91.6
91.6
91.6
91.6
91.6
91.6
91.6
91.6
91.6
91.6
91.6
91.6
91.6
91.6
91.6
91.6
91.6
91.6
91.6
91.6
91.6
91.6
91.6
91.6
91.6
91.7
91.7
91.7
91.7
91.7
91.7
91.7
91.7
91.7
91.7
91.7
91.7
91.7
91.7
91.7
91.7
91.8
91.8
91.8
91.8
91.8
91.8
91.8
91.8
91.8
91.8
91.87
92.15
93.37
94.39
95.43
96.24
96.77
96.85
96.9
96.9
96.9
96.93
96.98
97.84
98.27
98.43
98.48
98.53
98.55
98.58
98.58
98.58
98.58
98.58
98.58
98.58
98.58
98.58
98.58
98.58
98.58
98.58
98.58
98.58
98.58
98.58
98.58
98.58
98.58
98.58
98.58
98.58
98.58
98.58
98.58
98.6
98.65
98.65
98.65
98.65
98.65
98.68
98.68
98.68
98.68
98.68
98.68
98.68
98.68
98.68
98.73
98.73
98.78
99.24
100.18
100.3
100.38
100.53
100.69
100.97
102.21
102.97
103.17
103.2
103.2
103.25
103.3
103.33
103.33
103.35
103.35
103.4
103.4
103.4
103.43
103.45
103.48
104.5
105.05
105.69
105.79
105.79
105.79
105.82
105.82
105.82
105.82
105.82
105.87
106.2
106.38
106.38
106.43
106.45
106.48
106.48
106.5
106.55
106.55
106.55
106.73
106.78
106.78
106.78
106.78
106.78
106.78
106.78
106.78
106.83
106.96
107.8
108.92
109.3
110.01
110.82
111.56
112.12
112.24
112.24
112.24
112.24
112.24
112.27
112.34
112.42
112.45
112.45
112.45
112.45
112.45
112.45
112.45
112.45
112.45
112.5
112.5
112.5
112.5
112.52
112.52
112.55
112.55
112.55
112.55
112.57
112.57
112.57
112.57
112.57
112.57
112.57
112.57
112.57
112.57
112.57
112.57
112.57
112.57
112.57
112.57
112.57
112.57
112.57
112.57
112.57
112.57
112.57
112.57
112.57
112.57
112.57
112.57
112.57
112.57
112.57
112.57
112.57
112.57
112.57
112.57
112.57
112.6
112.6
112.6
112.6
112.6
112.6
112.6
112.6
112.6
112.6
112.6
112.6
112.6
112.6
112.6
112.6
112.6
112.6
112.6
112.6
112.6
112.6
112.6
112.6
112.6
112.67
112.7
112.7
112.73
112.75
113
114.53
117.04
121.03
121.82
121.95
122
122
122
122
122
122
122
122
122
122
122
122
122
122.02
122.05
122.05
122.05
122.07
122.1
122.1
122.1
122.17
122.25
122.38
122.45
122.5
122.5
122.5
122.5
122.5
122.5
122.71
124.26
124.38
124.38
124.38
124.38
124.43
124.43
124.43
124.49
124.49
124.56
124.61
124.61
124.61
124.61
124.64
124.66
124.71
124.97
125.27
125.3
125.3
125.3
125.4
125.45
125.45
125.45
125.45
125.45
125.45
125.45
125.45
125.45
125.48
125.48
125.48
125.48
125.48
125.48
125.48
125.5
125.5
125.5
125.5
125.5
125.5
125.5
125.5
125.5
125.5
125.5
125.5
125.5
125.5
125.5
125.5
125.5
125.5
125.5
125.5
125.5
125.5
125.5
125.5
125.5
125.5
125.5
125.5
125.5
125.5
125.5
125.5
125.5
125.5
125.55
125.68
125.7
125.76
125.86
125.88
125.91
125.91
125.91
125.93
125.93
125.93
125.96
125.96
125.98
125.98
125.98
126.01
126.01
126.01
126.01
126.01
126.01
126.01
126.01
126.01
126.01
126.01
126.01
126.01
126.01
126.01
126.01
126.01
126.01
126.01
126.01
126.01
126.01
126.01
126.01
126.01
126.01
126.01
126.01
126.01
126.01
126.01
126.01
126.03
126.03
126.03
126.03
126.03
126.03
126.03
126.03
126.03
126.03
126.03
126.03
126.03
126.03
126.03
126.03
126.03
126.03
126.03
126.03
126.03
126.03
126.06
126.09
126.09
126.11
126.16
126.16
126.19
126.21
126.21
126.57
126.82
126.9
126.9
126.9
127.13
127.18
127.18
127.18
127.2
127.2
127.2
127.2
127.2
127.2
127.2
127.2
127.2
127.2
127.2
127.2
127.2
127.2
127.2
127.2
127.2
127.2
127.2
127.2
127.2
127.2
127.2
127.23
127.23
127.23
127.23
127.23
127.23
127.23
127.23
127.23
127.23
127.23
127.23
127.23
127.23
127.23
127.23
127.23
127.23
127.23
127.23
127.23
127.23
127.23
127.23
127.23
127.23
127.23
127.23
127.23
127.23
127.23
127.23
127.23
127.23
127.23
127.23
127.23
127.23
127.23
127.23
127.23
127.23
127.23
127.23
127.23
127.23
127.23
127.23
127.23
127.23
127.23
127.23
127.23
127.23
127.23
127.23
127.23
127.23
127.23
127.25
127.28
127.28
127.3
127.3
127.33
127.33
127.33
127.33
127.33
127.33
127.33
127.33
127.33
127.48
127.48
127.48
127.48
127.58
128.14
136.91
139.01
139.14
139.17
139.19
139.19
139.37
140.89
146.2
147.96
148.13
148.16
148.21
148.34
148.34
148.34
148.36
148.36
148.36
148.36
148.36
148.36
148.36
148.36
148.36
148.36
148.36
148.36
148.36
148.36
148.36
148.36
148.36
148.36
148.36
148.36
148.36
148.36
148.36
148.36
148.36
148.36
148.36
148.36
148.36
148.36
148.36
148.36
148.36
148.36
148.36
148.36
148.36
148.36
148.36
148.36
148.36
148.36
148.36
148.36
148.36
148.36
148.36
148.36
148.36
148.36
148.36
148.36
148.36
148.36
148.36
148.36
148.36
148.36
148.39
148.46
148.49
148.54
148.56
149.2
150.55
151.46
151.59
151.74
151.82
152.04
152.5
153.77
155.91
159.08
160.38
160.71
161.75
162.38
163.68
164.77
166.6
168.05
169.09
169.27
169.32
169.39
169.44
169.47
169.47
169.47
169.47
169.49
169.49
169.49
169.49
169.49
169.49
169.49
169.49
169.49
169.49
169.49
169.49
169.49
169.49
169.49
169.49
169.49
169.49
169.49
169.49
169.55
169.55
169.55
169.55
169.6
169.88
170.94
172.8
175.39
176.15
176.38
176.38
176.38
176.66
177.22
177.24
177.24
177.42
178.31
178.31
178.31
178.31
178.31
178.33
178.33
178.33
178.33
178.36
178.38
178.38
178.38
178.38
178.38
178.38
178.38
178.38
178.38
178.38
178.38
178.38
178.38
178.38
178.38
178.38
178.38
178.38
178.38
178.38
178.38
178.38
178.38
178.38
178.38
178.38
178.38
178.38
178.38
178.38
178.38
178.38
178.38
178.38
178.38
178.38
178.38
178.38
178.38
178.41
178.41
178.46
178.61
179.12
179.58
179.73
179.81
180.19
180.75
181.79
182.04
182.45
183.06
183.31
184.33
184.89
184.96
184.96
184.96
184.96
184.96
185.17
188.39
190.93
191.95
194.23
194.49
194.49
194.59
194.74
194.74
194.74
198.81
201.09
201.35
202.36
203.89
204.14
205.16
207.44
208.33
208.33
208.33
208.33
208.33
209.98
211
211
211
211
211.15
211.51
211.76
211.86
211.99
212.27
212.34
212.39
212.39
212.39
212.39
212.39
212.39
212.39
212.39
212.39
212.39
212.39
212.39
212.39
212.39
212.39
212.39
212.39
212.39
212.39
212.39
212.39
212.39
212.39
212.39
212.39
212.39
212.39
212.39
212.39
212.39
212.39
212.39
212.39
212.39
212.39
212.39
212.39
212.39
212.39
212.39
212.52
212.7
212.7
212.73
212.78
212.78
213.06
213.08
213.08
213.13
213.66
213.89
213.94
213.97
213.97
213.97
213.97
213.97
213.97
213.97
213.97
213.97
214
214
214
214
214
214
214
214
214
214
214
214.02
214.02
214.02
214.02
214.02
214.02
214.02
214.02
214.02
214.02
214.02
214.02
214.02
214.05
214.07
214.07
214.1
214.1
214.1
214.1
214.1
214.1
214.1
214.1
214.12
214.15
214.17
214.2
214.2
214.2
214.2
214.2
214.2
214.2
214.2
214.2
214.2
214.2
214.22
214.27
214.27
214.27
214.27
214.27
214.27
214.3
214.33
214.33
214.33
214.33
214.33
214.35
214.35
214.35
214.35
214.35
214.35
214.35
214.35
214.53
215.42
215.72
215.72
215.75
215.77
215.8
215.8
215.82
215.82
215.82
215.82
215.82
215.82
215.82
215.82
215.82
215.82
215.82
215.82
215.82
215.82
215.82
215.82
215.82
215.82
215.82
215.82
215.82
215.82
215.82
215.82
215.82
215.82
215.82
215.82
215.82
215.82
215.82
215.82
215.82
215.82
215.82
215.82
215.82
215.82
215.82
215.82
215.82
215.82
215.82
215.85
215.85
215.87
215.87
215.87
215.87
215.87
215.87
215.87
215.87
215.87
215.87
215.87
215.87
215.87
215.87
215.87
215.87
215.87
215.87
215.9
215.93
215.95
216.03
216.13
216.15
216.15
216.18
216.23
216.26
216.26
216.26
216.28
216.31
216.31
216.33
216.41
216.43
216.43
216.43
216.43
216.43
216.43
216.43
216.43
216.43
216.43
216.43
216.43
216.43
216.43
216.43
216.43
216.43
216.43
216.43
216.43
216.46
216.48
216.54
216.59
216.61
216.64
216.74
216.76
216.79
216.87
216.89
216.89
216.97
216.97
216.99
217.04
217.07
217.07
217.07
217.07
217.09
217.09
217.09
217.09
217.09
217.09
217.09
217.12
217.14
217.14
217.14
217.14
217.14
217.14
217.14
217.14
217.14
217.14
217.14
217.14
217.14
217.14
217.14
217.14
217.14
217.14
217.14
217.14
217.14
217.14
217.14
217.14
217.14
217.14
217.14
217.14
217.14
217.14
217.14
217.14
217.14
217.14
217.14
217.14
217.14
217.14
217.14
217.14
217.14
217.14
217.14
217.14
217.14
217.14
217.14
217.14
217.14
217.14
217.14
217.14
217.14
217.14
217.14
217.14
217.14
217.14
217.14
217.14
217.14
217.14
217.14
217.14
217.14
217.14
217.14
217.14
217.14
217.14
217.14
217.14
217.14
217.14
217.14
217.14
217.14
217.14
217.14
217.14
217.14
217.14
217.14
217.14
217.14
217.14
217.14
217.14
217.14
217.14
217.14
217.14
217.14
217.14
217.14
217.14
217.14
217.14
217.14
217.14
217.14
217.14
217.14
217.14
217.14
217.14
217.14
217.14
217.14
217.14
217.14
217.14
217.14
217.14
217.14
217.14
217.14
217.14
217.14
217.14
217.14
217.14
217.14
217.14
217.14
217.14
217.14
217.14
217.14
217.14
217.14
217.14
217.14
217.14
217.14
217.14
217.14
217.14
217.14
217.14
217.14
217.14
217.14
217.14
217.14
217.14
217.14
217.14
217.14
217.14
217.14
217.14
217.14
217.14
217.14
217.14
217.14
217.14
217.14
217.14
217.14
217.14
217.14
217.14
217.68
218.59
218.9
219.35
219.51
219.51
219.51
219.53
219.53
219.53
219.53
219.53
219.53
219.53
219.53
219.53
219.53
219.53
219.53
219.53
219.53
219.53
219.53
219.53
219.53
219.53
219.53
219.53
219.53
219.53
219.53
219.53
219.53
219.53
219.53
219.53
219.53
219.53
219.53
219.53
219.53
219.53
219.53
219.53
219.53
219.53
219.53
219.53
219.53
219.53
219.53
219.53
219.53
219.53
219.53
219.53
219.53
219.53
219.53
219.53
219.53
219.53
219.53
219.53
219.53
219.53
219.58
219.61
219.61
219.61
219.61
219.61
219.61
219.61
219.61
219.66
221.01
224.56
232.23
232.59
232.64
232.64
232.64
232.64
232.64
232.64
232.64
232.64
232.64
232.64
232.66
232.69
232.74
232.74
232.74
232.74
232.74
232.79
232.82
232.82
232.82
232.82
232.82
232.82
232.82
232.82
232.82
232.82
232.82
232.82
232.84
233.65
234.14
234.26
234.29
234.32
234.34
234.34
234.39
234.39
234.39
234.42
234.42
234.47
234.47
234.47
234.47
234.47
234.47
234.47
234.47
234.47
234.47
234.47
234.47
234.47
234.47
234.47
234.47
234.47
234.47
234.47
234.47
234.47
234.47
234.47
234.47
234.47
234.47
234.47
234.47
234.47
234.47
234.47
234.47
234.47
234.47
234.47
234.47
234.47
234.47
234.47
234.47
234.47
234.47
234.47
234.47
234.47
234.47
234.47
234.47
234.47
234.47
234.47
234.47
234.47
234.47
234.47
234.47
234.47
234.47
234.47
234.47
234.47
234.47
234.47
234.47
234.47
234.47
234.47
234.47
234.47
234.47
234.47
234.47
234.47
234.47
234.47
234.47
234.47
234.47
234.47
234.47
234.47
234.47
234.47
234.47
234.47
234.47
234.47
234.47
234.47
234.47
234.47
234.47
234.47
234.47
234.47
234.47
234.47
234.47
234.47
234.47
234.47
234.47
234.47
234.47
234.47
234.47
234.47
234.47
234.47
234.47
234.47
234.47
234.47
234.47
234.47
234.47
234.47
234.47
234.47
234.47
234.47
234.47
234.47
234.47
234.47
234.47
234.47
234.47
234.47
234.47
234.47
234.47
234.47
234.47
234.47
234.47
234.47
234.47
234.47
234.47
234.47
234.47
234.47
234.47
234.47
234.47
234.47
234.47
234.47
234.47
234.47
234.47
234.47
234.47
234.47
234.47
234.47
234.47
234.47
234.47
234.47
234.47
234.47
234.47
234.47
234.47
234.47
234.47
234.47
234.47
234.47
234.47
234.47
234.47
234.47
234.47
234.47
234.47
234.47
234.47
234.47
234.49
234.49
234.49
234.49
234.49
234.49
234.49
234.49
234.49
234.49
234.49
234.49
234.49
234.49
234.49
234.49
234.49
234.49
234.49
234.49
234.49
234.52
234.52
234.52
234.54
234.62
234.65
234.67
234.67
234.7
234.7
234.72
234.72
234.72
234.75
234.77
234.77
234.77
234.87
235.03
235.13
235.33
236.32
237.08
237.36
237.44
237.46
237.49
237.49
237.52
237.52
238.18
239.7
240.06
240.74
241.48
241.6
241.6
241.63
241.63
241.63
241.63
241.63
241.63
241.63
241.63
241.63
241.63
241.63
241.63
241.63
241.63
241.63
241.63
241.63
241.63
241.63
241.63
241.63
241.63
241.63
241.63
241.63
241.63
241.63
241.63
241.63
241.63
241.63
241.63
241.63
241.63
241.63
241.63
241.63
241.63
241.63
241.63
241.63
241.63
241.63
241.63
241.63
241.63
241.63
241.63
241.63
241.63
241.63
241.63
241.63
241.63
241.63
241.63
241.63
241.63
241.63
241.63
241.63
241.63
241.63
241.63
241.63
241.63
241.63
241.63
241.63
241.63
241.63
241.63
241.63
241.63
241.63
241.63
241.63
241.63
241.63
241.63
241.63
241.63
241.63
241.63
241.63
241.63
241.63
241.63
241.63
241.63
241.63
241.63
241.63
241.63
241.63
241.63
241.63
241.63
241.63
241.63
241.63
241.63
241.63
241.63
241.63
241.63
241.63
241.63
241.63
241.63
241.63
241.63
241.63
241.63
241.63
241.63
241.63
241.63
241.63
241.63
241.63
241.63
241.63
241.63
241.63
241.63
241.63
241.63
241.63
241.63
241.63
241.63
241.63
241.63
241.63
241.63
241.63
241.63
241.63
241.63
241.63
241.63
241.63
241.63
241.63
241.63
241.63
241.63
241.63
241.63
241.63
241.63
241.63
241.63
241.63
241.63
241.63
241.63
241.63
241.63
241.63
241.63
241.63
241.63
241.63
241.63
241.63
241.63
241.63
241.63
241.63
241.63
241.63
241.63
241.63
241.63
241.63
241.63
241.63
241.63
241.63
241.63
241.63
241.63
241.63
241.63
241.63
241.63
241.63
241.63
241.63
241.63
241.63
241.63
241.63
241.63
241.63
241.63
241.63
241.63
241.63
241.63
241.63
241.63
241.63
241.66
241.71
241.71
241.71
241.71
241.71
241.71
241.71
241.71
241.71
241.71
241.71
241.71
241.71
241.71
241.71
241.71
241.71
241.71
241.71
241.71
241.71
241.71
241.71
241.71
241.73
241.76
241.76
241.76
241.76
241.76
241.76
241.76
241.76
241.76
241.76
241.76
241.76
241.76
241.76
241.76
241.76
241.76
241.76
241.76
241.76
241.76
241.76
241.78
241.88
242.72
243.97
245.11
245.31
245.31
245.34
245.34
245.34
245.34
245.36
245.36
245.36
245.36
245.36
245.36
245.36
245.36
245.36
245.36
245.36
245.36
245.36
245.39
245.44
245.57
246.02
246.41
246.51
246.63
246.63
246.63
247.02
250.42
251.28
251.28
251.28
251.28
251.28
251.28
251.28
251.28
251.28
251.28
251.28
251.28
251.28
251.28
251.28
251.28
251.28
251.28
251.28
251.28
251.28
251.28
251.28
251.28
251.28
251.28
251.28
251.28
251.43
251.43
251.43
251.43
251.43
251.43
251.43
251.49
251.54
251.56
251.59
251.59
251.89
252.22
252.3
252.3
252.3
252.3
252.3
252.3
252.3
252.32
252.32
252.35
252.35
252.35
252.35
252.35
252.35
252.48
252.91
253.16
254.76
255.19
255.42
255.42
255.45
255.45
255.47
255.5
255.5
255.5
255.5
255.5
255.5
255.5
255.5
255.5
255.5
255.5
255.5
255.5
255.5
255.5
255.5
255.5
255.5
255.5
255.5
255.5
255.5
255.5
255.5
255.5
255.5
255.5
255.5
255.5
255.5
255.5
255.5
255.5
255.5
255.5
255.5
255.5
255.5
255.5
255.5
255.5
255.5
255.55
255.57
255.57
255.57
255.57
255.57
255.57
255.57
255.57
255.57
255.57
255.57
255.57
255.57
255.57
255.57
255.57
255.57
255.57
255.57
255.57
255.57
255.57
255.6
255.6
255.63
255.68
255.7
255.73
255.75
255.75
255.75
255.75
255.75
255.75
255.75
255.75
255.75
255.75
255.75
255.75
255.75
255.75
255.75
255.75
255.75
255.75
255.75
255.78
255.8
255.83
255.85
255.85
255.88
255.93
255.96
255.96
255.98
256.03
256.03
256.06
256.06
256.06
256.06
256.06
256.34
257
257.23
259.41
262.1
264.26
264.52
264.57
264.74
266.47
268.3
269.11
269.29
269.29
269.32
269.32
269.32
269.32
269.32
269.32
269.32
269.32
269.32
269.32
269.32
269.32
269.32
269.32
269.32
269.32
269.32
269.32
269.37
269.62
269.65
269.65
269.65
269.65
269.67
269.7
269.7
269.7
269.7
269.72
269.72
269.72
269.72
269.72
269.72
269.72
269.72
269.72
269.72
269.72
269.72
269.72
269.72
269.72
269.72
269.72
269.72
269.72
269.72
269.72
269.72
269.72
269.72
269.72
269.72
269.72
269.72
269.72
269.72
269.72
269.72
269.72
269.72
269.72
269.72
269.72
269.72
269.72
269.72
269.72
269.72
269.72
269.72
269.72
269.72
269.72
269.72
269.72
269.72
269.72
269.72
269.72
269.72
269.72
269.72
269.72
269.72
269.72
269.72
269.72
269.72
269.72
269.72
269.72
269.72
269.72
269.72
269.72
269.72
269.72
269.72
269.72
269.72
269.72
269.72
269.72
269.72
269.72
269.72
269.72
269.72
269.72
269.75
269.75
269.8
269.82
269.85
269.85
269.85
269.85
269.85
269.85
269.85
269.85
269.85
269.85
269.85
269.85
269.85
269.85
269.85
269.85
269.85
269.88
269.95
270.08
270.26
270.36
270.51
272.34
274.45
275.06
275.06
275.06
275.08
275.08
275.08
275.11
275.11
275.11
275.11
275.11
275.11
275.11
275.11
275.11
275.11
275.11
275.11
275.11
275.11
275.11
275.11
275.11
275.11
275.11
275.11
275.11
275.11
275.11
275.11
275.11
275.11
275.11
275.11
275.11
275.11
275.11
275.11
275.11
275.11
275.11
275.11
275.11
275.11
275.11
275.11
275.11
275.11
275.11
275.11
275.11
275.11
275.11
275.11
275.11
275.11
275.11
275.11
275.11
275.11
275.11
275.11
275.11
275.11
275.11
275.11
275.11
275.11
275.11
275.11
275.11
275.11
275.11
275.11
275.11
275.11
275.11
275.11
275.11
275.11
275.11
275.11
275.11
275.11
275.11
275.11
275.11
275.11
275.11
275.11
275.11
275.11
275.11
275.11
275.11
275.11
275.11
275.11
275.11
275.11
275.11
275.11
275.11
275.11
275.11
275.11
275.11
275.11
275.11
275.11
275.11
275.11
275.11
275.11
275.11
275.11
275.11
275.11
275.11
275.11
275.11
275.11
275.11
275.11
275.11
275.11
275.11
275.11
275.11
275.11
275.11
275.11
275.11
275.11
275.11
275.11
275.11
275.11
275.11
275.11
275.11
275.11
275.11
275.11
275.11
275.11
275.11
275.11
275.11
275.11
275.11
275.11
275.11
275.11
275.11
275.11
275.11
275.11
275.11
275.11
275.11
275.11
275.11
275.11
275.11
275.11
275.11
275.11
275.11
275.11
275.11
275.11
275.11
275.13
275.13
275.13
275.13
275.13
275.13
275.13
275.13
275.13
275.13
275.13
275.13
275.13
275.13
275.13
275.13
275.13
275.13
275.13
275.13
275.13
275.13
275.13
275.13
275.13
275.13
275.13
275.13
275.13
275.13
275.13
275.13
275.13
275.13
275.13
275.13
275.13
275.13
275.13
275.13
275.13
275.13
275.13
275.13
275.13
275.13
275.13
275.13
275.13
275.13
275.13
275.13
275.13
275.13
275.13
275.13
275.13
275.13
275.13
275.13
275.13
275.13
275.13
275.13
275.13
275.13
275.13
275.13
275.13
275.13
275.13
275.13
275.13
275.13
275.13
275.13
275.13
275.13
275.13
275.13
275.13
275.13
275.13
275.13
275.23
275.29
275.44
276.5
279.02
279.83
279.88
279.88
279.91
279.93
279.93
279.93
279.96
279.96
280.06
282.04
283.29
283.92
284.84
285.04
285.06
285.06
285.06
285.06
285.06
285.06
285.06
285.06
285.06
285.06
285.06
285.06
285.06
285.06
285.06
285.06
285.06
285.06
285.06
285.06
285.06
285.06
285.06
285.06
285.06
285.06
285.06
285.06
285.06
285.06
285.06
285.06
285.06
285.06
285.06
285.06
285.06
285.06
285.8
285.8
285.9
285.9
286
286
286
286.1
286.1
286.2
286.2
286.26
286.26
286.26
295.05
295.05
295.05
295.05
295.05
295.05
295.05
295.05
295.05
295.05
295.05
295.05
295.05
295.05
295.05
295.05
295.05
295.05
295.05
295.05
295.05
295.05
295.05
295.05
295.05
295.05
295.05
295.05
295.05
295.05
295.05
295.05
295.05
295.05
295.05
295.05
295.05
295.05
295.05
295.05
295.05
295.05
295.05
295.05
295.05
295.05
295.05
295.05
295.05
295.05
295.05
295.05
295.05
295.05
295.05
295.05
295.05
295.05
295.05
295.05
295.05
295.05
295.05
295.05
295.05
295.05
295.05
295.05
295.05
295.05
295.05
295.05
295.05
295.05
295.05
295.05
295.05
295.05
295.05
295.05
295.05
295.05
295.05
295.05
295.05
295.05
295.05
295.05
295.05
295.05
295.05
295.05
295.05
295.05
295.05
295.05
295.05
295.05
295.05
295.05
295.05
295.05
295.05
295.05
295.05
295.05
295.05
295.05
295.05
295.05
295.05
295.05
295.05
295.05
295.05
295.05
295.05
295.05
295.05
295.05
295.05
295.05
295.05
295.05
295.05
295.05
295.05
295.05
295.05
295.05
295.05
295.05
295.05
295.05
295.05
295.05
295.05
295.05
295.05
295.05
295.05
295.05
295.05
295.05
295.05
295.05
295.05
295.05
295.05
295.05
295.05
295.05
295.05
295.05
295.05
295.05
295.05
295.05
295.05
295.05
295.05
295.05
295.05
295.05
295.05
295.05
295.05
295.05
295.05
295.05
295.05
295.05
295.05
295.05
295.05
295.05
295.05
295.05
295.05
295.05
295.05
295.05
295.05
295.05
295.05
295.05
295.05
295.05
295.05
295.05
295.05
295.05
295.05
295.05
295.05
295.05
295.05
295.05
295.05
295.05
295.05
295.05
295.05
295.05
295.05
295.05
295.05
295.05
295.05
295.05
295.05
295.05
295.05
295.05
295.05
295.05
295.05
295.05
295.05
295.05
295.05
295.05
295.05
295.05
295.05
295.05
295.05
295.05
295.05
295.05
295.05
295.05
295.05
295.05
295.05
295.05
295.05
295.05
295.05
295.05
295.05
295.05
295.05
295.05
295.05
295.05
295.05
295.05
295.05
295.05
295.05
295.05
295.05
295.05
295.05
295.05
295.05
295.05
295.05
295.05
295.05
295.05
295.05
295.05
295.05
295.05
295.05
295.07
295.1
295.12
295.12
295.12
295.12
295.12
295.12
295.12
295.12
295.12
295.12
295.12
295.12
295.12
295.12
295.12
295.12
295.12
295.12
295.12
295.12
295.12
295.12
295.15
295.2
295.22
295.22
295.22
295.22
295.22
295.22
295.22
295.22
295.22
295.22
295.22
295.22
295.22
295.28
295.33
295.33
295.33
295.33
295.33
295.33
295.33
295.33
295.33
295.33
295.33
295.33
295.33
295.33
295.33
295.35
295.4
295.4
295.4
295.43
295.43
295.43
295.43
295.43
295.43
295.43
295.43
295.43
295.43
295.43
295.43
295.43
295.43
295.43
295.43
295.43
295.43
295.43
295.43
295.43
295.43
295.43
295.43
295.43
295.43
295.43
295.43
295.43
295.43
295.43
295.43
295.43
295.43
295.43
295.43
295.43
295.43
295.43
295.43
295.43
295.43
295.43
295.43
295.43
295.43
295.43
295.43
295.43
295.43
295.43
295.43
295.43
295.43
295.43
295.43
295.43
295.43
295.43
295.43
295.43
295.43
295.83
296.01
296.06
296.06
296.06
296.06
296.06
296.06
296.06
296.11
296.14
296.14
296.14
296.14
296.14
296.14
296.14
296.14
296.14
296.14
296.14
296.14
296.14
296.14
296.14
296.14
296.14
296.14
296.14
296.14
296.14
296.14
296.14
296.14
296.14
296.14
296.14
296.14
296.14
296.14
296.14
296.14
296.14
296.14
296.14
296.24
296.39
296.6
296.6
296.6
296.6
296.6
296.6
296.6
296.6
296.62
296.62
296.62
296.65
296.67
296.67
296.67
296.67
296.67
296.67
296.67
296.67
296.67
296.67
296.67
296.67
296.67
296.67
296.67
296.67
296.67
296.67
296.67
296.67
296.67
296.67
296.67
296.67
296.67
296.67
296.67
296.67
296.67
296.67
296.67
296.67
296.67
296.67
296.67
296.67
296.67
296.67
296.67
296.67
296.67
296.67
296.67
296.67
296.67
296.7
296.75
296.77
296.77
296.77
296.77
296.77
296.77
296.77
296.77
296.77
296.77
296.77
296.77
296.77
296.77
296.77
296.77
296.77
296.77
296.77
296.77
296.77
296.77
296.77
296.77
296.77
296.77
296.77
296.77
296.77
296.77
296.77
296.77
296.77
296.77
296.77
296.77
296.77
296.77
296.77
296.77
296.77
296.77
296.77
296.77
296.77
296.77
296.77
296.77
296.77
296.77
296.77
296.77
296.77
296.77
296.77
296.77
296.77
296.77
296.77
296.77
296.77
296.77
296.77
296.77
296.77
296.77
296.77
296.77
296.77
296.77
296.77
296.77
296.77
296.77
296.77
296.77
296.77
296.77
296.77
296.77
296.77
296.77
296.77
296.77
296.77
296.77
296.77
296.77
296.77
296.77
296.77
296.77
296.77
296.77
296.77
296.77
296.77
296.77
296.77
296.77
296.77
296.77
296.77
296.77
296.77
296.77
296.77
296.77
296.77
296.77
296.77
296.77
296.77
296.77
296.77
296.77
296.77
296.77
296.77
296.77
296.77
296.77
296.77
296.77
296.77
296.77
296.77
296.77
296.77
296.77
296.77
296.77
296.77
296.77
296.77
296.77
296.77
296.77
296.77
296.77
296.77
296.77
296.77
296.77
296.77
296.77
296.77
296.77
296.77
296.77
296.77
296.77
296.77
296.77
296.77
296.77
296.77
296.77
296.77
296.77
296.77
296.77
296.77
296.77
296.77
296.77
296.77
296.77
296.77
296.77
296.77
296.77
296.77
296.77
296.77
296.77
296.77
296.77
296.77
296.77
296.77
296.77
296.77
296.77
296.77
296.77
296.77
296.77
296.77
296.77
296.77
296.77
296.77
296.77
296.77
296.77
296.77
296.77
296.77
296.77
296.77
296.77
296.77
296.77
296.77
296.77
296.77
296.77
296.77
296.77
296.77
296.77
296.77
296.77
296.77
296.77
296.77
296.77
296.77
296.77
296.77
296.77
296.77
296.77
296.77
296.77
296.77
296.77
296.77
296.77
296.77
296.77
296.77
296.77
296.77
296.77
296.77
296.77
296.77
296.77
296.77
296.77
296.77
296.77
296.77
296.77
296.77
296.77
296.77
296.77
296.77
296.77
296.77
296.77
296.77
296.77
296.77
296.77
296.77
296.77
296.77
296.77
296.77
296.77
296.77
296.77
296.77
296.77
296.77
296.77
296.77
296.77
296.77
296.77
296.77
296.77
296.77
296.77
296.77
296.77
296.77
296.77
296.77
296.77
296.77
296.77
296.77
296.77
296.77
296.77
296.77
296.77
296.77
296.77
296.77
296.77
296.77
296.77
296.77
296.77
296.77
296.77
296.77
296.77
296.77
296.77
296.77
296.77
296.77
296.77
296.77
296.77
296.77
296.77
296.77
296.77
296.77
296.77
296.77
296.77
296.77
296.77
296.77
296.77
296.77
296.77
296.77
296.77
296.77
296.77
296.77
296.77
296.77
296.77
296.77
296.77
296.77
296.77
296.77
296.77
296.77
296.77
296.77
296.77
296.77
296.77
296.77
296.77
296.77
296.77
296.77
296.77
296.77
296.77
296.77
296.77
296.77
296.77
296.77
296.77
296.77
296.77
296.77
296.77
296.77
296.77
296.77
296.77
296.77
296.77
296.77
296.77
296.77
296.77
296.77
296.77
296.77
296.77
296.77
296.77
296.77
296.77
296.77
296.77
296.77
296.77
296.77
296.77
296.77
296.77
296.77
296.77
296.77
296.77
296.77
296.77
296.77
296.77
296.77
296.77
296.77
296.77
296.77
296.77
296.77
296.77
296.77
296.77
296.77
296.77
296.77
296.77
296.77
296.77
296.77
296.77
296.77
296.77
296.77
296.77
296.77
296.77
296.77
296.77
296.77
296.77
296.77
296.77
296.77
296.77
296.77
296.77
296.77
296.77
296.77
296.77
296.77
296.77
296.77
296.77
296.77
296.77
296.77
296.77
296.77
296.77
296.77
296.77
296.77
296.77
296.77
296.77
296.77
296.77
296.77
296.77
296.77
296.77
296.77
296.77
296.77
296.77
296.77
296.77
296.77
296.77
296.77
296.77
296.77
296.77
296.77
296.77
296.77
296.77
296.77
296.77
296.77
296.77
296.77
296.77
296.77
296.77
296.77
296.77
296.77
296.77
296.77
296.77
296.77
296.77
296.77
296.77
296.77
296.77
296.77
296.77
296.77
296.77
296.77
296.77
296.77
296.77
296.77
296.77
296.77
296.77
296.77
296.77
296.77
296.77
296.77
296.77
296.77
296.77
296.77
296.77
296.77
296.77
296.77
296.77
296.77
296.77
296.77
296.77
296.77
296.77
296.77
296.77
296.77
296.77
296.77
296.77
296.77
296.77
296.77
296.77
296.77
296.77
296.77
296.77
296.77
296.77
296.77
296.77
296.77
296.77
296.77
296.77
296.77
296.77
296.77
296.77
296.77
296.77
296.77
296.77
296.77
296.77
296.77
296.77
296.77
296.77
296.77
296.77
296.77
296.77
296.77
296.77
296.77
296.77
296.77
296.77
296.77
296.77
296.77
296.77
296.77
296.77
296.77
296.77
296.77
296.77
296.77
296.77
296.77
296.77
296.77
296.77
296.77
296.77
296.77
296.77
296.77
296.77
296.77
296.77
296.77
296.77
296.77
296.77
296.77
296.77
296.77
296.77
296.77
296.77
296.77
296.77
296.77
296.77
296.77
296.77
296.77
296.77
296.77
296.77
296.77
296.77
296.77
296.77
296.77
296.77
296.77
296.77
296.77
296.77
296.77
296.77
296.77
296.77
296.77
296.77
296.77
296.77
296.77
296.77
296.77
296.77
296.77
296.77
296.77
296.77
296.77
296.77
296.77
296.77
296.77
296.77
296.77
296.77
296.77
296.77
296.77
296.77
296.77
296.77
296.77
296.77
296.77
296.77
296.77
296.77
296.77
296.77
296.77
296.77
296.77
296.77
296.77
296.77
296.77
296.77
296.77
296.77
296.77
296.77
296.77
296.77
296.77
296.77
296.77
296.77
296.77
296.77
296.77
296.77
296.77
296.77
296.77
296.77
296.77
296.77
296.77
296.77
296.77
296.77
296.77
296.77
296.77
296.77
296.77
296.77
296.77
296.77
296.77
296.77
296.77
296.77
296.77
296.77
296.77
296.77
296.77
296.77
296.77
296.77
296.77
296.77
296.77
296.77
296.77
296.77
296.77
296.77
296.77
296.77
296.77
296.77
296.77
296.77
296.77
296.77
296.77
296.77
296.77
296.77
296.77
296.77
296.77
296.77
296.77
296.77
296.77
296.77
296.77
296.77
296.77
296.77
296.77
296.77
296.77
296.77
296.77
296.77
296.77
296.77
296.77
296.77
296.77
296.77
296.77
296.77
296.77
296.77
296.77
296.77
296.77
296.77
296.77
296.77
296.77
296.77
296.77
296.77
296.77
296.77
296.77
296.77
296.77
296.77
296.77
296.77
296.77
296.77
296.77
296.77
296.77
296.77
296.77
296.77
296.77
296.77
296.8
296.8
296.8
296.8
296.8
296.8
296.8
296.8
296.8
296.8
296.8
296.8
296.8
296.8
296.8
296.8
296.8
296.8
296.8
296.8
296.8
296.8
296.8
296.8
296.8
296.8
296.8
296.8
296.8
296.8
296.8
296.8
296.8
296.8
296.8
296.8
296.8
296.8
296.8
296.8
296.8
296.8
296.8
296.8
296.8
296.8
296.8
296.8
296.8
296.8
296.8
296.8
296.8
296.8
296.8
296.8
296.8
296.8
296.8
296.8
296.8
296.8
296.8
296.8
296.8
296.8
296.8
296.8
296.8
296.8
296.8
296.8
296.8
296.8
296.8
296.8
296.8
296.8
296.8
296.8
296.8
296.8
296.8
296.8
296.8
296.8
296.8
296.8
296.8
296.8
296.8
296.8
296.8
296.8
296.8
296.8
296.8
296.8
296.8
296.8
296.8
296.8
296.8
296.8
296.8
296.8
296.8
296.8
296.8
296.8
296.8
296.8
296.8
296.8
296.8
296.8
296.8
296.8
296.8
296.8
296.8
296.8
296.8
296.8
296.8
296.8
296.8
296.8
296.8
296.8
296.8
296.8
296.8
296.8
296.8
296.8
296.8
296.8
296.8
296.8
296.8
296.8
296.8
296.8
296.8
296.8
296.8
296.8
296.8
296.8
296.8
296.8
296.8
296.8
296.8
296.8
296.8
296.8
296.8
296.8
296.8
296.8
296.8
296.8
296.8
296.8
296.8
296.8
296.8
296.8
296.8
296.8
296.8
296.8
296.8
296.8
296.8
296.8
296.8
296.8
296.8
296.8
296.8
296.8
296.8
296.8
296.8
296.8
296.8
296.8
296.8
296.82
296.85
296.85
296.85
296.85
296.85
296.85
296.85
296.85
296.85
296.85
296.85
296.85
296.85
296.85
296.85
296.85
296.85
296.85
296.85
296.85
296.85
296.85
296.85
296.85
296.85
296.85
296.85
296.85
296.85
296.85
296.85
296.85
296.85
296.85
296.85
296.85
296.85
296.85
296.85
296.85
296.85
296.85
296.85
296.85
296.85
296.85
296.85
296.85
296.85
296.85
296.85
296.85
296.85
296.85
296.85
296.85
296.85
296.85
296.85
296.85
296.85
296.85
296.85
296.85
296.85
296.85
296.85
296.85
296.85
296.85
296.85
296.85
296.85
296.85
296.85
296.85
296.85
296.85
296.85
296.85
296.85
296.85
296.85
296.85
296.85
296.85
296.85
296.85
296.85
296.85
296.85
296.85
296.85
296.85
296.85
296.85
296.85
296.85
296.85
296.85
296.85
296.85
296.85
296.85
296.85
296.85
296.85
296.85
296.85
296.85
296.85
296.85
296.85
296.85
296.85
296.85
296.85
296.85
296.85
296.85
296.85
296.85
296.85
296.85
296.85
296.85
296.85
296.85
296.85
296.85
296.85
296.85
296.85
296.85
296.85
296.85
296.85
296.85
296.85
296.85
296.85
296.85
296.85
296.85
296.85
296.85
296.85
296.85
296.85
296.85
296.85
296.85
296.85
296.85
296.85
296.85
296.85
296.85
296.85
296.85
296.85
296.85
296.85
296.85
296.85
296.85
296.85
296.85
296.85
296.85
296.85
296.85
296.85
296.85
296.85
296.85
296.85
296.85
296.85
296.85
296.85
296.85
296.85
296.85
296.85
296.85
296.85
296.85
296.85
296.85
296.85
296.85
296.85
296.85
296.85
296.85
296.85
296.85
296.85
296.85
296.85
296.85
296.85
296.85
296.85
296.85
296.85
296.85
296.85
296.85
296.85
296.85
296.85
296.85
296.85
296.85
296.85
296.85
296.85
296.85
296.85
296.85
296.85
296.85
296.85
296.85
296.85
296.85
296.85
296.85
296.85
296.85
296.85
296.85
296.85
296.85
296.85
296.85
296.85
296.85
296.85
296.85
296.85
296.85
296.85
296.85
296.85
296.85
296.85
296.85
296.85
296.85
296.85
296.85
296.85
296.85
296.85
296.85
296.85
296.85
296.85
296.85
296.85
296.85
296.85
296.85
296.85
296.85
296.85
296.85
296.85
296.85
296.85
296.85
296.85
296.85
296.85
296.85
296.85
296.85
296.85
296.85
296.85
296.85
296.85
296.85
296.85
296.85
296.85
296.85
296.85
296.85
296.85
296.85
296.85
296.85
296.85
296.85
296.85
296.85
296.85
296.85
296.85
296.85
296.85
296.85
296.85
296.85
296.85
296.85
296.85
296.85
296.85
296.85
296.85
296.85
296.85
296.85
296.85
296.85
296.85
296.85
296.85
296.85
296.85
296.85
296.85
296.85
296.85
296.85
296.85
296.85
296.85
296.85
296.85
296.85
296.85
296.85
296.85
296.85
296.85
296.85
296.85
296.85
296.85
296.85
296.85
296.85
296.85
296.85
296.85
296.85
296.85
296.85
296.85
296.85
296.85
296.85
296.85
296.85
296.85
296.85
296.85
296.85
296.85
296.85
296.85
296.85
296.85
296.85
296.85
296.85
296.85
296.85
296.85
296.85
296.85
296.85
296.85
296.85
296.85
296.85
296.85
296.85
296.85
296.85
296.85
296.85
296.85
296.85
296.85
296.85
296.85
296.85
296.85
296.85
296.85
296.85
296.85
296.85
296.85
296.85
296.85
296.85
296.85
296.85
296.85
296.85
296.85
296.85
296.85
296.85
296.85
296.85
296.85
296.85
296.85
296.85
296.85
296.85
296.85
296.85
296.85
296.85
296.85
296.85
296.85
296.85
296.85
296.85
296.85
296.85
296.85
296.85
296.85
296.85
296.85
296.85
296.85
296.85
296.85
296.85
296.85
296.85
296.85
296.85
296.85
296.85
296.85
296.85
296.85
296.85
296.85
296.85
296.85
296.85
296.85
296.85
296.85
296.85
296.85
296.85
296.85
296.85
296.85
296.85
296.85
296.85
296.85
296.85
296.85
296.85
296.85
296.85
296.85
296.85
296.85
296.85
296.85
296.85
296.85
296.85
296.85
296.85
296.85
296.85
296.85
296.85
296.85
296.85
296.85
296.85
296.85
296.85
296.85
296.85
296.85
296.85
296.85
296.85
296.85
296.85
296.85
296.85
296.85
296.85
296.85
296.85
296.85
296.85
296.85
296.85
296.85
296.85
296.85
296.85
296.85
296.85
296.85
296.85
296.85
296.85
296.85
296.85
296.85
296.85
296.85
296.85
296.85
296.85
296.85
296.85
296.85
296.85
296.85
296.85
296.85
296.85
296.85
296.85
296.85
296.85
296.85
296.85
296.85
296.85
296.85
296.85
296.85
296.85
296.85
296.85
296.85
296.85
296.85
296.85
296.85
296.85
296.85
296.85
296.85
296.85
296.85
296.85
296.85
296.85
296.85
296.85
296.85
296.85
296.85
296.85
296.85
296.85
296.85
296.85
296.85
296.85
296.85
296.85
296.85
296.85
296.85
296.85
296.85
296.85
296.85
296.85
296.85
296.85
296.85
296.85
296.85
296.85
296.85
296.85
296.85
296.85
296.85
296.85
296.85
296.85
296.85
296.85
296.85
296.85
296.85
296.85
296.85
296.85
296.85
296.85
296.85
296.85
296.85
296.85
296.85
296.85
296.85
296.85
296.85
296.85
296.85
296.85
296.85
296.85
296.85
296.85
296.85
296.85
296.85
296.85
296.85
296.85
296.85
296.85
296.85
296.85
296.85
296.85
296.85
296.85
296.85
296.85
296.85
296.85
296.85
296.85
296.85
296.85
296.85
296.85
296.85
296.85
296.85
296.85
296.85
296.85
296.85
296.85
296.85
296.85
296.85
296.85
296.85
296.85
296.85
296.85
296.85
296.85
296.85
296.85
296.85
296.85
296.85
296.85
296.85
296.85
296.88
296.88
296.88
296.88
296.88
296.88
296.88
296.88
296.88
296.88
296.88
296.88
296.88
296.88
296.88
296.88
296.88
296.88
296.88
296.88
296.88
296.88
296.88
296.88
296.88
296.88
296.88
296.88
296.88
296.88
296.88
296.88
296.88
296.88
296.9
296.93
296.93
296.95
296.98
297
297
297.05
297.05
297.08
297.08
297.1
297.33
297.46
297.48
297.48
297.48
297.48
297.48
297.48
297.48
297.48
297.48
297.48
297.48
297.48
297.48
297.48
297.48
297.48
297.48
297.48
297.48
297.48
297.48
297.48
297.48
297.48
297.48
297.48
297.48
297.48
297.48
297.48
297.48
297.48
297.48
297.48
297.48
297.48
297.48
297.48
297.48
297.48
297.48
297.48
297.48
297.48
297.48
297.48
297.48
297.48
297.48
297.48
297.48
297.48
297.48
297.48
297.48
297.48
297.48
297.48
297.48
297.48
297.48
297.48
297.48
297.48
297.48
297.48
297.48
297.48
297.48
297.48
297.48
297.48
297.48
297.48
297.48
297.48
297.48
297.48
297.48
297.48
297.48
297.48
297.48
297.48
297.48
297.48
297.51
298.42
298.55
298.58
298.6
298.63
298.65
298.65
298.65
298.65
298.65
298.65
298.65
298.65
298.65
298.65
298.65
298.65
298.65
298.65
298.65
298.65
298.65
298.65
298.68
299.16
299.75
300.25
300.28
300.43
300.48
300.51
300.58
300.61
300.61
300.61
300.61
300.61
300.61
300.61
300.61
300.61
300.61
300.61
300.61
300.61
300.61
300.61
300.61
300.61
300.61
300.61
300.61
300.61
300.61
300.61
300.61
300.61
300.61
300.61
300.61
300.61
300.61
300.61
300.61
300.61
300.66
300.66
300.66
300.66
300.66
300.66
300.66
300.66
300.66
300.66
300.66
300.66
300.66
300.66
300.66
300.66
300.66
300.66
300.66
300.66
300.66
300.66
300.66
300.66
300.66
300.66
300.66
300.66
300.66
300.66
300.66
300.66
300.66
300.66
300.66
300.66
300.66
300.66
300.66
300.66
300.66
300.66
300.66
300.66
300.66
300.66
300.66
300.66
300.66
300.66
300.66
300.66
300.66
300.66
300.66
300.66
300.66
300.66
300.66
300.66
300.66
300.66
300.66
300.66
300.66
300.66
300.66
300.66
300.66
300.66
300.66
300.66
300.66
300.66
300.66
300.66
300.66
300.66
300.66
300.66
300.66
300.66
300.66
300.66
300.66
300.66
300.66
300.66
300.66
300.66
300.66
300.66
300.66
300.66
300.66
300.66
300.66
300.66
300.66
300.66
300.66
300.66
300.66
300.66
300.66
300.66
300.66
300.66
300.66
300.66
300.66
300.66
300.66
300.66
300.66
300.66
300.66
300.66
300.66
300.66
300.66
300.66
300.66
300.66
300.66
300.66
300.66
300.66
300.66
300.66
300.66
300.66
300.66
300.66
300.66
300.66
300.66
300.66
300.66
300.66
300.66
300.66
300.66
300.66
300.66
300.66
300.66
300.66
300.66
300.66
300.66
300.66
300.66
300.66
300.66
300.66
300.66
300.66
300.66
300.66
300.66
300.66
300.66
300.66
300.66
300.66
300.66
300.66
300.66
300.66
300.66
300.66
300.66
300.66
300.66
300.66
300.66
300.66
300.66
300.66
300.66
300.66
300.66
300.66
300.66
300.66
300.66
300.66
300.66
300.66
300.66
300.66
300.66
300.66
300.66
300.66
300.66
300.66
300.66
300.66
300.66
300.66
300.66
300.66
300.66
300.66
300.66
300.66
300.66
300.66
300.66
300.66
300.66
300.66
300.66
300.66
300.66
300.66
300.66
300.66
300.66
300.66
300.66
300.66
300.66
300.66
300.66
300.66
300.66
300.66
300.66
300.66
300.66
300.66
300.66
300.66
300.66
300.66
300.66
300.66
300.66
300.66
300.66
300.66
300.66
300.66
300.66
300.66
300.66
300.66
300.66
300.66
300.66
300.66
300.66
300.66
300.66
300.66
300.66
300.66
300.66
300.66
300.66
300.66
300.66
300.66
300.66
300.66
300.66
300.66
300.66
300.66
300.66
300.66
300.66
300.66
300.69
300.71
300.71
300.71
300.71
300.71
300.71
300.71
300.71
300.71
300.71
300.71
300.71
300.71
300.71
300.71
300.71
300.71
300.71
300.71
300.71
300.71
300.71
300.71
300.71
300.71
300.71
300.76
300.76
300.76
300.76
300.76
300.76
300.76
300.76
300.76
300.76
300.76
300.76
300.76
300.76
300.76
300.76
300.76
300.76
300.76
300.76
300.76
300.76
300.76
300.76
300.76
300.76
300.76
300.76
300.76
300.76
300.76
300.76
300.76
300.89
301.04
301.12
301.12
301.12
301.12
301.12
301.12
301.14
301.17
301.17
301.19
301.19
301.19
301.22
301.22
301.24
301.24
301.24
301.24
301.24
301.24
301.24
301.24
301.24
301.24
301.24
301.24
301.24
301.24
301.24
301.24
301.24
301.24
301.24
301.24
301.24
301.24
301.24
301.24
301.24
301.24
301.24
301.24
301.24
301.24
301.24
301.24
301.24
301.24
301.24
301.24
301.24
301.24
301.24
301.24
301.24
301.24
301.24
301.24
301.24
301.24
301.24
301.24
301.27
301.27
301.27
301.27
301.29
301.37
303.86
304.34
304.6
304.62
304.65
304.65
304.65
304.65
304.65
304.65
304.67
304.67
304.67
304.67
304.67
304.7
304.7
304.7
304.7
304.7
304.7
304.7
304.7
304.7
304.7
304.7
304.7
304.7
304.7
304.7
304.7
304.7
304.7
304.7
304.7
304.7
304.7
304.7
304.7
304.7
304.7
304.7
304.7
304.7
304.7
304.7
304.7
304.7
304.7
304.7
304.7
304.7
304.7
304.7
304.7
304.7
304.7
304.7
304.7
304.7
304.7
304.7
304.7
304.7
304.7
304.7
304.7
304.7
304.7
304.7
304.7
304.7
304.7
304.7
304.7
304.7
304.7
304.7
304.7
304.7
304.7
304.7
304.7
304.7
304.7
304.7
304.7
304.7
304.7
304.7
304.7
304.7
304.7
304.7
304.7
304.7
304.7
304.7
304.7
304.7
304.7
304.7
304.7
304.7
304.7
304.7
304.7
304.7
304.7
304.7
304.7
304.7
304.7
304.7
304.7
304.7
304.7
304.7
304.7
304.7
304.7
304.7
304.7
304.7
304.7
304.7
304.7
304.7
304.7
304.7
304.7
304.7
304.7
304.7
304.7
304.7
304.7
304.7
304.7
304.7
304.7
304.7
304.7
304.7
304.7
304.7
304.7
304.7
304.7
304.72
304.77
305.82
308.84
308.97
308.97
308.97
308.97
308.97
308.97
308.97
308.97
308.97
308.97
308.97
308.97
308.97
308.97
308.97
308.97
308.97
308.97
308.97
308.97
308.97
308.97
308.97
308.97
308.97
308.97
308.97
308.97
308.97
309.09
309.09
309.09
309.09
309.09
309.09
309.09
309.09
309.09
309.09
309.09
309.09
309.09
309.09
309.09
309.09
309.09
309.09
309.09
309.09
309.09
309.09
309.09
309.09
309.09
309.09
309.09
309.09
309.09
309.09
309.09
309.09
309.09
309.09
309.09
309.09
309.09
309.09
309.09
309.09
309.09
309.09
309.09
309.09
309.09
309.09
309.09
309.09
309.09
309.09
309.09
309.09
309.22
309.22
309.22
309.22
309.35
309.73
309.73
309.73
309.85
309.85
309.85
309.85
309.85
309.85
309.85
309.85
309.85
309.85
309.85
309.85
309.85
309.98
310.24
310.24
310.24
310.24
310.24
310.24
310.24
310.24
310.24
310.24
310.24
310.24
310.24
310.24
310.24
310.24
310.24
310.24
310.24
310.24
310.24
310.24
310.24
310.24
310.24
310.24
310.24
310.24
310.24
310.24
310.24
310.24
310.24
310.24
310.24
310.24
310.24
310.24
310.24
310.24
310.24
310.24
310.24
310.24
310.24
310.24
310.24
310.24
310.24
310.24
310.24
310.24
310.24
310.24
310.24
310.24
310.24
310.24
310.24
310.24
310.24
310.24
310.24
310.24
310.24
310.24
310.24
310.24
310.24
310.24
310.24
310.24
310.24
310.24
310.24
310.24
310.24
310.24
310.24
310.24
310.24
310.24
310.24
310.24
310.24
310.24
310.24
310.24
310.24
310.24
310.24
310.24
310.24
310.24
310.24
310.24
310.24
310.24
310.24
310.24
310.24
310.24
310.24
310.24
310.24
310.24
310.24
310.24
310.24
310.24
310.24
310.24
310.24
310.24
310.24
310.24
310.24
310.24
310.24
310.24
310.24
310.24
310.24
310.24
310.24
310.24
310.24
310.24
310.24
310.24
310.24
310.24
310.24
310.24
310.24
310.24
310.24
310.24
310.24
310.24
310.24
310.24
310.24
310.24
310.24
310.24
310.24
310.24
310.24
310.24
310.24
310.24
310.24
310.24
310.24
310.24
310.24
310.24
310.1
310.1
310.1
310.1
310.1
310.1
310.1
310.1
310.1
310.1
310.1
310.1
310.1
310.1
310.1
310.1
310.1
310.1
310.1
310.1
310.1
310.1
310.1
310.1
310.1
310.1
310.1
310.1
310.1
310.1
310.1
310.1
310.1
310.1
310.1
310.1
310.1
310.1
310.1
310.1
310.1
310.1
310.1
310.1
310.1
310.1
310.1
310.1
310.1
310.1
310.1
310.1
310.1
310.1
310.1
310.1
310.1
310.1
310.1
310.1
310.1
310.1
310.1
310.1
310.1
310.1
310.1
310.1
310.1
310.1
310.1
310.1
310.1
310.1
310.1
310.1
310.1
310.1
310.1
310.1
310.1
310.1
310.1
310.1
310.1
310.1
310.1
310.1
310.1
310.1
310.1
310.1
310.1
310.1
310.1
310.1
310.1
310.1
310.1
310.1
310.1
310.1
310.1
310.1
310.1
310.1
310.1
310.1
310.1
310.1
310.1
310.1
310.1
310.1
310.1
310.1
310.1
310.1
310.1
310.1
310.1
310.1
310.1
310.1
310.1
310.1
310.1
310.1
310.1
310.1
310.1
310.1
310.1
310.1
310.1
310.1
310.1
310.1
310.1
310.1
310.1
310.1
310.1
310.1
310.1
310.1
310.1
310.1
310.1
310.1
310.1
310.1
310.1
310.1
310.1
310.1
310.1
310.1
310.1
310.1
310.1
310.1
310.1
310.1
310.96
312.76
313.43
313.9
314.95
314.95
314.95
315.04
315.04
315.04
315.23
315.23
315.23
315.23
315.23
315.33
315.33
315.33
315.33
315.33
315.33
315.42
315.52
315.61
315.61
316.75
318.94
320.17
320.46
320.93
321.31
323.12
323.78
324.45
324.64
324.64
324.64
324.64
324.64
324.64
324.64
324.64
324.64
324.64
324.64
324.64
324.64
324.64
324.64
324.64
324.64
324.73
324.73
324.73
324.83
325.49
326.73
327.39
328.06
329.2
330.62
332.43
333.76
334.52
334.9
335.66
336.7
338.22
338.41
338.51
338.51
338.51
338.51
338.51
338.51
338.6
338.79
339.55
339.93
340.03
340.69
341.07
341.36
341.45
341.55
341.55
341.55
341.55
341.55
341.55
341.55
341.55
341.55
341.55
341.55
343.92
343.92
343.92
343.92
343.92
343.92
343.92
343.92
343.92
343.92
343.92
343.92
343.92
343.92
343.92
343.92
343.92
343.92
343.92
343.92
343.92
343.92
343.92
343.94
343.97
343.97
344.35
344.58
344.73
344.75
344.81
344.86
345.01
345.52
345.97
346
346
346.08
346.18
346.18
346.18
346.18
346.18
346.18
346.18
346.18
346.18
346.2
346.23
346.28
346.3
346.3
346.3
346.3
346.33
346.33
346.33
346.33
346.35
346.35
346.41
346.43
346.46
346.48
346.53
346.53
346.53
346.53
346.53
346.53
346.53
346.53
346.53
346.53
346.53
346.53
346.53
346.53
346.53
346.53
346.53
346.53
346.53
346.53
346.53
346.53
346.53
346.53
346.53
346.53
346.53
346.53
346.53
346.53
346.53
346.53
346.53
346.53
346.53
346.86
346.86
346.86
346.89
346.89
346.89
346.89
346.89
347.47
348.46
349.4
350.42
350.77
350.88
350.88
350.88
350.88
350.88
350.88
350.88
350.88
350.88
350.88
350.88
350.88
350.88
350.88
350.88
350.88
350.88
350.88
350.88
350.88
350.88
350.88
350.88
350.88
350.88
350.88
350.88
350.88
350.88
350.88
350.88
350.88
350.88
351.03
351.38
351.38
351.38
351.38
351.38
351.74
351.74
351.74
351.74
351.74
351.74
351.74
351.74
351.74
351.74
351.74
351.74
351.74
351.74
351.74
351.74
351.74
351.74
351.74
351.74
351.74
351.74
351.74
351.74
351.74
351.74
351.74
351.74
351.74
351.74
351.74
351.74
351.74
351.74
351.74
351.74
351.74
351.74
351.74
351.74
351.74
351.74
351.74
351.74
351.74
351.74
351.74
351.74
351.74
351.74
351.74
351.74
351.74
351.74
351.74
351.74
351.74
351.74
351.74
351.74
351.74
351.74
351.74
351.74
351.74
351.74
351.74
351.74
351.74
351.74
351.74
351.74
351.74
351.74
351.74
351.74
351.74
351.74
351.74
351.74
351.74
351.74
351.74
351.74
351.74
351.74
351.74
351.74
351.74
351.74
351.74
351.74
351.74
351.74
351.74
351.74
351.74
351.74
351.74
351.74
351.74
351.74
351.74
351.74
351.74
351.74
351.74
351.74
351.74
351.74
351.74
351.74
351.74
351.74
351.74
351.74
351.74
351.74
351.74
351.74
351.74
351.74
351.74
351.74
351.74
351.74
351.74
351.74
351.74
351.74
351.74
351.74
351.74
351.74
351.74
351.74
351.74
351.74
351.74
351.74
351.74
351.74
351.74
351.74
351.74
351.74
351.74
351.74
351.74
351.74
351.74
351.74
351.74
351.74
351.74
351.74
351.74
351.74
351.74
351.74
351.74
351.74
351.74
351.74
351.74
351.74
351.74
351.74
351.74
351.74
351.74
351.74
351.74
351.74
351.74
351.74
351.74
351.74
351.74
351.74
351.74
351.74
351.74
351.74
351.74
351.74
351.74
351.74
351.74
351.74
351.74
351.74
351.74
351.74
351.74
351.74
351.74
351.74
351.74
351.74
351.74
351.74
351.74
351.74
351.74
351.74
351.74
351.74
351.74
351.74
351.74
351.74
351.74
351.74
351.74
351.74
351.74
351.74
351.74
351.74
351.74
351.74
351.74
351.74
351.74
351.74
351.74
351.74
351.74
351.74
351.74
351.74
351.74
351.74
351.74
351.74
351.74
351.74
351.74
351.74
351.74
351.74
351.74
351.74
351.74
351.74
351.74
351.74
351.74
351.74
351.74
351.74
351.74
351.74
351.74
351.74
351.74
351.74
351.74
351.74
351.74
351.74
351.74
351.74
351.74
351.74
351.74
351.74
351.74
351.74
351.74
351.74
351.74
351.74
351.74
351.74
351.74
351.74
351.74
351.74
351.74
351.74
351.74
351.74
351.74
351.74
351.74
351.74
351.74
351.74
351.74
351.74
351.74
351.74
351.74
351.74
351.74
351.74
351.74
351.74
351.74
351.74
351.74
351.74
351.74
351.74
351.74
351.74
351.74
351.74
351.74
351.74
351.74
351.74
351.74
351.74
351.74
351.74
351.74
351.74
351.74
351.74
351.74
351.74
351.74
351.74
351.74
351.74
351.76
351.82
352.37
353.01
353.31
353.49
353.64
354.03
354.43
355.07
355.22
355.35
356.26
356.31
356.34
356.36
356.36
356.36
356.36
356.36
356.36
356.36
356.36
356.36
356.36
356.36
356.36
356.36
356.36
356.36
356.36
356.36
356.36
354.64
354.64
354.64
354.74
354.74
354.84
354.84
354.84
354.94
354.94
355.04
355.04
355.14
355.14
355.14
355.24
355.24
355.34
355.34
355.34
355.44
355.44
355.54
355.54
355.64
355.64
355.64
355.64
355.64
355.64
355.64
355.64
355.64
355.64
355.64
355.64
355.64
355.64
355.64
355.64
355.64
355.64
355.64
355.64
355.64
355.64
355.64
355.64
355.64
355.64
355.64
355.64
355.64
355.64
355.64
355.64
355.64
355.64
355.64
355.73
356.21
356.97
357.06
357.16
357.44
357.44
357.44
357.44
357.44
357.44
357.44
357.44
357.44
357.44
357.44
357.44
357.44
357.44
357.44
357.44
357.44
357.44
357.44
357.44
357.44
357.44
357.44
357.44
357.44
357.44
357.44
357.44
357.44
357.44
357.44
357.44
357.44
357.44
357.44
357.44
357.44
357.44
357.44
357.44
357.44
357.44
357.44
357.44
357.44
357.44
357.44
357.44
357.44
357.44
357.44
357.44
357.44
357.44
357.44
357.44
357.44
357.44
357.44
357.44
357.44
357.44
357.44
357.44
357.44
357.44
357.44
357.44
357.44
357.44
357.44
357.44
357.44
357.44
357.44
357.44
357.44
357.44
357.44
357.44
357.44
357.44
357.44
357.44
357.44
357.44
357.44
357.44
357.44
357.44
357.44
357.44
357.44
357.44
357.44
357.44
357.44
357.44
357.44
357.44
357.44
357.44
357.44
357.44
357.44
357.44
357.44
357.44
357.44
357.44
357.44
357.44
357.44
357.44
357.44
357.44
357.44
357.44
357.44
357.44
357.44
357.44
357.44
357.44
357.44
357.44
357.44
357.44
357.44
357.44
357.44
357.44
357.44
357.44
357.44
357.44
357.44
357.44
357.44
357.44
357.44
357.44
357.44
357.44
357.44
357.44
357.44
357.44
357.44
357.44
357.44
357.44
357.44
357.44
357.44
357.44
357.44
357.44
357.44
357.44
357.44
357.44
357.44
357.44
357.44
357.44
357.44
357.44
357.44
357.44
357.44
357.44
357.44
357.44
357.44
357.44
357.44
357.44
357.44
357.44
357.44
357.44
357.44
357.44
357.44
357.44
357.44
357.44
357.44
357.44
357.44
357.44
357.44
357.44
357.44
357.44
357.44
357.44
357.44
357.44
357.44
357.44
357.44
357.44
357.44
357.44
357.44
357.44
357.44
357.44
357.44
357.44
357.44
357.44
357.44
357.44
357.44
357.44
357.44
357.44
357.44
357.44
357.44
357.44
357.44
357.44
357.44
357.44
357.44
357.44
357.51
357.65
357.72
357.85
358.89
359.03
359.1
359.1
359.1
359.1
359.1
359.1
359.1
359.17
359.17
359.17
359.17
359.17
359.17
359.17
359.17
359.17
359.17
359.17
359.17
359.17
359.17
359.17
359.17
359.17
359.17
359.17
359.17
359.17
359.17
359.17
359.17
359.17
359.17
359.17
359.51
360.27
360.41
360.96
360.96
360.96
360.96
361.03
361.1
361.1
361.1
361.3
362.75
364.55
365.93
367.17
368.55
368.89
369.58
370.14
370.69
371.03
371.17
371.17
371.52
372.07
372.76
374.35
376.42
378.21
378.9
379.59
380.14
380.49
380.56
380.56
380.56
380.56
380.56
380.56
380.56
380.56
380.56
380.56
380.56
380.62
381.18
382.07
382.9
383.32
383.8
384.49
384.49
385.04
385.59
386.77
388.7
390.15
391.32
391.66
391.94
391.94
391.94
391.94
391.94
391.94
391.94
391.94
391.94
391.94
391.94
391.94
391.94
391.94
391.94
391.94
392.77
393.8
393.87
393.94
393.94
393.94
393.94
393.94
393.94
393.94
393.94
394.08
394.08
394.08
394.08
394.08
394.08
394.08
394.08
394.08
394.08
394.08
394.08
394.08
394.08
394.08
394.08
394.08
394.08
394.08
394.08
394.08
394.08
394.08
394.08
394.08
394.08
394.08
394.08
394.08
394.08
394.08
394.08
394.08
394.08
394.08
394.08
394.08
394.08
394.08
394.08
394.08
394.08
394.08
394.08
394.08
394.08
394.08
394.08
394.08
394.08
394.08
394.08
394.08
394.08
394.08
394.08
394.08
394.08
394.08
394.08
394.08
394.08
394.08
394.08
394.08
394.08
394.08
394.08
394.08
394.08
394.08
394.08
394.08
394.08
394.08
394.08
394.08
394.08
394.08
394.08
394.08
394.08
394.08
394.08
394.08
394.08
394.08
394.08
394.08
394.08
394.08
394.08
394.08
394.08
394.08
394.13
394.81
394.85
394.91
394.96
394.96
394.96
395.08
395.21
395.33
395.33
395.33
395.33
395.33
395.33
395.33
395.33
395.33
395.33
395.33
395.33
395.33
395.33
395.33
395.33
395.33
395.33
395.33
395.33
395.33
395.33
395.33
395.33
395.33
395.33
395.33
395.33
395.33
395.33
395.33
395.33
395.33
395.33
395.33
395.33
396.59
396.59
396.59
396.59
396.59
396.59
396.59
396.59
396.59
396.59
396.59
397.84
397.84
397.84
397.97
398.1
398.22
398.35
398.35
398.35
398.37
398.4
398.42
398.43
398.44
398.45
398.46
398.46
398.46
398.46
398.46
398.46
398.46
398.46
398.46
398.46
398.46
398.46
398.46
398.46
398.47
398.47
398.47
398.47
398.47
398.47
398.47
399.1
399.1
399.1
399.1
399.1
399.1
400.35
401.61
401.61
401.61
401.61
401.61
401.61
401.61
401.61
401.61
401.61
401.61
401.61
401.61
401.61
401.61
401.61
401.61
401.61
401.61
401.61
401.61
401.61
401.61
401.61
401.61
401.61
401.61
401.61
402.86
402.86
402.86
402.86
402.86
402.86
402.86
402.86
402.86
402.86
402.86
402.86
402.86
402.86
402.86
404.12
404.12
404.12
404.12
404.12
404.12
404.12
404.12
404.12
404.12
404.12
404.12
404.12
404.12
405.37
405.37
405.37
405.37
405.37
405.37
405.37
405.37
405.37
405.37
405.37
406.62
406.62
406.62
407.88
409.13
409.13
410.39
410.39
410.39
410.39
410.39
410.39
411.65
411.65
411.65
412.9
412.9
414.16
415.41
415.41
415.41
415.41
415.41
415.41
416.67
416.67
416.67
416.67
416.67
416.67
417.92
417.92
417.92
417.92
417.92
417.92
417.92
417.92
417.92
417.92
417.92
417.92
417.92
417.92
417.92
417.92
417.92
418.55
418.55
418.55
418.55
418.55
418.55
418.55
418.55
418.55
418.55
418.55
418.55
418.55
418.55
418.55
418.55
418.55
418.55
418.55
418.55
418.55
418.55
418.55
418.55
418.55
418.55
418.55
418.55
418.55
418.55
418.55
418.55
418.55
418.55
418.55
418.55
418.55
418.55
418.55
418.55
418.55
418.55
419.18
419.18
419.18
419.18
419.18
419.18
419.18
419.18
419.18
419.18
419.18
419.18
419.18
419.18
419.18
419.18
419.18
419.18
419.18
419.18
419.18
419.18
419.18
419.18
419.18
419.18
419.18
419.18
419.18
419.18
419.18
419.18
419.18
419.18
419.18
419.18
419.18
419.18
419.18
419.18
419.18
