0
0
0.1
0.1
0.2
0.4
0.5
1.1
2.1
3.3
3.6
3.6
3.6
3.6
3.6
3.6
3.6
3.6
3.6
3.6
3.6
3.6
3.6
3.7
3.7
3.7
3.7
3.7
3.7
3.7
3.7
3.7
3.7
3.7
3.7
3.7
3.7
3.7
3.7
3.7
3.7
3.7
3.7
3.7
3.7
3.7
3.7
3.7
3.7
3.7
3.7
3.7
3.7
3.7
3.7
3.7
3.7
3.7
3.7
3.7
3.7
3.7
3.7
3.7
3.7
3.7
3.7
3.7
3.7
3.7
3.7
3.7
3.7
3.7
3.7
3.7
3.7
3.7
3.7
3.7
3.7
3.7
3.7
3.7
3.7
3.7
3.7
3.7
3.7
3.7
3.7
3.7
3.7
3.7
3.7
3.7
3.7
3.7
3.7
3.8
4.5
4.9
5.6
6.2
6.5
6.6
6.9
7.1
7.3
7.7
7.8
7.9
7.9
7.9
7.9
8
8
8
8
8
8.1
8.2
8.2
8.2
8.3
8.7
9.3
10.3
11.2
12.1
12.6
13.3
14.5
15.9
17
17.4
18.2
19
19.1
19.2
19.2
19.3
19.3
19.3
19.3
19.3
19.3
19.3
19.3
19.3
19.3
19.3
19.3
19.3
19.3
19.3
19.3
19.3
19.3
19.3
19.3
19.3
19.3
19.3
19.3
19.3
19.3
19.3
19.3
19.3
19.3
19.3
19.3
19.3
19.3
19.3
19.3
19.3
19.3
19.3
19.3
19.3
19.3
19.3
19.3
19.3
19.3
19.3
19.3
19.3
19.3
19.3
19.3
19.3
19.3
19.3
19.3
19.3
19.3
19.3
19.3
19.3
19.3
19.3
19.3
19.3
19.3
19.3
19.3
19.3
19.3
19.3
19.3
19.3
19.3
19.3
19.3
19.3
19.3
19.3
19.3
19.3
19.3
19.3
19.3
19.3
19.3
19.3
19.3
19.3
19.3
19.3
19.3
19.3
19.3
19.3
19.3
19.3
19.3
19.3
19.3
19.3
19.3
19.3
19.3
19.3
19.3
19.3
19.3
19.3
19.3
19.3
19.3
19.3
19.3
19.3
19.3
19.3
19.3
19.3
19.3
19.3
19.3
19.3
19.3
19.3
19.3
19.3
19.3
19.3
19.3
19.3
19.3
19.3
19.3
19.3
19.3
19.3
19.3
19.3
19.3
19.3
19.3
19.3
19.3
19.3
19.3
19.3
19.3
19.3
19.3
19.3
19.3
19.3
19.3
19.3
19.3
19.3
19.3
19.3
19.3
19.3
19.3
19.3
19.3
19.3
19.3
19.3
19.3
19.3
19.3
19.3
19.3
19.3
19.3
19.3
19.3
19.3
19.3
19.3
19.3
19.3
19.3
19.3
19.3
19.3
19.3
19.3
19.3
19.3
19.3
19.3
19.3
19.3
19.3
19.3
19.3
19.3
19.3
19.3
19.3
19.3
19.3
19.3
19.3
19.3
19.3
19.3
19.3
19.3
19.3
19.3
19.3
19.3
19.3
19.3
19.3
19.3
19.3
19.3
19.3
19.3
19.3
19.3
19.3
19.3
19.3
19.3
19.3
19.3
19.3
19.3
19.3
19.3
19.3
19.3
19.3
19.3
19.3
19.3
19.3
19.3
19.3
19.3
19.3
19.3
19.3
19.3
19.3
19.3
19.3
19.3
19.3
19.3
19.3
19.3
19.3
19.3
19.3
19.3
19.3
19.3
19.3
19.3
19.3
19.3
19.3
19.3
19.3
19.3
19.3
19.3
19.3
19.3
19.3
19.3
19.3
19.3
19.3
19.3
19.3
19.3
19.3
19.3
19.3
19.3
19.3
19.3
19.3
19.3
19.3
19.3
19.3
19.3
19.3
19.3
19.3
19.3
19.3
19.3
19.3
19.3
19.3
19.3
19.3
19.3
19.3
19.3
19.3
19.3
19.3
19.3
19.3
19.3
19.3
19.3
19.3
19.3
19.3
19.3
19.3
19.3
19.3
19.3
19.3
19.3
19.3
19.3
19.3
19.3
19.3
19.3
19.3
19.3
19.3
19.3
19.3
19.3
19.3
19.3
19.3
19.3
19.3
19.3
19.3
19.3
19.3
19.3
19.3
19.3
19.3
19.3
19.3
19.3
19.3
19.3
19.3
19.3
19.3
19.3
19.3
19.3
19.3
19.3
19.3
19.3
19.3
19.3
19.3
19.3
19.3
19.3
19.3
19.4
19.4
19.4
19.4
19.4
19.4
19.6
20
20
20
20.2
20.2
20.3
20.5
20.6
20.8
21.1
21.3
21.4
21.5
21.5
21.5
21.6
21.6
21.6
21.6
21.6
21.6
21.6
21.6
21.6
21.6
21.6
21.7
21.7
21.7
21.7
21.7
21.7
21.7
21.7
21.7
21.7
21.8
21.8
21.8
21.8
22
22
22.3
22.5
22.8
22.8
22.8
22.8
22.9
23
23
23
23
23
23.3
23.5
23.7
23.8
24.1
24.1
24.1
24.3
24.6
24.8
24.9
25
25.1
25.1
25.1
25.1
25.1
25.1
25.1
25.1
25.1
25.1
25.1
25.1
25.1
25.1
25.1
25.1
25.1
25.1
25.1
25.1
25.1
25.1
25.1
25.1
25.1
25.1
25.1
25.1
25.1
25.1
25.1
25.1
25.1
25.1
25.1
25.1
25.1
25.1
25.1
25.1
25.1
25.1
25.1
25.1
25.1
25.1
25.1
25.1
25.1
25.1
25.1
25.1
25.1
25.1
25.1
25.1
25.1
25.1
25.1
25.1
25.1
25.1
25.1
25.1
25.1
25.1
25.1
25.1
25.1
25.1
25.1
25.1
25.1
25.1
25.1
25.1
25.1
25.1
25.1
25.1
25.1
25.1
25.1
25.1
25.1
25.1
25.1
25.1
25.1
25.1
25.1
25.1
25.1
25.1
25.1
25.1
25.1
25.1
25.1
25.1
25.1
25.1
25.1
25.1
25.1
25.1
25.1
25.1
25.1
25.1
25.1
25.1
25.1
25.1
25.1
25.1
25.1
25.1
25.1
25.1
25.1
25.1
25.1
25.1
25.1
25.1
25.1
25.1
25.1
25.1
25.1
25.1
25.1
25.1
25.1
25.1
25.1
25.1
25.1
25.1
25.1
25.1
25.1
25.1
25.1
25.1
25.1
25.1
25.1
25.1
25.1
25.1
25.1
25.1
25.1
25.1
25.1
25.1
25.1
25.1
25.1
25.1
25.1
25.1
25.1
25.1
25.1
25.1
25.1
25.1
25.1
25.1
25.1
25.1
25.1
25.1
25.1
25.1
25.1
25.1
25.1
25.1
25.1
25.1
25.1
25.1
25.1
25.1
25.1
25.1
25.1
25.1
25.1
25.1
25.1
25.1
25.1
25.1
25.1
25.1
25.1
25.1
25.1
25.1
25.1
25.1
25.1
25.1
25.1
25.1
25.1
25.1
25.1
25.1
25.1
25.1
25.1
25.1
25.1
25.1
25.1
25.1
25.1
25.1
25.1
25.1
25.1
25.1
25.1
25.1
25.1
25.1
25.1
25.1
25.1
25.1
25.1
25.1
25.1
25.1
25.1
25.1
25.1
25.1
25.1
25.1
25.1
25.1
25.1
25.1
25.1
25.1
25.1
25.1
25.1
25.1
25.1
25.1
25.1
25.1
25.1
25.1
25.1
25.1
25.1
25.1
25.1
25.1
25.1
25.1
25.1
25.1
25.1
25.1
25.1
25.1
25.1
25.1
25.1
25.1
25.1
25.1
25.1
25.1
25.1
25.1
25.1
25.1
25.1
25.1
25.1
25.1
25.1
25.1
25.1
25.1
25.1
25.1
25.1
25.1
25.1
25.1
25.1
25.1
25.1
25.1
25.1
25.1
25.1
25.1
25.1
25.1
25.1
25.1
25.1
25.1
25.1
25.1
25.1
25.1
25.1
25.1
25.1
25.1
25.1
25.1
25.1
25.1
25.1
25.1
25.1
25.1
25.1
25.1
25.1
25.1
25.1
25.1
25.1
25.1
25.1
25.1
25.1
25.1
25.1
25.1
25.1
25.1
25.1
25.1
25.1
25.1
25.1
25.1
25.1
25.1
25.1
25.1
25.1
25.1
25.1
25.1
25.1
25.1
25.1
25.1
25.1
25.1
25.1
25.1
25.1
25.1
25.1
25.1
25.1
25.1
25.1
25.1
25.1
25.1
25.1
25.1
25.1
25.1
25.1
25.1
25.1
25.1
25.1
25.1
25.1
25.1
25.1
25.1
25.1
25.1
25.1
25.1
25.1
25.1
25.1
25.5
25.6
25.8
25.8
25.8
25.8
26
26
26
26
26
26
26
26
26
26
26
26
26
26.1
26.1
26.1
26.1
26.1
26.1
26.1
26.1
26.1
26.1
26.1
26.1
26.1
26.1
26.1
26.1
26.1
26.1
26.1
26.1
26.1
26.1
26.1
26.1
26.1
26.1
26.1
26.1
26.1
26.1
26.1
26.1
26.1
26.1
26.1
26.1
26.1
26.1
26.1
26.1
26.1
26.1
26.1
26.1
26.1
26.1
26.1
26.1
26.1
26.1
26.1
26.1
26.1
26.1
26.1
26.1
26.1
26.1
26.1
26.1
26.1
26.1
26.1
26.1
26.4
26.5
26.5
26.5
26.5
26.5
26.5
26.5
26.5
26.5
26.5
26.5
26.5
26.5
26.5
26.5
26.5
26.5
26.5
26.5
26.5
26.5
26.5
26.5
26.5
26.5
26.5
26.5
26.5
26.5
26.5
26.5
26.5
26.5
26.5
26.5
26.5
26.5
26.5
26.5
26.5
26.5
26.5
26.5
26.5
26.5
26.5
26.5
26.5
26.5
26.5
26.5
26.5
26.5
26.5
26.5
26.5
26.5
26.5
26.5
26.5
26.5
26.5
26.5
26.5
26.6
26.6
26.6
26.6
26.8
27
27
27
27
27
27
27
27
27
27.1
27.1
27.1
27.1
27.1
27.1
27.1
27.1
27.1
27.1
27.1
27.1
27.1
27.1
27.1
27.1
27.1
27.1
27.1
27.1
27.1
27.1
27.1
27.1
27.1
27.1
27.1
27.1
27.1
27.1
27.1
27.1
27.1
27.1
27.1
27.1
27.1
27.1
27.1
27.1
27.1
27.1
27.1
27.1
27.1
27.1
27.1
27.1
27.1
27.1
27.1
27.1
27.1
27.1
27.1
27.1
27.1
27.1
27.1
27.1
27.1
27.1
27.1
27.1
27.1
27.1
27.1
27.1
27.1
27.1
27.1
27.1
27.1
27.1
27.1
27.1
27.1
27.1
27.1
27.1
27.1
27.1
27.1
27.1
27.1
27.1
27.1
27.1
27.1
27.1
27.1
27.1
27.1
27.1
27.1
27.1
27.1
27.1
27.1
27.1
27.1
27.1
27.1
27.1
27.1
27.1
27.2
27.2
27.2
27.2
27.2
27.2
27.2
27.2
27.2
27.2
27.2
27.2
27.2
27.2
27.2
27.3
27.9
29.4
29.4
29.4
29.4
29.4
29.4
29.4
29.4
29.4
29.4
29.4
29.4
29.4
29.4
29.4
29.4
29.4
29.4
29.4
29.4
29.4
29.4
29.4
29.4
29.4
29.4
29.4
29.4
29.4
29.4
29.4
29.4
29.4
29.4
29.4
29.4
29.4
29.4
29.4
29.4
29.4
29.4
29.4
29.4
29.4
29.4
29.4
29.4
29.4
29.4
29.4
29.4
29.4
29.4
29.4
29.4
29.4
29.4
29.4
29.4
29.4
29.4
29.4
29.4
29.4
29.4
29.4
29.4
29.4
29.4
29.4
29.4
29.4
29.4
29.4
29.4
29.4
29.4
29.4
29.6
29.6
29.6
30
30.3
30.3
30.3
30.3
30.3
30.3
30.3
30.3
30.3
30.3
30.3
30.3
30.3
30.3
30.3
30.3
30.3
30.3
30.3
30.3
30.3
30.3
30.3
30.3
30.3
30.3
30.3
30.3
30.3
30.3
30.3
30.3
30.3
30.3
30.3
30.3
30.3
30.3
30.3
30.3
30.3
30.3
30.3
30.3
30.3
30.3
30.3
30.3
30.3
30.3
30.3
30.3
30.3
30.3
30.3
30.3
30.3
30.3
30.3
30.3
30.3
30.3
30.3
30.3
30.3
30.3
30.3
30.3
30.3
30.3
30.3
30.3
30.3
30.3
30.3
30.3
30.3
30.3
30.3
30.3
30.3
30.3
30.3
30.3
30.3
30.3
30.3
30.3
30.3
30.3
30.3
30.3
30.3
30.3
30.3
30.3
30.3
30.3
30.3
30.3
30.3
30.3
30.4
30.4
30.4
30.9
31.7
31.7
31.7
31.7
31.7
31.8
31.8
31.8
31.8
31.8
31.8
31.8
31.8
31.8
31.8
31.9
34.9
35.1
35.1
35.1
35.1
35.2
35.2
35.2
35.3
35.4
35.5
35.5
35.5
35.5
35.5
36.5
37.3
37.8
38.5
38.8
39
39
39.2
39.3
39.3
39.3
39.3
40.2
43.1
44.4
44.4
44.4
44.4
44.6
44.6
44.6
44.6
44.6
44.6
45.1
46.9
46.9
46.9
46.9
47.4
48.2
48.7
48.9
49.2
49.5
50
51
51.2
52
52.2
53
53.3
53.3
53.8
55.5
57.3
58.9
59.9
60.6
61.1
61.1
61.1
61.2
61.3
61.4
61.6
61.8
61.8
61.8
61.8
61.8
61.8
61.8
61.8
61.8
61.8
61.8
61.8
61.8
61.8
61.8
61.8
61.8
61.8
61.8
61.8
61.8
61.8
61.8
61.8
61.8
61.8
61.8
61.8
61.8
61.8
61.8
61.8
61.8
61.8
61.8
61.8
61.8
61.8
61.8
61.8
61.8
61.8
61.8
61.8
61.8
61.8
61.8
61.8
61.8
61.9
62.1
63
63.5
63.5
63.5
63.5
63.5
63.6
63.6
63.6
63.6
63.6
63.6
63.6
63.6
63.6
63.6
63.6
63.6
63.6
63.6
63.6
63.6
63.6
63.6
63.6
63.6
63.6
63.6
63.6
63.6
63.6
63.6
63.6
63.6
63.6
63.6
63.6
63.6
63.6
63.6
63.6
63.6
63.6
63.6
63.6
63.6
63.6
63.6
63.6
63.6
63.6
63.6
63.6
63.6
63.6
63.6
63.6
63.6
63.6
63.6
63.6
63.6
63.6
63.6
63.6
63.6
63.6
63.6
63.6
63.6
63.6
63.6
63.6
63.6
63.6
63.6
63.6
63.6
63.6
63.6
63.6
63.6
63.6
63.6
63.6
63.6
63.6
63.6
63.6
63.6
63.6
63.6
63.6
63.6
63.6
63.6
63.6
63.6
63.6
63.6
63.6
63.6
63.6
63.6
63.6
63.6
63.6
63.6
63.6
63.6
63.6
63.6
63.6
63.6
63.6
63.6
63.6
63.6
63.6
63.6
63.6
63.6
63.6
63.6
63.6
63.6
63.6
63.6
63.6
63.6
63.6
63.6
63.6
63.6
63.6
63.6
63.6
63.6
63.6
63.6
63.6
63.6
63.6
63.6
63.6
63.6
63.6
63.6
63.6
63.6
63.6
63.6
63.6
63.6
63.6
63.7
63.7
63.9
63.9
64
64.2
64.2
64.3
64.3
64.3
64.6
64.7
64.7
64.7
64.7
64.7
64.7
64.7
64.7
64.9
65.5
65.7
65.7
65.7
65.7
65.7
65.7
65.7
65.7
65.7
65.7
65.7
65.7
65.7
65.7
65.7
66.2
66.3
66.3
66.3
66.3
66.3
66.7
67.2
67.2
67.5
67.5
67.5
67.5
67.5
67.5
67.5
67.5
67.5
67.5
67.5
67.5
67.5
67.5
67.5
67.5
67.5
67.5
67.5
67.5
67.5
67.5
67.5
67.5
67.5
67.5
67.5
67.5
67.5
67.5
67.5
67.5
67.5
67.5
67.5
67.5
67.5
67.5
67.5
67.5
67.5
67.5
67.5
67.5
67.5
67.5
67.5
67.5
67.5
67.5
67.5
67.5
67.5
67.5
67.5
67.5
67.5
67.5
67.5
67.5
67.5
67.5
67.5
67.5
67.5
67.5
67.5
67.5
67.5
67.5
67.5
67.5
67.5
67.5
67.5
67.5
67.5
67.5
67.5
67.5
67.5
67.5
67.5
67.5
67.5
67.5
67.5
67.5
67.5
67.5
67.5
67.5
67.5
67.5
67.5
67.5
67.5
67.5
67.5
67.5
67.5
67.5
67.6
67.6
67.6
67.6
67.6
67.6
67.6
67.6
67.6
67.6
67.6
69
69
69.8
75.6
77.1
78.4
78.4
78.4
78.5
78.6
78.7
78.7
78.7
79.2
82.5
83.5
83.7
83.7
83.7
83.7
83.7
83.7
83.7
83.7
83.7
83.7
83.7
83.7
83.8
83.9
83.9
83.9
83.9
83.9
83.9
83.9
83.9
83.9
83.9
83.9
83.9
83.9
83.9
83.9
83.9
83.9
83.9
83.9
83.9
83.9
83.9
83.9
83.9
83.9
83.9
83.9
83.9
83.9
83.9
83.9
83.9
83.9
83.9
83.9
83.9
83.9
83.9
83.9
83.9
83.9
83.9
83.9
83.9
83.9
83.9
83.9
83.9
83.9
83.9
83.9
83.9
83.9
83.9
83.9
83.9
83.9
83.9
83.9
83.9
83.9
84
84.3
85.3
86.8
87.6
88.8
89
89.1
89.2
89.2
89.2
89.2
89.2
89.2
89.3
89.3
89.3
89.3
89.3
89.3
89.3
89.3
89.3
89.3
89.3
89.3
89.3
89.3
89.3
89.3
89.3
89.3
89.3
89.3
89.3
89.3
89.3
89.3
89.3
89.3
89.3
89.3
89.3
89.3
89.3
89.3
89.3
89.3
89.3
89.3
89.3
89.3
89.3
89.3
89.3
89.3
89.3
89.3
89.3
89.3
89.3
89.3
89.3
89.3
89.3
89.3
89.3
89.3
89.3
89.3
89.3
89.3
89.3
89.3
89.3
89.3
89.3
89.3
89.3
89.3
89.3
89.4
89.5
89.6
89.6
89.6
89.9
90.8
92.1
93.5
94.1
94.1
94.2
94.5
94.9
95
95
95.2
95.5
95.7
95.7
95.7
95.7
95.7
95.7
95.8
95.8
95.9
95.9
95.9
95.9
95.9
95.9
95.9
95.9
95.9
95.9
95.9
95.9
95.9
95.9
95.9
95.9
95.9
95.9
95.9
95.9
95.9
95.9
95.9
95.9
95.9
95.9
95.9
95.9
96
96
96
96
96
96.1
96.1
96.1
96.2
96.2
96.2
96.6
97.2
97.5
97.8
97.9
97.9
97.9
97.9
98.1
98.1
98.1
98.1
98.1
98.1
98.1
98.1
98.1
98.1
98.1
98.1
98.1
98.1
98.1
98.1
98.1
98.1
98.1
98.1
98.1
98.1
98.1
98.1
98.1
98.1
98.1
98.1
98.1
98.4
99.3
99.7
100.2
100.3
100.4
101.3
102
103.3
103.9
104.3
104.4
104.4
104.5
105
105.4
105.8
105.8
105.9
106.3
106.5
106.6
106.6
106.6
106.6
106.6
106.7
106.7
106.7
106.7
106.7
106.7
106.7
106.9
107
107.4
107.4
107.5
107.5
107.5
107.5
107.5
107.9
108.3
108.3
108.4
108.4
108.4
108.4
108.4
108.4
108.4
108.4
108.4
108.4
108.4
108.4
108.4
108.4
108.4
108.4
108.4
108.4
108.4
108.4
108.4
108.4
108.4
108.4
108.4
108.4
108.4
108.4
108.4
108.4
108.4
108.4
108.4
108.4
108.4
108.4
108.4
108.4
108.4
108.4
108.4
108.4
108.4
108.4
108.4
108.4
108.4
108.4
108.4
108.4
108.4
108.4
108.4
108.4
108.4
108.4
108.4
108.4
108.4
108.4
108.4
108.4
108.4
108.4
108.4
108.4
108.4
108.4
108.4
108.4
108.4
108.4
108.4
108.4
108.4
108.4
108.4
108.4
108.4
108.4
108.4
108.4
108.4
108.4
108.4
108.4
108.4
108.4
108.4
108.4
108.4
108.4
108.4
108.4
108.4
108.4
108.4
108.4
108.5
108.5
108.6
108.6
108.7
108.7
108.7
108.8
108.8
108.8
108.8
108.8
109.1
109.9
112.1
114.7
115.9
117.6
118.7
118.8
120.4
121.2
121.6
121.8
121.8
121.8
121.8
121.8
121.8
121.8
121.8
121.8
121.8
121.8
121.8
121.8
121.8
121.8
121.8
121.8
121.8
121.8
121.8
121.8
121.8
121.8
121.8
121.8
121.8
121.9
121.9
121.9
121.9
122
122
122
122.1
122.1
122.2
122.3
122.9
124
124.2
124.2
124.2
124.2
124.2
124.2
124.3
124.3
124.3
124.3
124.3
124.3
124.3
124.3
124.3
124.3
124.3
124.3
124.3
124.3
124.3
124.3
124.3
124.3
124.3
124.3
124.3
124.3
124.3
124.3
124.3
124.3
124.3
124.3
124.3
124.3
124.3
124.3
124.3
124.3
124.3
124.3
124.3
124.3
124.3
124.3
124.3
124.3
124.3
124.3
124.3
124.3
124.3
124.3
124.3
124.3
124.3
124.3
124.3
124.4
124.4
124.4
125
125.3
125.4
125.4
125.4
125.4
125.4
125.4
125.4
125.4
125.4
125.4
125.4
125.4
125.4
125.4
125.4
125.4
125.4
125.4
125.4
125.4
125.4
125.4
125.4
125.4
125.4
125.4
125.4
125.4
125.4
125.4
125.4
125.4
125.4
125.4
125.4
125.4
125.4
125.4
125.4
125.4
125.4
125.4
125.4
125.4
125.4
125.4
125.4
125.4
125.4
125.4
125.4
125.4
125.4
125.4
125.4
125.4
125.4
125.4
125.4
125.4
125.4
125.4
125.4
125.4
125.4
125.4
125.4
125.4
125.4
125.4
125.4
125.4
125.4
125.4
125.4
125.4
125.4
125.4
125.4
125.4
125.4
125.4
125.4
125.4
125.4
125.4
125.4
125.4
125.4
125.4
125.4
125.4
125.4
125.4
125.4
125.4
125.4
125.4
125.4
125.4
125.4
125.4
125.4
125.4
125.4
125.4
125.4
125.4
125.4
125.4
125.4
125.4
125.4
125.4
125.4
125.4
125.4
125.4
125.4
125.4
125.4
125.4
125.4
125.4
125.4
125.4
125.4
125.4
125.4
125.4
125.4
125.4
125.4
125.4
125.4
125.4
125.4
125.4
125.4
125.4
125.4
125.4
125.4
125.4
125.4
125.4
125.4
125.4
125.4
125.4
125.4
125.4
125.4
125.4
125.4
125.4
125.4
125.4
125.4
125.4
125.4
125.4
125.4
125.4
125.4
125.4
125.4
125.4
125.4
125.4
125.4
125.4
125.4
125.4
125.4
125.4
125.4
125.4
125.4
125.4
125.4
125.4
125.4
125.4
125.4
125.4
125.4
125.4
125.4
125.4
125.4
125.4
125.4
125.4
125.4
125.4
125.4
125.4
125.4
125.4
125.4
125.4
125.4
125.4
125.4
125.4
125.4
125.4
125.4
125.4
125.4
125.4
125.4
125.4
125.4
125.4
125.4
125.4
125.4
125.4
125.4
125.4
125.4
125.4
125.4
125.4
125.4
125.4
125.4
125.4
125.4
125.4
125.4
125.4
125.4
125.4
125.4
125.4
125.4
125.4
125.4
125.4
125.4
125.4
125.4
125.4
125.4
125.4
125.4
125.4
125.4
125.4
125.4
125.4
125.4
125.4
125.4
125.4
125.4
125.4
125.4
125.4
125.4
125.4
125.4
125.4
125.4
125.4
125.4
125.4
125.4
125.4
125.4
125.4
125.4
125.4
125.4
125.4
125.4
125.4
125.4
125.4
125.4
125.4
125.4
125.4
125.4
125.4
125.4
125.4
125.4
125.4
125.4
125.4
125.4
125.4
125.4
125.4
125.4
125.4
125.4
125.4
125.4
125.4
125.4
125.4
125.4
125.4
125.4
125.4
125.4
125.4
125.4
125.4
125.4
125.4
125.4
125.4
125.4
125.4
125.4
125.4
125.4
125.4
125.4
125.4
125.4
125.4
125.4
125.4
125.4
125.4
125.4
125.4
125.4
125.4
125.4
125.4
125.4
125.4
125.4
125.4
125.4
125.4
125.4
125.4
125.4
125.4
125.4
125.5
125.5
125.5
125.5
125.8
127.4
127.6
127.7
127.7
127.7
127.7
127.7
127.7
127.8
127.8
127.8
127.8
127.8
127.8
127.9
128.7
128.8
131.1
131.1
131.4
133.7
133.8
133.8
133.8
133.8
133.8
133.8
133.8
133.8
133.8
133.8
133.8
133.8
133.8
133.8
133.8
133.8
133.8
133.8
133.8
133.8
133.8
133.8
133.8
133.8
133.8
133.8
133.8
133.8
133.8
133.8
133.8
133.8
133.8
133.8
133.8
133.8
133.8
133.8
133.8
133.8
133.8
133.8
133.8
133.8
133.8
133.8
133.8
133.8
133.8
133.8
133.8
133.8
133.8
133.8
133.8
133.8
133.8
133.8
133.8
133.8
133.8
133.8
133.8
133.8
133.8
133.8
133.8
133.8
133.8
133.8
133.8
133.8
133.8
133.8
133.8
133.8
133.8
133.8
133.9
133.9
134.1
136.8
141.4
143.9
145.5
146.7
147.1
147.4
147.4
147.4
147.4
147.4
147.4
147.4
147.4
147.5
147.5
147.5
147.5
147.5
147.5
147.5
147.6
147.9
148.1
148.1
148.2
148.4
149.1
149.7
149.9
149.9
150
150.6
151.4
153.9
156
156.3
156.3
156.3
156.4
156.4
156.4
156.4
156.4
156.4
156.4
156.4
156.4
156.4
156.4
156.4
156.4
156.4
156.4
156.4
156.4
156.4
156.4
156.4
156.5
156.7
158.3
158.8
158.9
159
159.1
159.7
159.9
160
160
160
160
160
160
160
160
160
160
160
160
160
160
160
160
160
160.1
160.1
160.1
160.1
160.2
160.2
160.3
160.3
160.3
160.3
160.3
160.3
160.4
160.4
160.7
160.9
160.9
160.9
160.9
160.9
160.9
160.9
160.9
161
161.3
161.5
161.5
161.5
161.6
161.6
161.6
161.6
161.6
161.6
161.6
161.6
161.6
161.6
161.6
161.6
161.6
161.6
161.6
161.6
161.6
161.6
161.6
161.6
161.6
161.6
161.6
161.6
161.6
161.6
161.6
161.6
161.6
161.6
161.6
161.6
161.6
161.6
161.6
161.6
161.6
161.6
161.6
161.6
161.6
161.6
161.6
161.6
161.6
161.6
161.6
161.6
161.6
161.6
161.6
161.6
161.6
161.6
161.6
161.6
161.6
161.6
161.6
161.6
161.6
161.6
161.6
161.6
161.6
161.6
161.6
161.6
161.6
161.6
161.6
161.6
161.6
161.6
161.6
161.6
161.6
161.6
161.6
161.6
161.6
161.6
161.6
161.6
161.6
161.6
161.6
161.6
161.6
161.6
161.6
161.6
161.6
161.6
161.6
161.6
161.6
161.6
161.6
161.6
161.6
161.6
161.6
161.6
161.6
161.6
161.6
161.6
161.6
161.6
161.6
161.6
161.6
161.6
161.6
161.6
161.6
161.6
161.6
161.6
161.6
161.6
161.6
161.6
161.6
161.6
161.6
161.6
161.6
161.6
161.6
161.6
161.6
161.6
161.6
161.6
161.6
161.6
161.6
161.6
161.6
161.6
161.6
161.6
161.6
161.6
161.6
161.6
161.6
161.6
161.6
161.6
161.6
161.6
161.6
161.6
161.6
161.6
161.6
161.6
161.6
161.6
161.6
161.6
161.6
161.6
161.6
161.6
161.6
161.6
161.6
161.7
161.7
161.7
161.9
162
162
162
162
162
162
162
162
162
162.1
162.1
162.1
162.1
162.1
162.1
162.1
162.1
162.2
162.2
162.2
162.2
162.2
162.2
162.2
162.2
162.2
162.2
162.2
162.2
162.2
162.2
162.2
162.2
162.2
162.2
162.2
162.2
162.2
162.2
162.2
162.2
162.2
162.2
162.2
162.2
162.2
162.2
162.2
162.2
162.2
162.2
162.2
162.2
162.2
162.2
162.2
162.2
162.2
162.2
162.2
162.2
162.2
162.2
162.2
162.2
162.2
162.2
162.2
162.2
162.2
162.2
162.2
162.2
162.2
162.2
162.2
162.2
162.2
162.2
162.2
162.2
162.2
162.2
162.2
162.2
162.2
162.2
162.2
162.2
162.2
162.2
162.2
162.2
162.2
162.2
162.2
162.2
162.2
162.2
162.2
162.2
162.2
162.2
162.2
162.2
162.2
162.2
162.2
162.2
162.2
162.2
162.2
162.2
162.2
162.2
162.2
162.2
162.2
162.2
162.2
162.2
162.2
162.2
162.2
162.2
162.2
162.2
162.2
162.2
162.2
162.2
162.2
162.2
162.2
162.2
162.2
162.2
162.2
162.2
162.2
162.2
162.2
162.2
162.2
162.2
162.2
162.2
162.2
162.2
162.2
162.2
162.2
162.2
162.2
162.2
162.2
162.2
162.2
162.2
162.2
162.2
162.2
162.2
162.2
162.2
162.2
162.2
162.2
162.2
162.2
162.2
162.2
162.2
162.2
162.2
162.2
162.2
162.2
162.2
162.2
162.2
162.2
162.2
162.2
162.2
162.2
162.2
162.2
162.2
162.2
162.2
162.2
162.2
162.2
162.2
162.2
162.2
162.2
162.2
162.2
162.2
162.2
162.2
162.2
162.2
162.2
162.2
162.2
162.2
162.2
162.2
162.2
162.2
162.2
162.2
162.2
162.2
162.2
162.2
162.2
162.2
162.2
162.2
162.2
162.2
162.2
162.2
162.2
162.2
162.2
162.2
162.2
162.2
162.2
162.2
162.2
162.2
162.2
162.2
162.2
162.2
162.2
162.2
162.2
162.2
162.2
162.2
162.2
162.2
162.2
162.2
162.2
162.2
162.2
162.2
162.2
162.2
162.2
162.2
162.2
162.2
162.2
162.2
162.2
162.2
162.2
162.2
162.2
162.2
162.2
162.2
162.2
162.2
162.2
162.2
162.2
162.2
162.2
162.2
162.2
162.2
162.2
162.2
162.2
162.2
162.2
162.2
162.2
162.2
162.2
162.2
162.2
162.2
162.2
162.2
162.2
162.2
162.2
162.2
162.2
162.2
162.2
162.2
162.2
162.2
162.2
162.2
162.2
162.2
162.2
162.2
162.2
162.2
162.2
162.2
162.2
162.2
162.2
162.2
162.2
162.2
162.2
162.2
162.2
162.2
162.2
162.2
162.2
162.2
162.2
162.2
162.2
162.2
162.2
162.2
162.2
162.2
162.2
162.2
162.2
162.2
162.2
162.2
162.2
162.2
162.2
162.2
162.2
162.2
162.2
162.2
162.2
162.2
162.2
162.2
162.2
162.2
162.2
162.2
162.2
162.2
162.2
162.2
162.2
162.2
162.2
162.2
162.2
162.2
162.2
162.2
162.2
162.2
162.2
162.2
162.2
162.2
162.2
162.2
162.2
162.2
162.2
162.2
162.2
162.2
162.2
162.2
162.2
162.2
162.2
162.2
162.2
162.2
162.2
162.2
162.2
162.2
162.2
162.2
162.2
162.2
162.2
162.2
162.2
162.2
162.2
162.2
162.2
162.2
162.2
162.2
162.2
162.2
162.2
162.2
162.2
162.2
162.2
162.2
162.2
162.2
162.2
162.2
162.2
162.2
162.2
162.2
162.2
162.2
162.2
162.2
162.2
162.2
162.2
162.2
162.2
162.2
162.2
162.2
162.2
162.2
162.2
162.2
162.2
162.2
162.2
162.2
162.2
162.2
162.2
162.3
162.3
162.3
162.4
162.4
162.4
162.5
162.5
162.6
163.1
165.5
169.3
170.7
172.8
174.1
174.3
174.3
174.3
174.3
174.3
174.3
174.3
174.3
174.3
174.3
174.3
174.3
174.3
174.3
174.3
174.3
174.3
174.3
174.3
174.3
174.3
174.3
174.3
174.3
174.3
174.3
174.3
174.3
174.3
174.3
174.3
174.3
174.3
174.3
174.3
174.3
174.3
174.3
174.3
174.3
174.3
174.3
174.3
174.3
174.3
174.3
174.3
174.3
174.3
174.4
174.4
175.8
177.4
177.5
177.6
177.6
177.6
177.6
177.6
177.7
177.7
177.7
177.8
177.8
177.8
177.8
177.8
177.8
177.8
177.8
177.8
177.8
177.8
177.8
177.8
177.8
177.9
179.6
179.9
180
180
180.1
180.5
182.7
184.4
186
188.2
188.8
189.5
190.5
190.8
191.1
191.1
191.1
191.1
191.1
191.1
191.1
191.1
191.2
191.4
191.6
192.1
195.7
197.3
199
199.8
202.7
203.2
203.2
203.2
203.3
203.4
203.4
203.4
203.4
203.4
203.4
203.4
203.4
203.4
203.4
203.4
203.4
203.5
203.5
203.5
203.5
203.6
203.6
203.6
203.6
203.7
203.9
203.9
204
204
204
204
204
204
204
204
204
204
204
204
204
204
204
204
204
204
204
204
204
204
204
204
204
204
204
204
204
204
204
204
204
204
204
204
204
204
204
204
204
204
204
204
204
204
204
204
204
204
204
204
204
204
204
204
204
204
204
204
204
204
204
204
204
204
204
204
204
204
204
204
204
204
204
204
204
204
204
204
204
204
204
204
204
204
204
204
204
204
204
204.1
204.4
206.8
206.8
206.9
206.9
207
207
207
207
207
207
207
207
207
207
207
207
207
207.1
207.2
207.2
207.2
207.2
207.2
207.3
207.3
207.3
207.3
207.3
207.3
207.3
207.3
207.3
207.3
207.3
207.3
208
209.4
209.4
210.2
211.2
211.8
211.9
211.9
212
212
212
212
212
212
212
212.2
215.5
217.6
218.9
219.1
219.1
219.1
219.1
219.1
219.1
219.1
219.9
227
232.9
233.1
233.1
233.1
233.1
233.1
233.1
233.1
233.1
233.1
233.1
235.1
249.3
249.6
249.9
250.3
251.6
253.4
253.5
253.5
253.5
253.5
253.5
253.5
253.5
253.5
253.6
253.6
253.6
253.6
253.6
253.6
253.6
253.6
253.6
253.6
253.6
253.6
253.6
253.6
253.6
253.6
253.6
253.6
253.6
253.6
253.6
253.6
253.6
253.6
253.6
253.6
253.6
253.6
253.6
253.6
253.6
253.6
253.6
253.6
253.6
253.6
253.6
253.6
253.6
253.6
253.6
253.6
253.6
253.6
253.6
253.6
253.6
253.6
253.6
253.6
253.6
253.6
253.6
253.6
253.6
253.6
253.6
253.6
253.6
253.6
253.6
253.6
253.6
253.6
253.6
253.6
253.6
253.6
253.6
253.6
253.6
253.6
253.6
253.6
253.6
253.6
253.6
253.6
253.6
253.6
253.6
253.6
253.6
253.6
253.6
253.6
253.6
253.6
253.6
253.6
254
254.3
254.3
254.3
254.3
254.4
254.4
254.4
254.4
254.5
254.5
254.5
254.5
254.5
254.5
254.5
254.5
254.5
254.5
254.5
254.5
254.5
254.5
254.5
254.5
254.5
254.5
254.5
254.5
254.5
254.5
254.5
254.5
254.5
254.5
254.5
254.5
254.5
254.5
254.5
254.5
254.5
254.5
254.5
254.5
254.5
254.5
254.5
254.5
254.5
254.5
254.5
254.7
254.8
254.9
255.2
255.7
256.2
256.8
256.8
256.8
256.8
256.8
256.8
256.8
256.8
256.8
256.8
256.8
256.8
256.8
256.8
256.8
256.8
256.8
256.8
256.8
256.8
256.8
256.8
256.8
256.8
256.8
256.8
256.8
256.8
256.8
256.8
256.8
256.8
256.8
256.8
256.8
256.8
256.8
256.8
256.8
256.8
256.8
256.8
256.8
256.8
256.8
256.8
256.8
256.8
256.8
256.8
256.8
256.8
256.8
256.8
256.8
256.8
256.8
256.8
256.8
256.8
256.8
256.8
256.8
256.8
256.8
256.8
256.8
256.8
256.8
256.8
256.8
256.8
256.8
256.8
256.8
256.8
256.8
256.8
256.8
256.8
256.8
256.8
256.8
256.8
256.8
256.8
256.8
256.8
256.8
256.8
256.8
256.8
256.8
256.8
256.8
256.8
256.8
256.8
256.8
256.8
256.8
256.8
256.8
256.8
256.8
256.8
256.8
256.8
256.8
256.8
256.8
256.8
256.8
256.8
256.8
256.8
256.8
256.8
256.8
256.8
256.8
256.8
256.8
256.8
256.8
256.8
256.8
256.8
256.8
256.8
256.8
256.8
256.8
256.8
256.8
256.8
256.8
256.8
256.8
256.8
256.8
256.8
256.8
256.8
256.8
256.8
256.8
256.8
256.8
256.8
256.8
256.8
256.8
256.8
256.8
256.8
256.8
256.8
256.8
256.8
256.8
256.8
256.8
256.8
256.8
256.8
256.8
256.8
256.8
256.8
256.8
256.8
256.8
256.8
256.8
256.8
256.8
256.8
256.8
256.8
256.8
256.8
256.8
256.8
256.8
256.8
256.8
256.8
256.8
256.8
256.8
256.8
256.8
256.8
256.8
256.8
256.8
256.8
256.8
256.8
256.8
256.8
256.8
256.8
256.8
256.8
256.8
256.8
256.8
256.8
256.8
256.8
256.8
256.8
256.8
256.8
256.8
256.8
256.8
256.8
256.8
256.8
256.8
256.8
256.8
256.8
256.8
256.8
256.8
256.8
256.8
256.8
256.8
256.8
256.8
256.8
256.8
256.8
256.8
256.8
256.8
256.8
256.8
256.8
256.8
256.8
256.8
256.8
256.8
256.8
256.8
256.8
256.8
256.8
256.8
256.8
256.8
256.8
256.8
256.8
256.8
256.8
256.8
256.8
256.8
256.8
256.8
256.8
256.8
256.8
256.8
256.8
256.8
256.8
256.8
256.8
256.8
256.8
256.8
256.8
256.8
256.8
256.8
256.8
256.8
256.8
256.8
256.8
256.8
256.8
256.8
256.8
256.8
256.8
256.8
256.8
256.8
256.8
256.8
256.8
256.8
256.8
256.8
256.8
256.8
256.8
256.8
256.8
256.8
256.8
256.8
256.8
256.8
256.8
256.8
256.8
257
257.2
257.2
257.2
257.2
257.2
257.2
257.2
257.2
257.2
257.2
257.2
257.3
257.3
257.3
257.3
257.3
257.3
257.3
257.4
257.4
257.4
257.4
257.4
257.4
257.4
257.4
257.4
257.4
257.4
257.4
257.4
257.4
257.4
257.4
257.4
257.4
257.4
257.4
257.4
257.4
257.4
257.4
257.4
257.4
257.4
257.4
257.4
257.4
257.4
257.4
257.4
257.4
257.4
257.4
257.4
257.4
257.4
257.4
257.4
257.4
257.4
257.4
257.4
257.4
257.4
257.4
257.4
257.4
257.4
257.4
257.4
257.4
257.4
257.4
257.4
257.4
257.4
257.4
257.4
257.4
257.4
257.4
257.4
257.4
257.4
257.4
257.4
257.4
257.4
257.4
257.4
257.4
257.4
257.4
257.4
257.4
257.4
257.4
257.4
257.4
257.4
257.4
257.4
257.4
257.4
257.4
257.4
257.4
257.4
257.4
257.4
257.4
257.4
257.4
257.4
257.4
257.4
257.4
257.4
257.4
257.4
257.4
257.4
257.4
257.4
257.4
257.4
257.4
257.4
257.4
257.4
257.4
257.4
257.4
257.4
257.4
257.4
257.4
257.4
257.4
257.4
257.4
257.4
257.4
257.4
257.4
257.4
257.4
257.4
257.4
257.4
257.4
257.4
257.4
257.4
257.4
257.4
257.4
257.4
257.4
257.4
257.4
257.4
257.4
257.4
257.4
257.4
257.5
257.5
257.5
257.5
257.5
257.5
257.5
257.5
257.5
257.7
257.7
257.7
258.2
258.7
258.8
258.8
258.8
258.8
258.8
258.8
258.8
258.8
258.8
258.8
258.8
258.8
258.8
258.8
258.8
258.8
258.8
258.8
258.8
258.8
258.8
258.8
258.8
258.8
258.8
258.8
258.8
258.8
258.8
258.8
258.8
258.8
258.8
258.8
258.8
258.8
258.8
258.8
258.8
258.8
258.8
258.8
258.8
258.8
258.8
258.8
258.8
258.8
258.8
258.8
258.8
258.8
258.8
258.8
258.8
258.8
258.8
258.8
258.8
258.8
258.8
258.8
258.8
258.8
258.8
258.8
258.8
258.8
258.8
258.8
258.8
258.8
258.8
258.8
258.8
258.8
258.8
258.8
258.8
258.8
258.8
258.8
258.8
258.8
258.8
258.8
258.8
258.8
258.8
258.8
258.8
258.8
258.8
258.8
258.8
258.8
258.8
258.8
258.8
258.8
258.8
258.8
258.8
258.8
258.8
258.8
258.8
258.8
258.8
258.8
258.8
258.8
258.8
258.8
258.8
258.8
258.8
258.8
258.8
258.8
258.8
258.8
258.8
258.8
258.8
258.8
258.8
258.8
258.8
258.8
258.8
258.8
258.8
258.8
258.8
258.8
258.8
258.8
258.8
258.8
258.8
258.8
258.8
258.8
258.8
258.8
258.8
258.8
258.8
258.8
258.8
258.8
258.8
258.8
258.8
258.8
258.8
258.8
258.8
258.8
258.8
258.8
258.8
258.8
258.8
258.8
258.8
258.8
258.8
258.8
258.8
258.8
258.8
258.8
258.8
258.8
258.8
258.8
258.8
258.8
258.8
258.8
258.8
258.8
258.8
258.8
258.8
258.8
258.8
258.8
258.8
258.8
258.8
258.8
258.8
258.8
258.8
258.8
258.8
258.8
258.8
258.8
258.8
258.8
258.8
258.8
258.8
258.8
258.8
258.8
258.8
258.8
258.8
258.8
258.8
258.8
258.8
258.8
258.8
258.8
258.8
258.8
258.8
258.8
258.8
258.8
258.8
258.8
258.8
258.8
258.8
258.8
258.8
258.8
258.8
258.8
258.8
258.8
258.8
258.8
258.8
258.8
258.8
258.8
258.8
258.8
258.8
258.8
258.8
258.8
258.8
258.8
258.8
258.8
258.8
258.8
258.8
258.8
258.8
258.8
258.8
258.8
258.8
258.8
258.8
258.8
258.8
258.8
258.8
258.8
258.8
258.8
258.8
258.8
258.8
258.8
258.8
258.8
258.8
258.8
258.8
258.8
258.8
258.8
258.8
258.8
258.8
258.8
258.8
258.8
258.8
258.8
258.8
258.8
258.8
258.8
258.8
258.8
258.8
258.8
258.8
258.8
258.8
258.8
258.8
258.8
258.8
258.8
258.8
258.8
258.8
258.8
258.8
258.8
258.8
258.8
258.8
258.8
258.8
258.8
258.8
258.8
258.8
258.8
258.8
258.8
258.8
258.8
258.8
258.8
258.8
258.8
258.8
258.8
258.8
258.8
258.8
258.8
258.8
258.8
258.8
258.8
258.8
258.8
258.8
258.8
258.8
258.8
258.8
258.8
258.8
258.8
258.8
258.8
258.8
258.8
258.8
258.8
258.8
258.8
258.8
258.8
258.8
258.8
258.8
258.8
258.8
258.8
258.8
258.8
258.8
258.8
258.8
258.8
258.8
258.8
258.8
258.8
258.8
258.8
258.8
258.8
258.8
258.8
258.8
258.8
258.8
258.8
258.8
258.8
258.8
258.8
258.8
258.8
258.8
258.8
258.8
258.8
258.8
258.8
258.8
258.8
258.8
258.8
258.8
258.8
258.8
258.8
258.8
258.8
258.8
258.8
258.8
258.8
258.8
258.8
258.8
258.8
258.8
258.8
258.8
258.8
258.8
258.8
258.8
258.8
258.8
258.8
258.8
258.8
258.8
258.8
258.8
258.8
258.8
258.8
258.8
258.8
258.8
258.8
258.8
258.8
258.8
258.8
258.8
258.8
258.8
258.8
258.8
258.8
258.8
258.8
258.8
258.8
258.8
258.8
258.8
258.8
258.8
258.8
258.8
258.8
258.8
258.8
258.8
258.8
258.8
258.8
258.8
258.8
258.8
258.8
258.8
258.8
258.8
258.8
258.8
258.8
258.8
258.8
258.8
258.8
258.8
258.8
258.8
258.8
258.8
258.8
258.8
258.8
258.8
258.8
258.8
258.8
258.8
258.8
258.8
258.8
258.8
258.8
258.8
258.8
258.8
258.8
258.8
258.8
258.8
258.8
258.8
258.8
258.8
258.8
258.8
258.8
258.8
258.8
258.8
258.8
258.8
258.8
258.8
258.8
258.8
258.8
258.8
258.8
258.8
258.8
258.8
258.8
258.8
258.8
258.8
258.8
258.8
258.8
258.8
258.8
258.8
258.8
258.8
258.8
258.8
258.8
258.8
258.8
258.8
258.8
258.8
258.8
258.8
258.8
258.8
258.8
258.8
258.8
258.8
258.8
258.8
258.8
258.8
258.9
258.9
258.9
258.9
258.9
258.9
258.9
258.9
258.9
258.9
258.9
258.9
258.9
258.9
258.9
258.9
259
259
259.1
259.1
259.2
259.3
259.4
259.5
259.5
259.5
259.5
259.5
262.3
265
265.5
270.6
274.2
274.5
277.5
280.8
281.8
282
282.1
282.2
282.7
282.9
283
283
283.1
283.1
283.3
289.8
290.9
291.1
291.4
292.9
293.3
293.8
295.4
297.1
297.5
298
307.6
310.1
311.4
311.6
311.6
311.6
311.6
311.6
311.6
311.6
311.6
311.6
311.6
311.6
311.6
311.6
311.6
311.6
311.6
311.6
311.6
311.6
311.6
311.6
311.6
311.6
311.6
311.6
311.6
311.6
311.6
311.6
311.6
311.6
311.6
311.6
311.6
311.6
311.6
311.6
311.6
311.6
311.6
311.6
311.6
311.6
311.6
311.6
311.6
311.6
311.6
311.6
311.6
311.6
311.6
311.6
311.6
311.6
311.6
311.6
311.6
311.6
311.6
311.6
311.6
311.6
311.6
311.6
311.6
311.6
311.6
311.6
311.6
311.6
311.6
311.6
311.6
311.6
311.6
311.6
311.6
311.6
311.6
311.6
311.6
311.6
311.6
311.6
311.6
311.6
311.6
311.6
311.6
311.6
311.6
311.6
311.6
311.6
311.6
311.6
311.6
311.6
311.6
311.6
311.6
311.6
311.6
311.6
311.6
311.6
311.6
311.6
311.6
311.6
311.6
311.6
311.6
311.6
311.6
311.6
311.6
311.6
311.6
311.6
311.6
311.6
311.6
311.6
311.6
311.6
311.6
311.6
311.6
311.6
311.6
311.6
311.6
311.6
311.6
311.6
311.6
311.6
311.6
311.6
311.6
311.6
311.6
311.6
311.6
311.6
311.6
311.6
311.6
311.6
311.6
311.6
311.6
311.6
311.6
311.6
311.6
311.6
311.6
311.6
311.6
311.6
311.6
311.6
311.6
311.6
311.6
311.6
311.6
311.6
311.6
311.6
311.6
311.6
311.6
311.6
311.6
311.6
311.6
311.6
311.6
311.6
311.6
311.6
311.6
311.6
311.6
311.6
311.6
311.6
311.6
311.6
311.6
311.6
311.6
311.6
311.6
311.6
311.6
311.6
311.6
311.6
311.6
311.6
311.6
311.6
311.6
311.6
311.6
311.6
311.6
311.6
311.6
311.6
311.6
311.6
311.6
311.6
311.6
311.6
311.6
311.6
311.6
311.6
311.6
311.6
311.6
311.6
311.6
311.6
311.6
311.6
311.6
311.6
311.6
311.6
311.6
311.6
311.6
311.6
311.6
311.6
311.6
311.6
311.6
311.6
311.6
311.6
311.6
311.6
311.6
311.6
311.6
311.6
311.6
311.6
311.6
311.6
311.6
311.6
311.6
311.6
311.6
311.6
311.6
311.6
311.6
311.6
311.6
311.6
311.6
311.6
311.6
311.6
311.6
311.6
311.6
311.6
311.6
311.6
311.6
311.6
311.6
311.6
311.6
311.6
311.6
311.6
311.6
311.6
311.6
311.6
311.6
311.6
311.6
311.6
311.6
311.6
311.6
311.6
311.6
311.6
311.6
311.6
311.6
311.6
311.6
311.6
311.6
311.6
311.6
311.6
311.6
311.6
311.6
311.6
311.6
311.6
311.6
311.6
311.6
311.6
311.6
311.6
311.6
311.6
311.6
311.6
311.6
311.6
311.6
311.6
311.6
311.6
311.6
311.6
311.6
311.6
311.6
311.6
311.6
311.6
311.6
311.6
311.6
311.6
311.6
311.6
311.6
311.6
311.6
311.6
311.6
311.6
311.6
311.6
311.6
311.6
311.6
311.6
311.6
311.6
311.6
311.6
311.6
311.6
311.6
311.6
311.6
311.6
311.6
311.6
311.6
311.6
311.6
311.6
311.6
311.6
311.6
311.6
311.6
311.6
311.6
311.6
311.6
311.6
311.6
311.6
311.6
311.6
311.6
311.6
311.6
311.6
311.6
311.6
311.6
311.6
311.6
311.6
311.6
311.6
311.6
311.6
311.6
311.6
311.6
311.6
311.6
311.6
311.6
311.6
311.6
311.6
311.6
311.6
311.6
311.6
311.6
311.6
311.6
311.6
311.6
311.6
311.6
311.6
311.6
311.6
311.6
311.6
311.6
311.6
311.6
311.6
311.6
311.6
311.6
311.6
311.6
311.6
311.6
311.6
311.6
311.6
311.6
311.6
311.6
311.6
311.6
311.6
311.6
311.6
311.6
311.6
311.6
311.6
311.6
311.6
311.6
311.6
311.6
311.6
311.6
311.6
311.6
311.6
311.6
311.6
311.6
311.6
311.6
311.6
311.6
311.6
311.6
311.6
311.6
311.6
311.6
311.6
311.6
311.6
311.6
311.6
311.6
311.6
311.6
311.6
311.6
311.6
311.6
311.6
311.6
311.6
311.6
311.6
311.6
311.6
311.6
311.6
311.6
311.6
311.6
311.6
311.6
311.6
311.6
311.6
311.6
311.6
311.6
311.6
311.6
311.6
311.6
311.6
311.6
311.7
311.7
311.7
311.7
311.7
311.7
311.7
311.7
311.7
311.7
311.7
311.7
311.7
311.7
311.8
311.8
312.5
313.8
314.5
314.5
314.5
314.5
314.5
314.5
314.5
314.5
314.5
314.5
314.5
314.5
314.5
314.5
314.5
314.5
314.5
314.5
314.5
314.5
314.5
314.5
314.5
314.5
314.5
314.5
314.5
314.5
314.5
314.5
314.5
314.5
314.5
314.5
314.5
314.5
314.5
314.5
314.5
314.5
314.5
314.5
314.5
314.5
314.5
314.5
314.5
314.5
314.5
314.5
314.5
314.5
314.5
314.5
314.5
314.5
314.5
314.5
314.5
314.5
314.5
314.5
314.5
314.5
314.5
314.5
314.5
314.5
314.5
314.5
314.5
314.5
314.5
314.5
314.5
314.5
314.5
314.5
314.5
314.5
314.5
314.5
314.5
314.5
314.5
314.5
314.5
314.5
314.5
314.5
314.5
314.5
314.5
314.5
314.5
314.5
314.5
314.5
314.5
314.5
314.5
314.5
314.5
314.5
314.5
314.5
314.5
314.5
314.5
314.5
314.5
314.5
314.5
314.5
314.5
314.5
314.5
314.5
314.5
314.5
314.5
314.5
314.5
314.5
314.5
314.5
314.5
314.5
314.5
314.5
314.5
314.5
314.5
314.5
314.5
314.5
314.5
314.5
314.5
314.5
314.5
314.5
314.5
314.5
314.5
314.5
314.5
314.5
314.5
314.5
314.5
314.5
314.5
314.5
314.5
314.5
314.5
314.5
314.5
314.5
314.5
314.5
314.5
314.5
314.5
314.5
314.5
314.5
314.5
314.5
314.5
314.5
314.5
314.5
314.5
314.5
314.5
314.5
314.5
314.5
314.5
314.5
314.5
314.5
314.5
314.5
314.5
314.5
314.5
314.5
314.5
314.5
314.5
314.5
314.5
314.5
314.5
314.5
314.5
314.5
314.5
314.5
314.5
314.5
314.5
314.5
314.5
314.5
314.5
314.5
314.5
314.5
314.5
314.5
314.5
314.5
314.5
314.5
314.5
314.5
314.5
314.5
314.5
314.5
314.5
314.5
314.5
314.5
314.5
314.5
314.5
314.5
314.5
314.5
314.5
314.5
314.5
314.5
314.5
314.5
314.5
314.5
314.5
314.5
314.5
314.5
314.5
314.5
314.5
314.5
314.5
314.5
314.5
314.5
314.5
314.5
314.5
314.5
314.5
314.5
314.5
314.5
314.5
314.5
314.5
314.5
314.5
314.5
314.5
314.5
314.5
314.5
314.5
314.5
314.5
314.5
314.5
314.5
314.5
314.5
314.5
314.5
314.5
314.5
314.5
314.5
314.5
314.5
314.5
314.5
314.5
314.5
314.5
314.5
314.5
314.5
314.5
314.5
314.5
314.5
314.5
314.5
314.5
314.5
314.5
314.5
314.5
314.5
314.5
314.5
314.5
314.5
314.5
314.5
314.5
314.5
314.5
314.5
314.5
314.5
314.5
314.5
314.5
314.5
314.5
314.5
314.5
314.5
314.5
314.5
314.5
314.5
314.5
314.5
314.5
314.5
314.5
314.5
314.5
314.5
314.5
314.5
314.5
314.5
314.5
314.5
314.5
314.5
314.5
314.5
314.5
314.5
314.5
314.5
314.5
314.5
314.5
314.5
314.5
314.5
314.5
314.5
314.6
314.6
314.6
314.6
314.6
314.6
314.6
314.7
314.8
314.8
314.8
314.8
314.8
314.8
314.8
314.8
314.8
314.9
314.9
315
315
315
315
315
315
315
315
315
315
315
315
315
315
315
315
315
315
315
315
315
315
315
315
315
315
315
315
315
315
315
315
315
315
315
315
315
315
315
315
315
315
315
315
315
315
315
315
315
315
315
315
315
315
315
315
315
315
315
315
315
315
315
315
315
315
315
315
315
315
315
315
315
315
315
315
315
315
315
315
315
315
315
315
315
315
315
315
315
315
315
315
315
315
315
315
315
315
315
315
315
315
315
315
315
315
315
315
315
315
315
315
315
315
315
315
315
315
315
315
315
315
315
315
315
315
315
315
315
315
315
315
315
315
315
315
315
315
315
315
315
315
315
315
315
315
315
315
315
315
315
315
315
315
315
315
315
315
315
315
315
315
315
315
315
315
315
315
315
315
315
315
315
315
315
315
315
315
315
315
315
315
315
315
315
315
315
315
315
315
315
315
315
315
315
315
315
315
315
315
315
315
315
315
315
315
315
315
315
315
315
315
315
315
315
315
315
315
315
315
315
315
315
315
315
315
315
315
315
315
315
315
315
315
315
315
315
315
315
315
315
315
315
315
315
315
315
315
315
315
315
315
315
315
315
315
315
315
315
315
315
315
315
315
315
315
315
315
315
315
315
315
315
315
315
315
315
315
315
315
315
315
315
315
315
315
315
315
315
315
315
315
315
315
315
315
315
315
315
315
315
315
315
315
315
315
315
315
315
315
315
315
315
315
315
315
315
315
315
315
315
315
315
315
315
315
315
315
315
315
315
315
315
315
315
315
315
315
315
315
315
315
315
315
315
315
315
315
315
315
315
315
315
315
315
315
315
315.1
315.1
315.1
315.2
315.2
315.2
315.2
315.2
315.2
315.2
315.2
315.2
315.2
315.2
315.2
315.2
315.2
315.2
315.2
315.2
315.2
315.2
315.2
315.2
315.2
315.2
315.2
315.2
315.2
315.2
315.2
315.2
315.2
315.2
315.2
315.2
315.2
315.2
315.2
315.2
315.2
315.2
315.2
315.2
315.2
315.2
315.2
315.2
315.2
315.2
315.2
315.2
315.2
315.2
315.2
315.2
315.2
315.2
315.2
315.2
315.2
315.2
315.2
315.2
315.2
315.2
315.2
315.2
315.2
315.2
315.2
315.2
315.2
315.2
315.2
315.2
315.2
315.2
315.2
315.2
315.2
315.3
315.3
315.3
315.3
315.3
315.3
315.3
315.3
315.3
315.3
315.3
315.3
315.3
315.3
315.5
316.2
316.3
317.1
317.2
317.4
317.9
320.9
322.2
322.4
322.5
322.6
322.6
323.3
324
324.8
326.2
327
328.1
328.5
329.3
331.2
332.4
332.9
333
333
333
333.1
333.1
333.1
333.1
333.1
333.3
333.3
333.5
333.9
334.1
334.7
335.7
336.7
337.2
337.6
337.6
337.6
337.7
337.7
337.7
337.7
337.7
337.7
337.7
337.7
337.7
337.7
337.7
337.7
337.7
337.7
337.7
337.7
337.7
337.7
337.7
337.7
337.7
337.7
337.7
337.7
337.7
337.7
337.7
337.7
337.7
337.7
337.7
337.7
337.7
337.7
337.7
337.7
337.7
337.7
337.7
337.7
337.7
337.7
337.7
337.7
337.7
337.7
337.7
337.7
337.7
337.7
337.7
337.7
337.7
337.7
337.7
337.7
337.7
337.7
337.7
337.7
337.7
337.7
337.7
337.7
337.7
337.7
337.7
337.7
337.7
337.7
337.7
337.7
337.7
337.7
337.7
337.7
337.7
337.7
337.7
337.7
337.7
337.7
337.7
337.7
337.7
337.7
337.7
337.7
337.7
337.7
337.7
337.7
337.7
337.7
337.7
337.7
337.7
337.7
337.7
337.7
337.7
337.7
337.7
337.7
337.7
337.7
337.7
337.7
337.7
337.7
337.7
337.7
337.7
337.7
337.7
337.7
337.7
337.7
337.7
337.7
337.7
337.7
337.7
337.7
337.7
337.7
337.7
337.7
337.7
337.7
337.7
337.7
337.7
337.7
337.7
337.7
337.7
337.7
337.7
337.7
337.7
337.7
337.7
337.7
337.7
337.7
337.7
337.7
337.7
337.7
337.7
337.7
337.7
337.7
337.7
337.7
337.7
337.7
337.7
337.7
337.7
337.7
337.7
337.7
337.7
337.7
337.7
337.7
337.7
337.7
337.7
337.7
337.7
337.7
337.7
337.7
337.7
337.7
337.7
337.7
337.7
337.7
337.7
337.7
337.7
337.7
337.7
337.7
337.7
337.7
337.7
337.7
337.7
337.7
338
339.1
340.3
340.7
340.7
340.7
340.7
340.7
340.7
340.7
340.7
340.7
340.7
340.7
340.7
340.7
340.7
340.7
340.7
340.7
340.7
340.7
340.8
340.8
340.8
340.8
340.9
340.9
341.2
342.6
345
345.1
345.5
345.5
345.6
345.6
345.6
345.7
346.3
347.6
347.7
347.7
347.7
347.7
347.7
347.7
347.7
347.7
347.7
347.7
347.8
347.8
347.8
347.9
347.9
347.9
347.9
347.9
347.9
347.9
347.9
347.9
347.9
347.9
347.9
347.9
347.9
347.9
347.9
347.9
347.9
347.9
347.9
347.9
347.9
347.9
347.9
347.9
347.9
347.9
347.9
347.9
347.9
347.9
347.9
347.9
347.9
347.9
347.9
347.9
347.9
347.9
347.9
347.9
347.9
347.9
347.9
347.9
347.9
347.9
347.9
347.9
347.9
347.9
347.9
347.9
348
348
348
348
348
348
348
348.1
348.1
348.1
348.1
348.1
348.1
348.1
348.1
348.1
348.1
348.1
348.1
348.2
348.2
348.6
350.9
351.9
352.9
353.2
353.2
353.5
354.1
354.1
354.1
354.4
355.4
356.1
356.1
356.1
356.1
356.1
356.1
356.1
356.1
356.1
356.1
356.1
356.1
356.1
356.1
356.1
356.1
356.1
356.1
356.1
356.1
356.1
356.1
356.1
356.1
356.1
356.1
356.1
356.1
356.1
356.1
356.1
356.1
356.1
356.1
356.1
356.1
356.1
356.1
356.1
356.1
356.1
356.1
356.1
356.1
356.1
356.1
356.1
356.1
356.1
356.1
356.1
356.1
356.1
356.1
356.1
356.1
356.1
356.1
356.1
356.1
356.1
356.1
356.1
356.1
356.1
356.1
356.1
356.1
356.1
356.1
356.1
356.1
356.1
356.1
356.1
356.1
356.1
356.1
356.1
356.1
356.1
356.1
356.1
356.1
356.1
356.1
356.1
356.1
356.1
356.1
356.1
356.1
356.1
356.1
356.1
356.1
356.1
356.1
356.1
356.1
356.1
356.1
356.3
357.3
359.2
359.6
359.6
359.6
359.6
359.6
359.6
359.6
359.6
359.6
359.6
359.6
359.6
359.6
359.6
359.6
359.6
359.6
359.6
359.6
359.6
359.6
359.6
359.6
359.6
359.6
359.6
359.6
359.6
359.6
359.6
359.6
359.6
359.6
359.6
359.6
359.6
359.6
359.6
359.6
359.6
359.6
359.6
359.6
359.6
359.6
359.6
359.6
359.6
359.6
359.6
359.6
359.6
359.6
359.6
359.7
359.7
359.7
359.7
359.7
359.7
359.7
359.7
359.7
359.7
359.7
359.7
359.7
359.7
359.7
359.7
359.7
360
361.1
361.3
361.5
361.5
361.6
361.6
361.6
361.6
361.6
361.6
361.6
361.6
361.6
361.6
361.6
361.6
361.6
361.6
361.6
361.6
361.6
361.6
361.6
361.6
361.6
361.6
361.6
361.6
361.6
361.6
361.6
361.6
361.6
361.6
361.6
361.6
361.6
361.6
361.6
361.6
361.6
361.6
361.6
361.6
361.6
361.6
361.6
361.6
361.6
361.6
361.6
361.6
361.6
361.6
361.7
361.7
361.7
361.8
361.8
361.8
361.8
361.9
362
362
362
362
362
362
362.4
362.7
363.1
363.3
363.4
363.4
363.4
363.5
363.6
363.6
363.6
363.6
363.6
363.6
363.6
363.6
363.6
363.6
363.6
363.6
363.6
363.6
363.6
363.6
363.6
363.6
363.6
363.6
363.6
363.6
363.6
363.6
363.6
363.6
363.6
363.6
363.6
363.6
363.6
363.6
363.6
363.6
363.6
363.6
363.6
363.6
363.6
363.6
363.6
363.6
363.6
363.6
363.6
363.6
363.6
363.6
363.6
363.6
363.6
363.6
363.6
363.6
363.6
363.6
363.6
363.6
363.6
363.6
363.6
363.6
363.6
363.6
363.6
363.6
363.6
363.6
363.6
363.6
363.6
363.6
363.6
363.6
363.6
363.6
363.6
363.6
363.6
363.6
363.6
363.6
363.6
363.6
363.6
363.6
363.6
363.6
363.6
363.6
363.6
363.6
363.6
363.6
363.6
363.6
363.6
363.6
363.6
363.6
363.6
363.6
363.6
363.6
363.6
363.6
363.6
363.6
363.6
363.6
363.6
363.6
363.6
363.6
363.6
363.6
363.6
363.6
363.6
363.6
363.6
363.6
363.6
363.6
363.6
363.6
363.6
363.6
363.6
363.6
363.6
363.6
363.6
363.6
363.6
363.6
363.6
363.6
363.6
363.6
363.6
363.6
363.6
363.6
363.6
363.6
363.6
363.6
363.6
363.6
363.6
363.6
363.6
363.6
363.6
363.6
363.6
363.6
363.6
363.6
363.6
363.6
363.6
363.6
363.6
363.6
363.6
363.6
363.6
363.7
363.7
363.7
363.7
363.7
363.7
363.8
363.8
363.8
363.9
364
364.8
365.5
365.8
366
366
366
366
366.1
366.1
366.1
366.1
366.1
366.1
366.1
366.1
366.1
366.1
366.1
366.1
366.1
366.1
366.1
366.1
366.1
366.1
366.1
366.1
366.1
366.1
366.1
366.1
366.1
366.1
366.1
366.1
366.1
366.1
366.1
366.1
366.1
366.1
366.1
366.1
366.1
366.1
366.1
366.1
366.1
366.1
366.1
366.1
366.1
366.1
366.1
366.1
366.1
366.1
366.1
366.1
366.1
366.1
366.1
366.1
366.1
366.1
366.1
366.1
366.1
366.1
366.1
366.1
366.1
366.1
366.1
366.1
366.1
366.1
366.1
366.1
366.1
366.1
366.1
366.1
366.1
366.1
366.1
366.1
366.1
366.1
366.1
366.1
366.1
366.1
366.1
366.1
366.1
366.1
366.1
366.1
366.1
366.1
366.1
366.1
366.1
366.1
366.1
366.1
366.1
366.1
366.1
366.1
366.1
366.1
366.1
366.2
366.2
366.2
366.2
366.2
366.2
366.2
366.2
366.2
366.2
366.2
366.3
366.8
367.1
367.6
368
368.4
368.8
369.5
369.9
371.1
373
375.4
376.1
376.9
377.4
377.7
377.9
378.1
378.5
378.7
378.7
378.7
378.7
378.7
378.7
378.7
378.7
378.7
378.7
378.7
378.7
378.7
378.7
378.7
378.7
378.7
378.7
378.7
378.7
378.7
378.7
378.7
378.7
378.7
378.7
378.7
378.7
378.7
378.7
378.7
378.7
378.7
378.8
379
379.2
379.4
380.7
382
382.9
383
383
383
383
383
383
383.1
383.1
383.1
383.1
383.2
383.2
383.2
383.2
383.2
383.2
383.2
383.2
383.2
383.2
383.2
383.2
383.2
383.2
383.2
383.2
383.2
383.2
383.2
383.2
383.2
383.2
383.2
383.2
383.2
383.2
383.2
383.2
383.2
383.2
383.2
383.2
383.2
383.2
383.2
383.2
383.2
383.2
383.2
383.2
383.2
383.2
383.2
383.2
383.2
383.2
383.2
383.2
383.2
383.2
383.2
383.2
383.2
383.2
383.2
383.2
383.2
383.2
383.2
383.2
383.2
383.2
383.2
383.2
383.2
383.2
383.2
383.2
383.2
383.2
383.2
383.2
383.2
383.2
383.2
383.2
383.2
383.2
383.2
383.2
383.2
383.2
383.2
383.2
383.2
383.2
383.2
383.2
383.2
383.2
383.3
383.3
383.3
383.3
383.3
383.3
383.3
383.3
383.3
383.3
383.3
383.3
383.3
383.3
383.3
383.3
383.3
383.3
383.3
383.3
383.3
383.3
383.3
383.3
383.3
383.3
383.3
383.3
383.3
383.3
383.3
383.3
383.3
383.3
383.3
383.3
383.3
383.3
383.3
383.3
383.3
383.3
383.3
383.3
383.3
383.3
383.3
383.3
383.3
383.3
383.3
383.3
383.3
383.3
383.3
383.3
383.3
383.3
383.3
383.3
383.3
383.3
383.3
383.3
383.3
383.3
383.3
383.3
383.3
383.3
383.3
383.3
383.3
383.3
383.3
383.3
383.3
383.3
383.3
383.3
383.3
383.3
383.3
383.3
383.3
383.3
383.3
383.3
383.3
383.3
383.3
383.3
383.8
384
384
384.2
384.4
384.6
384.6
385.4
386.3
386.6
386.6
386.6
386.6
386.6
386.6
386.6
386.6
386.6
386.6
386.6
386.6
386.6
386.6
386.6
386.6
386.6
386.6
386.6
386.6
386.6
386.6
386.6
386.6
386.6
386.6
386.6
386.6
386.6
386.6
386.6
386.6
386.6
386.6
386.6
386.6
386.6
386.6
386.6
386.6
386.6
386.6
386.6
386.6
386.6
386.6
386.6
386.6
386.6
386.6
387.8
390.4
391.3
394.6
394.7
394.7
394.7
394.7
394.8
394.8
394.8
394.8
394.8
394.8
394.8
394.8
394.8
394.8
394.8
394.8
394.8
394.8
394.8
394.8
394.8
394.8
394.8
394.8
394.8
394.8
394.8
394.8
394.8
394.8
394.8
394.8
394.8
394.8
394.8
394.8
394.8
394.8
394.8
394.8
394.8
394.8
394.8
394.8
394.8
394.8
394.8
394.8
394.8
394.8
394.8
394.8
394.8
394.8
394.8
394.8
394.8
394.8
394.8
394.9
394.9
394.9
394.9
394.9
394.9
394.9
394.9
394.9
395.3
395.9
396.5
396.6
396.9
397.6
398.2
398.5
398.6
398.7
398.7
398.7
398.7
398.7
398.7
398.7
398.7
398.7
398.7
398.7
398.7
398.7
398.7
398.7
398.7
398.7
398.7
398.7
398.7
398.7
398.7
398.7
398.7
398.7
398.7
398.7
398.7
398.7
398.7
398.7
398.7
398.7
398.7
398.7
398.7
398.7
398.7
398.7
398.7
398.7
398.7
398.7
398.7
398.7
398.7
398.7
398.7
398.7
398.7
398.7
398.7
398.7
398.7
398.7
398.7
398.7
398.7
398.7
398.7
398.7
398.7
398.7
398.7
398.7
398.7
398.7
398.7
398.7
398.7
398.7
398.7
398.7
398.7
398.7
398.7
398.7
398.7
398.7
398.7
398.7
398.7
398.7
398.7
398.7
398.7
398.7
398.7
398.7
398.7
398.7
398.7
398.7
398.7
398.7
398.7
398.7
398.7
398.7
398.7
398.7
398.7
398.7
398.7
398.7
398.7
398.7
398.7
398.7
398.7
398.7
398.7
398.7
398.7
398.7
398.7
398.7
398.7
398.7
398.7
398.7
398.7
398.7
398.7
398.7
398.7
398.7
398.7
398.7
398.7
398.7
398.7
398.7
398.7
398.7
398.7
398.7
398.7
398.7
398.7
398.7
398.7
398.7
398.7
398.7
398.7
398.7
398.7
398.7
398.7
398.7
398.7
398.7
398.7
398.7
398.7
398.7
398.7
398.7
398.7
398.7
398.7
398.7
398.7
398.7
398.7
398.7
398.7
398.7
398.7
398.7
398.7
398.7
398.7
398.7
398.7
398.7
398.7
398.7
398.7
398.7
398.7
398.7
398.7
398.7
398.7
398.7
398.7
398.7
398.7
398.7
398.7
398.7
398.7
398.7
398.7
398.7
398.7
398.7
398.7
398.7
398.7
398.7
398.7
398.7
398.7
398.7
398.7
398.7
398.7
398.7
398.7
398.7
398.7
398.7
398.7
398.7
398.7
398.7
398.8
398.9
399.1
399.3
399.6
399.7
399.8
399.9
399.9
400
400
400
400
400.1
400.1
400.1
400.1
400.1
400.1
400.1
400.1
400.1
400.1
400.1
400.1
400.1
400.1
400.1
400.1
400.1
400.1
400.1
400.1
400.1
400.1
400.1
400.1
400.1
400.1
400.1
400.1
400.1
400.1
400.1
400.1
400.1
400.1
400.1
400.1
400.1
400.1
400.1
400.1
400.1
400.1
400.1
400.1
400.1
400.1
400.1
400.1
400.1
400.1
400.1
400.1
400.1
400.1
400.1
400.1
400.1
400.1
400.1
400.1
400.1
400.1
400.1
400.1
400.1
400.1
400.1
400.1
400.1
400.1
400.1
400.1
400.1
400.1
400.1
400.1
400.1
400.1
400.1
400.1
400.1
400.1
400.1
400.1
400.1
400.1
400.1
400.1
400.1
400.1
400.1
400.1
400.1
400.1
400.1
400.1
400.1
400.1
400.1
400.1
400.1
400.1
400.1
400.1
400.1
400.1
400.1
400.2
400.3
400.5
400.8
401
401
401
401
401.1
401.1
401.6
402
402.2
402.4
402.5
402.5
402.5
402.5
402.5
402.5
402.6
402.6
402.6
402.6
402.6
402.6
402.6
402.7
402.7
402.8
403
403.6
403.7
403.7
403.8
403.9
403.9
403.9
403.9
403.9
403.9
403.9
403.9
403.9
403.9
403.9
403.9
403.9
403.9
403.9
403.9
403.9
403.9
403.9
403.9
403.9
403.9
403.9
403.9
403.9
403.9
403.9
403.9
403.9
403.9
403.9
403.9
403.9
403.9
403.9
403.9
403.9
403.9
403.9
403.9
404.1
404.6
405.1
405.4
405.6
406.5
407.3
408.1
408.6
409.7
411.5
413.2
414.8
415.7
417.2
418.7
419.6
420.5
421.6
421.7
422.6
424.6
426
427.9
428
428.3
428.3
428.3
428.3
428.3
428.3
428.3
428.3
428.9
429
429
429.1
429.1
429.1
429.1
429.1
429.1
429.1
429.1
429.1
429.1
429.1
429.1
429.1
429.1
429.1
429.1
429.1
429.1
429.1
429.1
429.1
429.1
429.1
429.1
429.1
429.1
429.1
429.1
429.1
429.1
429.1
429.1
429.1
429.1
429.1
429.1
429.1
429.1
429.1
429.1
429.1
429.1
429.1
429.1
429.1
429.1
429.1
429.1
429.1
429.1
429.1
429.1
429.1
429.1
429.1
429.1
429.1
429.1
429.1
429.1
429.1
429.1
429.1
429.1
429.1
429.1
429.1
429.1
429.1
429.1
429.1
429.1
429.1
429.1
429.1
429.1
429.1
429.1
429.1
429.1
429.1
429.1
429.1
429.1
429.1
429.1
429.1
429.1
429.1
429.1
429.1
429.1
429.1
429.1
429.1
429.1
429.1
429.1
429.1
429.1
429.1
429.1
429.1
429.1
429.1
429.1
429.1
429.1
429.1
429.1
429.1
429.1
429.1
429.1
429.1
429.1
429.1
429.1
429.1
429.1
429.1
429.1
429.1
429.1
429.1
429.1
429.1
429.3
430.1
431.2
432.7
433.6
434.6
435.1
435.2
435.7
436.1
436.5
437.1
437.1
437.1
437.1
437.1
437.1
437.1
437.1
437.1
437.1
437.1
437.1
437.1
437.1
437.1
437.1
437.1
437.1
437.1
437.1
437.1
437.1
437.1
437.1
437.1
437.1
437.1
437.1
437.1
437.1
437.1
437.1
437.1
437.1
437.1
437.1
437.1
437.1
437.1
437.1
437.1
437.1
437.1
437.1
437.1
437.1
437.1
437.1
437.1
437.1
437.1
437.1
437.1
437.1
437.1
437.1
437.1
437.1
437.1
437.1
437.1
437.1
437.1
437.1
437.1
437.1
437.1
437.1
437.1
437.1
437.1
437.1
437.1
437.1
437.1
437.1
437.1
437.1
437.1
437.1
437.1
437.1
437.1
437.1
437.1
437.1
437.1
437.1
437.1
437.1
437.1
437.1
437.1
437.1
437.1
437.1
437.1
437.1
437.1
437.1
437.1
437.1
437.1
437.1
437.1
437.1
437.1
437.1
437.1
437.1
437.1
437.1
437.1
437.1
437.1
437.1
437.1
437.1
437.1
437.1
437.1
437.1
437.1
437.1
437.1
437.1
437.1
437.1
437.1
437.1
437.1
437.1
437.1
437.1
437.1
437.1
437.1
437.1
437.1
437.1
437.1
437.1
437.1
437.1
437.1
437.1
437.1
437.1
437.1
437.1
437.1
437.1
437.1
437.1
437.1
437.1
437.1
437.1
437.1
437.1
437.1
437.1
437.1
437.1
437.1
437.1
437.1
437.1
437.1
437.1
437.1
437.1
437.1
437.1
437.1
437.1
437.1
437.1
437.1
437.1
437.1
437.4
438.2
439.4
441.4
442.9
443.1
443.7
444.7
445.1
445.4
445.5
445.5
445.6
446.5
446.6
446.6
446.6
446.6
446.6
446.6
446.6
446.6
446.6
446.6
446.6
446.6
446.6
446.6
446.6
446.6
446.6
446.6
446.6
446.6
446.6
446.6
446.6
446.6
446.6
446.6
446.7
447
447.7
448.3
448.8
449.3
449.4
450.3
