0
0
0
0
0
0
0
0
0
0
0
0
0
0
0
0
0
0
0
0
0
0
0
0
0
0
0
0
0
0
0
0
0
0
0
0
0
0
0
0
0
0
0
0
0
0
0
0
0
0
0
0
0
0
0
0
0
0
0
0
0
0
0
0
0
0
0
0
0
0
0
0
0
0
0
0
0
0
0
0
0
0
0
0
0
0
0
0
0
0
0
0
0
0
0
0
0
0
0
0
0
0
0
0
0
0
0
0
0
0
0
0
0
0
0
0
0
0
0
0
0
0
0
0
0
0
0
0
0
0
0
0
0
0
0
0
0
0
0
0
0
0
0
0
0
0
0
0
0
0
0
0
0
0
0
0
0
0
0
0
0
0
0
0
0
0
0
0
0
0
0
0
0
0
0
0
0
0
0
0
0
0
0
0
0
0
0
0
0
0
0
0
0
0
0
0
0
0.1
0.1
0.1
0.1
0.1
0.1
0.1
0.1
0.1
0.1
0.1
0.1
0.1
0.1
0.1
0.1
0.1
0.2
0.3
0.4
0.4
0.4
0.5
0.5
0.9
1.1
1.1
1.1
1.1
1.1
1.1
1.1
1.1
1.1
1.1
1.1
1.1
1.1
1.1
1.1
1.1
1.1
1.1
1.1
1.1
1.1
1.1
1.1
1.1
1.1
1.1
1.1
1.1
1.1
1.1
1.1
1.1
1.1
1.1
1.1
1.1
1.1
1.1
1.1
1.1
1.1
1.1
1.1
1.1
1.1
1.1
1.1
1.1
1.1
1.1
1.1
1.1
1.1
1.1
1.1
1.1
1.1
1.1
1.1
1.1
1.1
1.1
1.1
1.1
1.1
1.1
1.1
1.1
1.1
1.1
1.1
1.1
1.1
1.1
1.1
1.1
1.2
2.6
3.6
4.7
6.3
7.2
7.6
7.6
8.3
8.7
8.9
9
9
9
9
9
9
9
9
9
9
9
9
9
9
9
9.1
9.6
9.7
9.8
9.8
9.8
9.8
9.8
9.8
9.8
9.8
9.8
9.8
9.8
9.8
9.8
9.8
9.8
9.8
9.8
9.8
9.8
9.8
9.8
9.8
9.8
9.8
9.8
9.8
9.8
9.9
9.9
9.9
10.1
10.7
12.2
13.8
14.8
16.2
17.1
17.3
17.7
19.3
20.9
21.3
22.1
23.3
25.4
27
28.5
28.9
29.5
29.7
31
33.4
34.6
34.9
35.5
37.6
39
39.1
39.1
39.1
39.1
39.1
39.1
39.1
39.1
39.1
39.1
39.1
39.1
39.1
39.1
39.1
39.1
39.1
39.1
39.1
39.1
39.1
39.1
39.1
39.1
39.1
39.1
39.1
39.1
39.2
39.2
39.2
39.2
39.2
39.2
39.2
39.2
39.2
39.2
39.2
39.2
39.2
39.3
39.5
40
40.6
41.1
41.5
41.5
41.6
41.6
41.6
41.6
41.6
41.6
41.6
41.6
41.6
41.6
41.6
41.6
41.6
41.6
41.6
41.6
41.6
41.6
41.6
41.6
41.6
41.6
41.6
41.6
41.6
41.6
41.6
41.6
41.6
41.6
41.6
41.6
41.6
41.6
41.6
41.6
41.6
41.6
41.6
41.6
41.6
41.6
41.6
41.6
41.6
41.6
41.6
41.6
41.6
41.6
41.6
41.6
41.6
41.6
41.6
41.6
41.6
41.6
41.6
41.6
41.6
41.6
41.6
41.8
43
43.7
44.6
45.4
45.5
45.6
45.6
45.6
45.6
45.6
45.6
45.6
45.6
45.6
45.6
45.6
45.6
45.6
45.6
45.6
45.6
45.6
45.6
45.6
45.6
45.6
45.6
45.6
45.6
45.6
45.6
45.6
45.6
45.6
45.6
45.6
45.6
45.6
45.6
45.6
45.6
45.6
45.6
45.6
45.6
45.6
45.6
45.6
45.6
45.6
45.6
45.6
45.6
45.6
45.6
45.6
45.6
45.6
45.6
45.6
45.6
45.6
45.6
45.6
45.6
45.6
45.6
45.6
45.6
45.7
46.1
46.2
46.2
46.2
46.2
46.2
46.2
46.2
46.3
46.3
46.5
46.5
46.5
46.5
46.5
46.5
46.5
46.5
46.5
46.5
46.5
46.5
46.5
46.5
46.5
46.5
46.5
46.5
46.5
46.5
46.5
46.5
46.5
46.5
46.5
46.5
46.5
46.5
46.5
46.5
46.5
46.5
46.5
46.5
46.5
46.5
46.5
46.5
46.5
46.5
46.5
46.5
46.5
46.5
46.5
46.5
46.5
46.5
46.5
46.5
46.5
46.5
46.5
46.5
46.5
46.5
46.5
46.5
46.5
46.5
46.5
46.5
46.5
46.5
46.5
46.5
46.5
46.5
46.5
46.5
46.5
46.5
46.5
46.5
46.5
46.5
46.5
46.5
46.5
46.5
46.5
46.5
46.5
46.5
46.5
46.5
46.5
46.5
46.5
46.5
46.5
46.5
46.5
46.5
46.5
46.5
46.5
46.5
46.5
46.5
46.5
46.5
46.5
46.5
46.5
46.5
46.5
46.5
46.5
46.5
46.5
46.5
46.5
46.5
46.5
46.5
46.5
46.5
46.5
46.5
46.5
46.5
46.5
46.5
46.5
46.5
46.5
46.5
46.5
46.5
46.5
46.5
46.5
46.5
46.5
46.5
46.5
46.5
46.5
46.5
46.5
46.5
46.5
46.5
46.5
46.5
46.5
46.5
46.5
46.5
46.5
46.5
46.5
46.5
46.5
46.5
46.5
46.5
46.5
46.5
46.5
46.5
46.5
46.5
46.5
46.5
46.5
46.5
46.5
46.5
46.5
46.5
46.5
46.5
46.5
46.5
46.5
46.5
46.5
46.5
46.5
46.5
46.5
46.5
46.5
46.5
46.5
46.5
46.5
46.5
46.5
46.5
46.5
46.5
46.5
46.5
46.5
46.5
46.5
46.5
46.5
46.5
46.5
46.5
46.5
46.5
46.5
46.5
46.5
46.5
46.5
46.5
46.5
46.5
46.5
46.5
46.5
46.5
46.5
46.5
46.5
46.5
46.5
46.5
46.5
46.5
46.5
46.5
46.5
46.5
46.5
46.5
46.5
46.5
46.5
46.5
46.5
46.5
46.5
46.5
46.5
46.5
46.5
46.5
46.5
46.5
46.5
46.5
46.5
46.5
46.5
46.5
46.5
46.5
46.5
46.5
46.5
46.5
46.5
46.5
46.5
46.5
46.5
46.5
46.5
46.5
46.5
46.5
46.5
46.5
46.5
46.5
46.5
46.5
46.5
46.5
46.5
46.5
46.5
46.5
46.5
46.5
46.5
46.5
46.5
46.5
46.5
46.5
46.5
46.5
46.5
46.5
46.5
46.5
46.5
46.5
46.5
46.5
46.5
46.5
46.5
46.5
46.5
46.5
46.5
46.5
46.5
46.5
46.5
46.5
46.5
46.5
46.5
46.5
46.5
46.5
46.5
46.5
46.5
46.5
46.5
46.5
46.5
46.5
46.5
46.5
46.5
46.5
46.5
46.5
46.5
46.5
46.5
46.5
46.5
46.5
46.5
46.5
46.5
46.5
46.5
46.5
46.5
46.5
46.5
46.5
46.5
46.5
46.5
46.5
46.5
46.5
46.5
46.5
46.5
46.5
46.5
46.5
46.5
46.5
46.5
46.5
46.5
46.5
46.5
46.5
46.5
46.5
46.5
46.5
46.5
46.5
46.5
46.5
46.5
46.5
46.5
46.5
46.5
46.5
46.5
46.5
46.5
46.5
46.5
46.5
46.5
46.5
46.5
46.5
46.5
46.5
46.5
46.5
46.5
46.5
46.5
46.5
46.5
46.5
46.5
46.5
46.5
46.5
46.5
46.5
46.5
46.5
46.5
46.5
46.5
46.5
46.5
46.5
46.5
46.5
46.5
46.5
46.5
46.5
46.5
46.5
46.5
46.5
46.5
46.5
46.5
46.5
46.5
46.5
46.5
46.5
46.5
46.5
46.5
46.5
46.5
46.5
46.5
46.5
46.5
46.5
46.5
46.5
46.5
46.5
46.5
46.5
46.5
46.5
46.5
46.5
46.5
46.5
46.5
46.5
46.5
46.5
46.5
46.5
46.5
46.5
46.5
46.5
46.5
46.5
46.5
46.5
46.5
46.5
46.5
46.5
46.5
46.5
46.5
46.5
46.5
46.5
46.5
46.5
46.5
46.5
46.5
46.5
46.5
46.5
46.5
46.5
46.5
46.5
46.5
46.5
46.5
46.5
46.5
46.5
46.5
46.5
46.5
46.5
46.5
46.5
46.5
46.5
46.5
46.5
46.5
46.5
46.5
46.5
46.5
46.5
46.5
46.5
46.5
46.5
46.5
46.5
46.5
46.5
46.5
46.5
46.5
46.5
46.5
46.5
46.5
46.5
46.5
46.5
46.5
46.5
46.5
46.5
46.5
46.6
46.6
46.7
46.7
46.8
48.5
48.6
48.7
48.7
48.7
51.2
51.2
51.3
51.3
51.3
51.3
51.3
51.3
52.9
55.2
55.4
55.4
55.4
55.4
55.4
55.4
55.4
55.4
55.4
55.4
55.4
55.4
55.4
55.4
55.4
55.4
55.4
55.4
55.4
55.4
55.4
55.5
55.6
55.6
55.6
55.6
55.6
55.6
55.6
55.6
55.6
55.6
55.7
55.7
55.7
56.2
57.7
57.9
57.9
57.9
57.9
58
58
58
58
58
58
58.1
58.1
58.1
58.1
58.1
58.1
58.1
58.1
58.1
58.1
58.1
58.1
58.1
58.4
58.8
58.9
59.1
59.3
59.5
59.5
59.6
59.6
59.6
59.7
59.7
59.9
60.4
60.9
61.6
62.6
63.3
63.9
64.4
64.7
64.8
64.8
64.9
64.9
64.9
64.9
64.9
64.9
64.9
64.9
64.9
64.9
64.9
64.9
64.9
64.9
64.9
64.9
64.9
64.9
64.9
64.9
64.9
64.9
64.9
64.9
64.9
64.9
64.9
64.9
64.9
64.9
64.9
64.9
64.9
64.9
64.9
64.9
64.9
64.9
64.9
64.9
64.9
64.9
64.9
64.9
64.9
64.9
64.9
64.9
64.9
64.9
64.9
64.9
64.9
65.2
65.2
65.2
65.2
65.2
65.2
65.2
65.2
65.2
65.2
65.2
65.2
65.2
65.2
65.2
65.2
65.2
65.2
65.2
65.2
65.2
65.2
65.2
65.2
65.2
65.2
65.2
65.2
65.2
65.2
65.2
65.2
65.3
65.3
65.3
65.3
65.4
65.5
66.2
66.8
66.8
67
67
67
67
67
67.1
67.1
67.1
67.1
67.1
67.2
67.2
67.2
67.2
67.3
67.4
67.9
68
68
68
68
68
68
68
68
68
68
68
68
68
68
68
68
68
68
68
68
68
68
68
68
68
68
68
68
68
68
68
68
68
68
68
68
68
68
68
68
68
68
68
68
68
68
68
68
68
68
68
68
68
68
68
68
68
68
68
68
68
68
68
68
68
68
68
68
68
68
68
68
68
68
68
68
68
68
68
68
68
68
68
68
68
68
68
68
68
68
68
68
68
68
68
68
68
68
68
68
68
68
68
68
68
68
68
68
68
68
68
68
68
68
68
68
68
68
68
68
68
68
68
68.1
68.2
68.2
68.2
68.2
68.2
68.2
68.2
68.2
68.2
68.3
70.1
71
71
71
71
71.1
71.2
71.3
71.6
71.6
71.6
71.6
71.6
71.6
71.6
71.6
71.6
71.6
71.6
71.6
71.6
71.6
71.6
71.6
71.7
71.7
71.7
71.7
71.7
71.7
71.7
71.7
71.7
71.7
71.7
71.7
71.7
71.7
71.7
71.7
71.7
71.7
71.7
71.7
71.7
71.7
71.7
71.7
71.7
71.7
71.7
71.7
71.7
71.7
71.7
71.7
71.7
71.7
71.7
72
72.1
72.5
72.6
73.2
73.7
74.1
74.4
74.5
74.5
74.5
74.5
74.5
74.5
74.6
75.2
75.2
75.3
75.7
76
76
76
76
76
76
76
76.1
76.1
76.2
76.2
76.2
76.2
76.2
76.2
76.2
76.2
76.2
76.2
76.3
76.3
76.3
76.3
76.3
76.3
76.3
76.3
76.3
76.3
76.4
76.5
77.2
78.4
79.2
79.5
79.8
80.3
80.7
81
81.1
81.1
81.4
81.4
81.4
81.4
81.4
81.4
81.4
81.4
81.5
81.5
81.5
81.5
81.5
81.5
81.5
81.5
81.5
81.5
81.6
82.6
83.3
83.6
83.6
83.7
83.7
83.7
83.7
83.7
83.7
83.7
83.7
83.7
83.7
83.7
83.7
83.7
83.7
83.7
83.7
83.7
83.7
83.7
83.7
83.7
83.7
83.7
83.7
83.7
83.7
83.7
83.7
83.7
83.7
83.7
83.7
83.7
83.7
83.7
83.7
83.7
84
84.1
84.1
84.1
84.1
84.1
84.1
84.1
84.1
84.1
84.4
84.8
86.3
86.8
87
87
87.8
88
88
88
88
88
88
88
88
88
88
88
88
88
88
88
88
88
88
88
88
88
88
88
88
88
88
88
88
88
88
88
88
88
88
88
88
88
88
88
88
88
88
88
88
88
88.1
88.2
88.4
88.5
88.5
88.5
88.6
88.6
88.6
88.6
88.6
88.6
88.6
88.6
88.6
88.7
88.7
88.7
88.8
88.9
88.9
89.4
90.1
90.3
90.3
90.3
90.3
90.3
90.4
90.4
90.7
91.1
91.2
91.4
91.9
92.1
92.1
92.1
92.1
92.1
92.1
92.1
92.1
92.1
92.1
92.1
92.1
92.1
92.1
92.1
92.1
92.1
92.1
92.1
92.1
92.1
92.2
92.2
92.2
92.2
92.2
92.2
92.7
94.2
95
95
95
95.1
95.1
95.1
95.4
96.5
98.2
100.4
102.1
102.6
104.3
104.5
104.5
104.9
104.9
104.9
104.9
104.9
105
105
105.2
105.3
106.1
107.9
109.6
112.3
112.9
112.9
112.9
112.9
113.2
113.3
113.3
113.4
113.5
113.5
113.5
113.5
113.5
113.5
113.5
113.5
113.5
113.5
113.5
113.5
113.5
113.5
113.5
113.5
113.5
113.5
113.5
113.5
113.5
113.5
113.5
113.5
113.5
113.5
113.5
113.5
113.5
113.5
113.5
113.5
113.5
113.5
113.5
113.5
113.5
113.5
113.5
113.5
113.5
113.5
113.5
113.5
113.5
113.5
113.5
113.5
113.5
113.5
113.6
113.6
113.7
113.7
113.8
114
114
114.1
114.1
114.1
114.1
114.2
114.2
114.2
114.2
114.2
114.2
114.2
114.2
114.2
114.2
114.2
114.2
114.2
114.2
114.2
114.2
114.2
114.2
114.2
114.2
114.2
114.2
114.2
114.2
114.2
114.2
114.2
114.2
114.2
114.2
114.2
114.2
114.2
114.2
114.2
114.2
114.2
114.2
114.2
114.3
114.4
114.4
114.4
114.4
114.4
114.4
114.4
114.5
114.7
114.8
115.8
119.6
123.7
126.4
127.9
129.9
130.3
130.3
130.3
130.4
130.4
130.4
130.4
130.4
130.4
130.4
130.4
130.4
130.4
130.4
130.4
130.4
130.4
130.4
130.4
130.4
130.4
130.4
130.4
130.4
130.4
130.4
130.4
130.4
130.4
130.4
130.4
130.4
130.4
130.4
130.4
130.4
130.4
130.4
130.4
130.4
130.4
130.4
130.4
130.4
130.4
130.4
130.4
130.4
130.4
130.4
130.4
130.5
130.8
130.8
131.3
133.9
135.2
135.3
135.4
135.4
135.4
135.4
135.5
135.5
135.5
135.5
135.5
135.5
135.5
135.5
135.6
135.6
135.6
135.6
135.7
135.9
137
140
140.3
140.3
140.3
140.3
140.4
140.5
140.5
140.5
140.5
140.5
140.5
140.9
141
141
141.1
141.8
141.8
141.8
141.8
141.9
141.9
141.9
142.2
142.3
142.3
142.3
142.4
142.5
142.5
142.5
142.5
142.5
142.5
142.5
142.8
143.1
143.1
143.2
143.3
143.5
143.7
145.1
148.4
148.9
149
149.1
149.3
149.3
149.4
149.4
149.4
149.5
149.5
149.5
150.2
150.6
150.6
150.6
150.7
150.7
150.7
150.7
150.7
150.7
150.7
150.7
150.8
154
154.2
154.3
154.3
154.3
154.3
154.3
154.3
154.3
154.3
154.3
154.3
154.3
154.3
154.3
154.3
154.3
154.3
154.3
154.3
154.3
154.3
154.3
154.3
154.3
154.3
154.3
154.3
154.3
154.3
154.3
154.3
154.3
154.3
154.3
154.3
154.3
154.3
154.5
154.5
154.5
154.5
154.6
154.7
155
155.3
155.3
155.3
155.3
155.5
155.7
156
156.7
157.5
158.2
158.4
158.4
158.4
158.4
158.4
158.5
158.5
158.5
158.5
158.5
158.5
158.5
158.5
158.6
158.6
158.6
158.6
158.6
158.6
158.6
158.6
158.6
158.6
158.6
158.6
158.6
158.6
158.6
158.6
158.6
158.6
158.6
158.6
158.6
158.6
158.6
158.6
158.6
158.6
158.6
158.6
158.6
158.6
158.6
158.6
158.6
158.6
158.6
158.6
158.6
158.6
158.6
158.6
158.6
158.6
158.6
158.6
158.6
158.6
158.6
158.6
158.6
158.6
158.6
158.6
158.6
158.6
158.6
158.6
158.6
158.6
158.7
158.7
158.7
158.7
158.8
159.9
160.5
161.2
161.2
161.2
161.2
161.3
161.3
161.3
161.3
161.5
161.5
161.5
161.5
161.6
161.6
161.6
161.6
161.6
161.6
161.6
161.6
161.6
161.6
161.6
161.6
161.6
161.6
161.6
161.6
161.6
161.6
161.6
161.6
161.6
161.6
161.6
161.6
161.6
161.6
161.6
161.6
161.6
161.6
161.6
161.6
161.6
161.6
161.6
161.6
161.6
161.6
161.6
161.6
161.6
161.6
161.6
161.6
161.6
161.6
161.6
161.6
161.6
161.6
161.6
161.7
162
163
165.4
166.6
167.2
167.4
167.8
168.1
168.3
168.3
168.3
168.3
168.3
168.3
168.3
168.3
168.3
168.3
168.3
168.3
168.3
168.3
168.3
168.3
168.3
168.3
168.3
168.3
168.3
168.3
168.3
168.3
168.3
168.3
168.3
168.3
168.3
168.3
168.3
168.5
168.9
169.1
169.4
169.5
169.5
169.5
169.5
169.6
169.6
169.6
169.6
169.6
169.6
170.1
170.4
170.4
170.4
170.4
170.4
170.4
170.4
170.4
170.4
170.4
170.4
170.4
170.4
170.5
170.5
170.5
170.5
170.5
170.5
170.5
170.5
170.5
170.5
170.5
170.5
170.5
170.5
170.5
170.5
170.5
170.5
170.5
170.5
170.5
170.5
170.5
170.5
170.5
170.5
170.5
170.5
170.5
170.6
170.7
170.7
170.8
170.8
170.9
171
171.2
171.2
171.2
171.2
171.2
171.2
171.2
171.2
171.2
171.2
171.2
171.2
171.2
171.2
171.2
171.2
171.2
171.2
171.2
171.2
171.2
171.2
171.2
171.2
171.2
171.2
171.2
171.2
171.2
171.2
171.2
171.2
171.2
171.2
171.2
171.2
171.2
171.2
171.2
171.2
171.2
171.2
171.2
171.2
171.2
171.2
171.2
171.2
171.2
171.2
171.2
171.2
171.2
171.2
171.2
171.2
171.2
171.2
171.2
171.2
171.2
171.2
171.2
171.2
171.2
171.2
171.2
171.2
171.2
171.2
171.2
171.2
171.2
171.2
171.2
171.2
171.2
171.2
171.2
171.2
171.2
171.2
171.2
171.2
171.2
171.2
171.2
171.2
171.2
171.2
171.4
171.4
171.4
171.4
171.4
171.5
171.5
171.6
171.6
171.6
171.6
171.6
171.6
171.6
171.6
171.6
171.6
171.6
171.6
171.6
171.6
171.6
171.6
171.6
171.6
171.6
171.6
171.6
171.6
171.6
171.6
171.6
171.6
171.6
171.6
171.6
171.6
171.6
171.6
171.6
171.6
171.6
171.6
171.6
171.6
171.6
171.6
171.6
171.6
171.6
171.6
171.6
171.6
171.6
171.6
171.6
171.6
171.6
171.6
171.6
171.6
171.6
171.6
171.6
171.6
171.6
171.6
171.6
171.6
171.6
171.6
171.6
171.6
171.7
171.7
171.7
171.7
171.7
171.7
171.7
171.7
171.7
171.7
171.7
171.7
171.7
171.7
172.2
172.8
175.3
179.9
182.8
183
183
183
183
183
183
183
183
183
183
183
183
183
183
183
183
183
183
183
183
183
183
183
183
183
183.1
184
184.7
185
185.3
185.4
186.1
187.5
188.9
189.5
189.5
189.5
189.5
189.5
189.5
189.5
189.5
189.5
189.5
189.5
189.5
189.5
189.5
189.5
189.5
189.5
189.5
189.5
189.5
189.5
189.5
189.5
189.5
189.5
189.5
189.5
189.5
189.5
189.5
189.5
189.5
189.5
189.5
189.5
189.5
189.5
189.5
189.5
189.5
189.5
189.5
189.5
189.5
189.5
189.5
189.5
189.5
189.5
189.5
189.5
189.5
189.6
189.6
189.6
189.6
189.9
191.3
191.5
191.5
191.5
191.6
191.7
191.7
191.7
192.5
195.7
203
204.5
204.8
205.8
206.8
207
207
207
207
207
207
207
207
207
207
207
207
207
207
207
207
207
207
207
207
207
207
207
207
207
207
207
207
207
207
207
207
207
207
207
207
207
207
207
207
207
207
207
207
207
207
207
207
207
207
207
207
207
207
207
207
207
207
207
207
207
207
207
207
207
207
207
207
207
207
207
207
207
207
207
207
207
207
207
207
207
207.1
207.1
207.1
207.3
207.9
208.1
208.1
208.2
208.2
208.2
208.2
208.3
209.1
209.8
210.3
210.3
210.3
210.4
211.6
212.3
212.3
212.3
212.3
212.5
213.8
214.5
214.5
214.5
214.5
214.6
214.6
214.6
214.6
214.6
214.6
214.6
214.6
214.6
214.6
214.6
214.6
214.6
214.6
214.6
214.6
214.6
214.6
214.6
214.6
214.6
214.6
214.6
214.6
214.6
214.6
214.6
214.6
214.6
214.6
214.6
214.6
214.6
214.6
214.6
214.6
214.6
214.6
214.6
214.6
214.6
214.6
214.6
214.6
214.6
214.6
214.6
214.6
214.6
214.6
214.6
214.7
214.7
214.8
214.8
214.8
214.8
214.8
214.8
214.9
215.8
216.3
216.5
217.1
217.2
217.2
217.2
217.2
217.2
217.2
217.2
217.3
217.4
217.4
217.4
217.4
217.4
217.4
217.4
217.4
217.4
217.4
217.4
217.4
217.4
217.4
217.4
217.4
217.4
217.4
217.4
217.4
217.4
217.4
217.4
217.4
217.4
217.4
217.4
217.4
217.4
217.4
217.4
217.4
217.4
217.4
217.4
217.4
217.4
217.4
217.4
217.4
217.4
217.4
217.4
217.4
217.4
217.4
217.4
217.4
217.4
217.4
217.4
217.4
217.4
217.4
217.4
217.4
217.4
217.4
217.4
217.4
217.4
217.4
217.4
217.4
217.4
217.4
217.4
217.4
217.4
217.4
217.4
217.4
217.4
217.4
217.4
217.4
217.4
217.4
217.4
217.4
217.4
217.4
217.4
217.4
217.4
217.4
217.4
217.4
217.4
217.4
217.4
217.4
217.4
217.4
217.4
217.4
217.4
217.4
217.4
217.4
217.4
217.4
217.4
217.4
217.4
217.4
217.4
217.4
217.4
217.4
217.4
217.4
217.4
217.4
217.4
217.4
217.4
217.4
217.4
217.4
217.4
217.4
217.4
217.4
217.4
217.4
217.4
217.4
217.4
217.4
217.4
217.4
217.4
217.4
217.4
217.4
217.4
217.4
217.4
217.4
217.4
217.4
217.4
217.4
217.4
217.4
217.4
217.4
217.4
217.4
217.4
217.4
217.4
217.4
217.4
217.4
217.4
217.4
217.4
217.4
217.4
217.4
217.4
217.4
217.4
217.4
217.4
217.4
217.4
217.4
217.5
217.5
217.5
217.5
217.6
217.6
217.6
217.6
217.6
217.6
217.6
217.6
217.6
217.6
217.6
217.6
217.6
218
218.3
218.8
219
219.3
219.6
219.7
220.1
220.4
221.4
222.1
222.1
222.2
222.2
222.2
222.2
222.2
222.2
222.2
222.2
222.2
222.2
222.2
222.2
222.2
222.2
222.2
222.2
222.2
222.2
222.3
222.3
222.3
222.5
224.7
229.6
230.9
231.4
233.7
234.8
236.9
237.5
237.6
237.6
237.6
237.6
237.6
237.6
237.6
237.6
237.6
237.6
237.6
237.6
237.6
237.6
237.6
237.6
237.6
237.6
237.6
237.6
237.6
237.6
237.6
237.6
237.6
237.6
237.6
237.6
237.6
237.6
237.6
237.6
237.6
237.6
237.6
237.6
237.6
237.6
237.6
237.6
237.6
237.6
237.6
237.6
237.6
237.6
237.6
237.6
237.6
237.6
237.6
237.6
237.6
237.6
237.6
237.6
237.6
237.6
237.6
237.6
237.6
237.6
237.6
237.6
237.6
237.6
237.6
237.6
237.6
237.6
237.6
237.6
237.6
237.6
237.6
237.6
237.6
237.6
237.6
237.6
237.6
237.6
237.6
237.6
237.6
237.6
237.6
237.6
237.6
237.6
237.6
237.6
237.6
237.6
237.6
237.6
237.6
237.6
237.6
237.6
237.6
237.6
237.6
237.6
237.6
237.6
237.6
237.6
237.6
237.6
237.6
237.6
237.6
237.6
237.6
237.6
237.6
237.6
237.6
237.6
237.6
237.6
237.6
237.6
237.6
237.6
237.6
237.6
237.6
237.6
237.6
237.6
237.6
237.6
237.6
237.6
237.6
237.6
237.6
237.7
237.7
237.7
237.7
237.7
237.7
237.7
237.7
237.7
237.7
237.9
238.8
239.5
239.5
239.5
239.5
239.5
239.5
239.5
239.5
239.5
239.6
239.6
239.6
239.6
239.6
239.7
239.7
239.8
240.1
240.2
240.3
240.8
240.9
242
243.8
245.4
247
247.6
248.6
249
249.2
249.3
249.3
249.3
249.4
250.9
251.8
253.2
256.2
258.1
258.2
258.3
258.4
258.4
258.4
258.4
258.4
258.4
258.4
258.4
258.4
258.4
258.5
258.5
258.5
258.5
258.5
258.5
258.5
258.5
258.5
258.5
258.5
258.5
258.5
258.5
258.5
258.5
258.5
258.5
258.5
258.5
258.5
258.5
258.5
258.5
258.5
258.5
258.8
258.8
258.8
258.9
258.9
258.9
258.9
258.9
258.9
258.9
258.9
258.9
259.1
260.8
261.2
261.2
261.2
261.2
261.2
261.2
261.2
261.2
261.2
261.2
261.2
261.2
261.2
261.2
261.2
261.2
261.2
261.2
261.2
261.2
261.2
261.2
261.2
261.2
261.2
261.2
261.2
261.2
261.2
261.2
261.2
261.2
261.2
261.2
261.2
261.2
261.2
261.2
261.2
261.2
261.2
261.2
261.2
261.2
261.2
261.2
261.2
261.2
261.2
261.2
261.2
261.2
261.2
261.2
261.2
261.2
261.2
261.2
261.2
261.2
261.2
261.3
261.3
261.3
261.3
261.3
261.3
261.3
261.3
261.3
261.3
261.3
261.3
261.3
261.3
261.3
261.4
261.5
261.5
261.5
261.5
261.5
261.5
261.5
261.5
261.5
261.5
261.5
261.5
261.5
261.5
261.5
261.5
261.5
261.5
261.5
261.5
261.5
261.5
261.5
261.5
261.5
261.5
261.5
261.5
261.5
261.5
261.5
261.5
261.5
261.5
261.5
261.5
261.5
261.5
261.5
261.5
261.5
261.5
261.5
261.5
261.5
261.5
261.5
261.5
261.5
261.5
261.5
261.5
261.5
261.5
261.5
261.5
261.5
261.5
261.5
261.5
261.5
261.5
261.5
261.5
261.5
261.5
261.5
261.5
261.5
261.5
261.5
261.5
261.5
261.5
261.5
261.5
261.6
261.6
261.6
261.6
261.6
261.6
261.6
261.6
261.6
261.6
261.6
261.6
261.6
261.6
261.6
261.6
261.6
261.6
262
266
272.6
277.1
279.5
279.6
280.1
280.1
280.1
280.2
281.5
281.7
281.7
281.7
281.7
281.7
281.7
281.7
281.7
281.7
281.7
281.7
281.7
281.7
281.7
281.7
281.7
281.7
281.7
281.8
281.8
281.8
281.8
281.8
281.8
281.8
281.8
282
282.6
283.3
285.4
285.8
285.8
285.8
286.6
288.9
289.2
289.2
289.3
291.1
291.2
291.2
291.2
291.2
291.2
291.2
291.2
291.2
291.2
291.3
291.3
291.3
291.3
291.3
291.3
291.3
291.3
291.3
291.3
291.3
291.3
291.8
292.9
293.1
293.2
293.2
293.2
293.2
293.2
293.3
293.3
293.3
293.3
293.4
293.4
293.5
293.5
293.5
293.5
293.5
293.5
293.6
293.8
294.5
296.9
297.1
297.1
297.2
298.3
298.5
298.6
298.6
298.6
298.6
298.6
298.6
298.6
298.6
298.6
298.6
298.6
298.6
298.6
298.8
299.4
299.6
299.7
299.7
299.7
299.7
299.7
299.7
299.7
299.7
299.7
299.7
299.7
299.7
299.7
299.7
299.7
299.7
299.7
299.7
299.7
299.7
299.7
299.7
299.7
299.7
299.7
299.7
299.7
299.7
299.7
299.7
299.7
299.7
299.7
299.7
299.7
299.7
299.7
299.7
299.7
299.7
299.7
299.7
299.7
299.7
299.7
299.7
299.7
299.7
299.7
299.7
299.7
299.7
299.7
299.8
299.8
299.9
300.7
301.4
301.4
301.4
301.5
301.5
301.5
301.5
301.5
301.5
301.5
302.1
302.5
302.9
303.1
303.1
303.1
303.1
303.1
303.1
303.2
303.2
303.2
303.2
303.2
303.2
303.2
303.2
303.2
303.2
303.2
303.2
303.2
303.2
303.2
303.2
303.2
303.2
303.2
303.2
303.2
303.2
303.2
303.2
303.2
303.2
303.2
303.2
303.2
303.2
303.2
303.2
303.2
303.2
303.2
303.2
303.2
303.2
303.2
303.2
303.2
303.2
303.2
303.2
303.2
303.2
303.2
303.2
303.2
303.2
303.2
303.2
303.2
303.2
303.2
303.2
303.2
303.2
303.2
303.2
303.2
303.2
303.2
303.2
303.2
303.2
303.2
303.2
303.2
303.2
303.2
303.2
303.2
303.2
303.2
303.2
303.2
303.2
303.2
303.2
303.3
303.3
303.3
303.4
303.4
303.4
303.4
303.4
303.4
303.4
303.4
303.5
303.5
303.5
303.5
303.5
303.5
303.5
303.5
303.6
303.7
303.8
305.5
305.6
305.6
306.3
308.6
309.9
310.5
310.6
310.6
310.6
310.7
310.7
310.7
310.7
310.7
310.7
310.7
310.7
310.7
310.7
310.7
310.7
310.7
310.7
310.7
310.7
310.7
310.7
310.7
310.7
310.7
310.7
310.7
310.7
310.7
310.7
310.7
310.7
310.7
310.7
310.7
310.7
310.9
311.4
312.7
316.3
316.4
316.4
316.4
316.4
316.4
316.4
316.4
316.4
316.4
316.4
316.4
316.4
316.4
316.4
316.4
316.4
316.4
316.4
316.4
316.4
316.4
316.4
316.4
316.4
316.4
316.4
316.4
316.4
316.4
316.4
316.4
316.4
316.4
316.4
316.4
316.4
316.4
316.4
316.4
316.4
316.4
316.4
316.4
316.4
316.4
316.4
316.4
316.4
316.4
316.4
316.4
316.4
316.4
316.4
316.4
316.4
316.4
316.4
316.4
316.4
316.4
316.4
316.4
316.4
316.4
316.4
316.4
316.4
316.4
316.4
316.4
316.4
316.4
316.4
316.4
316.4
316.4
316.4
316.4
316.4
316.4
316.4
316.4
316.4
316.4
316.4
316.4
316.4
316.4
316.4
316.4
316.4
316.4
316.4
316.4
316.4
316.4
316.4
316.4
316.5
316.9
317.2
317.3
317.3
317.4
317.4
317.4
317.5
317.5
317.5
317.5
317.5
317.5
317.5
317.5
317.5
317.5
317.5
317.5
317.6
317.6
317.6
317.6
317.6
317.6
317.6
317.6
317.6
317.6
317.6
317.6
317.6
317.6
317.6
317.6
317.6
317.6
317.6
317.6
317.6
317.6
317.6
317.6
317.6
317.6
317.6
317.6
317.6
317.6
317.6
317.6
317.6
317.6
317.6
317.6
317.6
317.6
317.6
317.6
317.6
317.6
317.6
317.6
317.6
317.6
317.6
317.6
317.6
317.6
317.6
317.6
317.6
317.6
317.6
317.6
317.6
317.6
317.6
317.6
317.6
317.6
317.6
317.6
317.6
317.6
317.6
317.6
317.6
317.6
317.6
317.6
317.6
317.6
317.6
317.6
317.6
317.6
317.6
317.6
317.6
317.6
317.6
317.6
317.6
317.6
317.6
317.6
317.6
317.6
317.6
317.6
317.6
317.6
317.6
317.6
317.6
317.6
317.6
317.6
317.6
317.6
317.6
317.6
317.6
317.6
317.6
317.6
317.6
317.6
317.6
317.6
317.8
318.7
319.5
320.3
321.5
321.5
321.5
321.5
321.6
322.6
322.7
322.7
322.7
322.7
322.7
322.7
322.7
322.7
322.7
322.7
322.7
322.7
322.7
322.7
322.7
322.7
322.7
322.7
322.7
322.7
322.7
322.7
322.7
322.7
322.7
322.7
322.7
322.7
322.7
322.7
322.7
322.7
322.7
322.7
322.7
322.7
322.7
322.7
322.7
322.7
322.7
322.7
322.7
322.7
322.7
322.7
322.7
322.7
322.7
322.7
322.7
322.7
322.7
322.7
322.7
322.7
322.7
322.7
322.7
322.7
322.7
322.7
322.7
322.7
322.7
322.7
322.7
322.7
322.7
322.7
322.7
322.7
322.7
322.7
322.7
322.8
322.8
322.8
322.8
322.8
322.8
322.8
322.8
322.8
322.8
322.8
322.8
322.8
322.8
322.8
322.8
322.8
322.9
322.9
323.2
323.7
324.3
324.4
324.4
324.4
324.4
324.4
324.4
324.4
324.4
324.4
324.4
324.4
324.4
324.4
324.4
324.4
324.4
324.4
324.4
324.4
324.4
324.4
324.4
324.4
324.4
324.4
324.4
324.4
324.4
324.4
324.4
324.4
324.4
324.4
324.4
324.4
324.4
324.4
324.4
324.4
324.4
324.4
324.4
324.4
324.4
324.4
324.4
324.4
324.4
324.4
324.4
324.4
324.4
324.4
324.4
324.4
324.4
324.4
324.4
324.4
324.4
324.4
324.4
324.4
324.4
324.4
324.4
324.4
324.4
324.4
324.4
324.4
324.4
324.4
324.4
324.4
324.4
324.4
324.4
324.4
324.4
324.4
324.4
324.4
324.4
324.4
324.4
324.4
324.4
324.4
324.4
324.4
324.4
324.4
324.4
324.4
324.4
324.4
324.4
324.4
324.4
324.4
324.4
324.4
324.4
324.4
324.4
324.4
324.4
324.4
324.4
324.4
324.4
324.4
324.4
324.4
324.4
324.4
324.4
324.4
324.4
324.4
324.4
324.4
324.4
324.4
324.4
324.4
324.4
324.4
324.4
324.4
324.4
324.4
324.4
324.4
324.4
324.4
324.4
324.4
324.4
324.4
324.4
324.4
324.4
324.4
324.5
324.6
324.6
324.6
324.7
324.7
324.7
324.7
324.7
324.8
324.8
324.9
324.9
324.9
324.9
324.9
324.9
324.9
324.9
324.9
324.9
324.9
324.9
324.9
324.9
324.9
324.9
324.9
324.9
324.9
324.9
324.9
324.9
324.9
324.9
324.9
324.9
324.9
324.9
324.9
324.9
324.9
324.9
324.9
324.9
324.9
324.9
324.9
324.9
324.9
324.9
324.9
324.9
324.9
324.9
324.9
324.9
324.9
324.9
324.9
324.9
324.9
324.9
324.9
324.9
324.9
324.9
324.9
324.9
324.9
324.9
324.9
324.9
324.9
324.9
324.9
324.9
324.9
324.9
324.9
324.9
324.9
324.9
324.9
324.9
324.9
324.9
324.9
324.9
324.9
324.9
324.9
324.9
324.9
324.9
324.9
324.9
324.9
324.9
324.9
324.9
324.9
324.9
324.9
324.9
324.9
324.9
324.9
324.9
324.9
324.9
324.9
324.9
324.9
324.9
324.9
324.9
324.9
324.9
324.9
324.9
324.9
324.9
324.9
324.9
324.9
324.9
324.9
324.9
324.9
324.9
324.9
324.9
324.9
324.9
324.9
324.9
324.9
324.9
324.9
324.9
324.9
324.9
324.9
324.9
324.9
324.9
324.9
324.9
324.9
324.9
324.9
324.9
324.9
324.9
324.9
324.9
324.9
324.9
324.9
324.9
324.9
324.9
324.9
324.9
324.9
324.9
324.9
324.9
324.9
324.9
324.9
324.9
324.9
324.9
324.9
324.9
324.9
324.9
324.9
324.9
324.9
324.9
324.9
324.9
324.9
324.9
324.9
324.9
324.9
324.9
324.9
325
325
325
325
325
325
325
325
325.1
325.1
325.1
325.1
325.1
325.1
325.1
325.1
325.1
325.1
325.1
325.1
325.1
325.1
325.1
325.1
325.1
325.1
325.1
325.1
325.1
325.1
325.1
325.1
325.1
325.1
325.1
325.1
325.1
325.1
325.1
325.1
325.1
325.1
325.1
325.1
325.1
325.1
325.1
325.1
325.1
325.1
325.1
325.1
325.1
325.1
325.1
325.1
325.1
325.1
325.1
325.1
325.1
325.1
325.1
325.1
325.1
325.1
325.1
325.1
325.1
325.1
325.1
325.1
325.1
325.1
325.1
325.1
325.1
325.1
325.1
325.1
325.1
325.1
325.1
325.1
325.1
325.1
325.1
325.1
325.1
325.1
325.1
325.1
325.1
325.1
325.1
325.1
325.1
325.1
325.1
325.1
325.1
325.1
325.1
325.1
325.1
325.1
325.1
325.1
325.1
325.1
325.1
325.1
325.1
325.1
325.1
325.1
325.1
325.1
325.1
325.1
325.1
325.1
325.1
325.1
325.1
325.1
325.1
325.1
325.1
325.1
325.1
325.1
325.1
325.1
325.1
325.1
325.1
325.1
325.1
325.1
325.1
325.1
325.1
325.1
325.1
325.1
325.1
325.1
325.1
325.1
325.1
325.1
325.1
325.1
325.1
325.1
325.1
325.1
325.1
325.1
325.1
325.1
325.1
325.1
325.1
325.1
325.1
325.1
325.1
325.1
325.1
325.1
325.1
325.1
325.1
325.1
325.1
325.1
325.1
325.1
325.1
325.1
325.1
325.1
325.1
325.1
325.1
325.1
325.1
325.1
325.1
325.1
325.1
325.1
325.1
325.1
325.1
325.1
325.1
325.1
325.1
325.1
325.1
325.1
325.1
325.1
325.1
325.1
325.1
325.1
325.1
325.1
325.1
325.1
325.1
325.1
325.1
325.1
325.1
325.1
325.1
325.1
325.1
325.1
325.1
325.1
325.1
325.1
325.1
325.1
325.1
325.1
325.1
325.1
325.1
325.1
325.1
325.1
325.1
325.1
325.1
325.1
325.1
325.1
325.1
325.1
325.1
325.1
325.1
325.1
325.1
325.1
325.1
325.1
325.1
325.1
325.1
325.1
325.1
325.1
325.1
325.1
325.1
325.1
325.1
325.1
325.1
325.1
325.1
325.1
325.1
325.1
325.1
325.1
325.1
325.1
325.1
325.1
325.1
325.1
325.1
325.1
325.1
325.1
325.1
325.1
325.1
325.1
325.1
325.1
325.1
325.1
325.1
325.1
325.1
325.1
325.1
325.1
325.1
325.1
325.1
325.1
325.1
325.1
325.1
325.1
325.1
325.1
325.1
325.1
325.1
325.1
325.1
325.1
325.1
325.1
325.1
325.1
325.1
325.1
325.1
325.1
325.1
325.1
325.1
325.1
325.1
325.1
325.1
325.1
325.1
325.1
325.1
325.1
325.1
325.1
325.1
325.1
325.1
325.1
325.1
325.1
325.1
325.1
325.1
325.1
325.1
325.1
325.1
325.1
325.1
325.1
325.1
325.1
325.1
325.1
325.1
325.1
325.1
325.1
325.1
325.1
325.1
325.1
325.1
325.1
325.1
325.1
325.1
325.1
325.1
325.1
325.1
325.1
325.1
325.1
325.1
325.1
325.1
325.1
325.1
325.1
325.1
325.1
325.1
325.1
325.1
325.1
325.1
325.1
325.1
325.1
325.1
325.1
325.1
325.1
325.1
325.1
325.1
325.1
325.1
325.1
325.1
325.1
325.1
325.1
325.1
325.1
325.1
325.1
325.1
325.1
325.1
325.1
325.1
325.1
325.1
325.1
325.1
325.1
325.1
325.1
325.1
325.1
325.1
325.1
325.1
325.1
325.1
325.1
325.1
325.1
325.1
325.1
325.1
325.1
325.1
325.1
325.1
325.1
325.1
325.1
325.1
325.1
325.1
325.1
325.1
325.1
325.1
325.1
325.1
325.1
325.1
325.1
325.1
325.1
325.1
325.1
325.1
325.1
325.1
325.1
325.1
325.1
325.1
325.1
325.1
325.1
325.1
325.1
325.1
325.1
325.1
325.1
325.1
325.1
325.1
325.1
325.1
325.1
325.1
325.1
325.1
325.1
325.1
325.1
325.1
325.1
325.1
325.1
325.1
325.1
325.1
325.1
325.1
325.1
325.1
325.1
325.1
325.1
325.1
325.1
325.1
325.1
325.1
325.1
325.1
325.1
325.1
325.1
325.1
325.1
325.1
325.1
325.1
325.1
325.1
325.1
325.1
325.1
325.1
325.1
325.1
325.1
325.1
325.1
325.1
325.1
325.1
325.1
325.1
325.1
325.1
325.1
325.1
325.1
325.1
325.1
325.1
325.1
325.1
325.1
325.1
325.1
325.1
325.1
325.1
325.1
325.1
325.1
325.1
325.1
325.1
325.1
325.1
325.1
325.1
325.1
325.1
325.1
325.1
325.1
325.1
325.1
325.1
325.1
325.1
325.1
325.1
325.1
325.1
325.1
325.1
325.1
325.1
325.1
325.1
325.1
325.1
325.1
325.1
325.1
325.1
325.1
325.1
325.1
325.1
325.1
325.1
325.1
325.1
325.1
325.1
325.1
325.1
325.1
325.1
325.1
325.1
325.1
325.1
325.1
325.1
325.1
325.1
325.1
325.1
325.1
325.1
325.1
325.1
325.1
325.1
325.1
325.1
325.1
325.1
325.1
325.1
325.1
325.1
325.1
325.1
325.1
325.1
325.1
325.1
325.1
325.1
325.1
325.1
325.1
325.1
325.1
325.1
325.1
325.1
325.1
325.1
325.1
325.1
325.1
325.1
325.1
325.1
325.1
325.1
325.1
325.1
325.1
325.1
325.1
325.1
325.1
325.1
325.1
325.1
325.1
325.1
325.1
325.1
325.1
325.1
325.1
325.1
325.1
325.1
325.1
325.1
325.1
325.1
325.1
325.1
325.1
325.1
325.1
325.1
325.1
325.1
325.1
325.1
325.1
325.1
325.1
325.1
325.1
325.1
325.1
325.1
325.1
325.1
325.1
325.1
325.1
325.1
325.1
325.1
325.1
325.1
325.1
325.1
325.1
325.1
325.1
325.1
325.1
325.1
325.1
325.1
325.1
325.1
325.1
325.1
325.1
325.1
325.1
325.1
325.1
325.1
325.1
325.1
325.1
325.1
325.1
325.1
325.1
325.1
325.1
325.1
325.1
325.1
325.1
325.1
325.1
325.1
325.1
325.1
325.1
325.1
325.1
325.1
325.1
325.1
325.1
325.1
325.1
325.1
325.1
325.1
325.1
325.1
325.1
325.1
325.1
325.1
325.1
325.1
325.1
325.1
325.1
325.1
325.1
325.1
325.1
325.1
325.1
325.1
325.1
325.1
325.1
325.1
325.1
325.1
325.1
325.1
325.1
325.1
325.1
325.1
325.1
325.1
325.1
325.1
325.1
325.1
325.1
325.1
325.1
325.1
325.1
325.1
325.1
325.1
325.1
325.1
325.1
325.1
325.1
325.1
325.1
325.1
325.1
325.1
325.1
325.1
325.1
325.1
325.1
325.1
325.1
325.1
325.1
325.1
325.1
325.1
325.1
325.1
325.1
325.1
325.1
325.1
325.1
325.1
325.1
325.1
325.1
325.1
325.1
325.1
325.1
325.1
325.1
325.1
325.1
325.1
325.1
325.1
325.1
325.1
325.1
325.1
325.1
325.1
325.1
325.1
325.1
325.1
325.1
325.1
325.1
325.1
325.1
325.1
325.1
325.1
325.1
325.1
325.1
325.1
325.1
325.1
325.1
325.1
325.1
325.1
325.1
325.1
325.1
325.1
325.1
325.1
325.1
325.1
325.1
325.1
325.1
325.1
325.1
325.1
325.1
325.1
325.1
325.1
325.1
325.1
325.1
325.1
325.1
325.1
325.1
325.1
325.1
325.1
325.1
325.1
325.1
325.1
325.1
325.1
325.1
325.1
325.1
325.1
325.1
325.1
325.1
325.1
325.1
325.1
325.1
325.1
325.1
325.1
325.1
325.1
325.1
325.1
325.1
325.1
325.1
325.1
325.1
325.1
325.1
325.1
325.1
325.1
325.1
325.1
325.1
325.1
325.1
325.1
325.1
325.1
325.1
325.1
325.1
325.1
325.1
325.1
325.1
325.1
325.1
325.1
325.1
325.1
325.1
325.1
325.1
325.1
325.1
325.1
325.1
325.1
325.1
325.1
325.1
325.1
325.1
325.1
325.1
325.1
325.1
325.1
325.1
325.1
325.1
325.1
325.1
325.1
325.1
325.1
325.1
325.1
325.1
325.1
325.1
325.1
325.1
325.1
325.1
325.1
325.1
325.1
325.1
325.1
325.1
325.1
325.1
325.1
325.1
325.1
325.1
325.1
325.1
325.1
325.1
325.1
325.1
325.1
325.1
325.1
325.1
325.1
325.1
325.1
325.1
325.1
325.1
325.1
325.1
325.1
325.1
325.1
325.1
325.1
325.1
325.1
325.1
325.1
325.1
325.1
325.1
325.1
325.1
325.1
325.1
325.1
325.1
325.1
325.1
325.1
325.1
325.1
325.1
325.1
325.1
325.1
325.1
325.1
325.1
325.1
325.1
325.1
325.1
325.1
325.1
325.1
325.1
325.1
325.1
325.1
325.1
325.1
325.1
325.1
325.1
325.1
325.1
325.1
325.1
325.1
325.1
325.1
325.1
325.1
325.1
325.1
325.1
325.1
325.1
325.1
325.1
325.1
325.1
325.1
325.1
325.1
325.1
325.1
325.1
325.1
325.1
325.1
325.1
325.1
325.1
325.1
325.1
325.1
325.1
325.1
325.1
325.1
325.1
325.1
325.1
325.1
325.1
325.1
325.1
325.1
325.1
325.1
325.1
325.1
325.1
325.1
325.1
325.1
325.1
325.1
325.1
325.1
325.1
325.1
325.1
325.1
325.1
325.1
325.1
325.1
325.1
325.1
325.1
325.1
325.1
325.1
325.1
325.1
325.1
325.1
325.1
325.1
325.1
325.1
325.1
325.1
325.1
325.1
325.1
325.1
325.1
325.1
325.1
325.1
325.1
325.1
325.1
325.1
325.1
325.1
325.1
325.1
325.1
325.1
325.1
325.1
325.1
325.1
325.1
325.1
325.1
325.1
325.1
325.1
325.1
325.1
325.1
325.1
325.1
325.1
325.1
325.1
325.1
325.1
325.1
325.1
325.1
325.1
325.1
325.1
325.1
325.1
325.1
325.1
325.1
325.1
325.1
325.1
325.1
325.1
325.1
325.1
325.1
325.1
325.1
325.1
325.1
325.1
325.1
325.1
325.1
325.1
325.1
325.1
325.1
325.1
325.1
325.1
325.1
325.1
325.1
325.1
325.1
325.1
325.1
325.1
325.1
325.1
325.1
325.1
325.1
325.1
325.1
325.1
325.1
325.1
325.1
325.1
325.1
325.1
325.1
325.1
325.1
325.1
325.1
325.1
325.1
325.1
325.1
325.1
325.1
325.1
325.1
325.1
325.1
325.1
325.1
325.1
325.1
325.1
325.1
325.1
325.1
325.1
325.1
325.1
325.1
325.1
325.1
325.1
325.1
325.1
325.1
325.1
325.1
325.1
325.1
325.1
325.1
325.1
325.1
325.1
325.1
325.1
325.1
325.1
325.1
325.1
325.1
325.1
325.1
325.1
325.1
325.1
325.1
325.1
325.1
325.1
325.1
325.1
325.1
325.1
325.1
325.1
325.1
325.1
325.1
325.1
325.1
325.1
325.1
325.1
325.1
325.1
325.1
325.1
325.1
325.1
325.1
325.1
325.1
325.1
325.1
325.1
325.1
325.1
325.1
325.1
325.1
325.1
325.1
325.1
325.1
325.1
325.1
325.1
325.1
325.1
325.1
325.1
325.1
325.1
325.1
325.1
325.1
325.1
325.1
325.1
325.1
325.1
325.1
325.1
325.1
325.1
325.1
325.1
325.1
325.1
325.1
325.1
325.1
325.1
325.1
325.1
325.1
325.1
325.1
325.1
325.1
325.1
325.1
325.1
325.1
325.1
325.1
325.1
325.1
325.1
325.1
325.1
325.1
325.1
325.1
325.1
325.1
325.1
325.1
325.1
325.1
325.1
325.1
325.1
325.1
325.1
325.1
325.1
325.1
325.1
325.1
325.1
325.1
325.1
325.1
325.1
325.1
325.1
325.1
325.1
325.1
325.1
325.1
325.1
325.1
325.1
325.1
325.1
325.1
325.1
325.1
325.1
325.1
325.1
325.1
325.1
325.1
325.1
325.1
325.1
325.1
325.1
325.1
325.1
325.1
325.1
325.1
325.1
325.1
325.1
325.1
325.1
325.1
325.1
325.1
325.1
325.1
325.1
325.1
325.1
325.1
325.1
325.1
325.1
325.1
325.1
325.1
325.1
325.1
325.1
325.1
325.1
325.1
325.1
325.1
325.1
325.1
325.1
325.1
325.1
325.1
325.1
325.1
325.1
325.1
325.1
325.1
325.1
325.1
325.1
325.1
325.1
325.1
325.1
325.1
325.1
325.1
325.1
325.1
325.1
325.1
325.1
325.1
325.1
325.1
325.1
325.1
325.1
325.1
325.1
325.1
325.1
325.1
325.1
325.1
325.1
325.1
325.1
325.1
325.1
325.1
325.1
325.1
325.1
325.1
325.1
325.1
325.1
325.1
325.1
325.1
325.1
325.1
325.1
325.1
325.1
325.1
325.1
325.1
325.1
325.1
325.1
325.1
325.1
325.1
325.1
325.1
325.1
325.1
325.1
325.1
325.1
325.1
325.1
325.1
325.1
325.1
325.1
325.1
325.1
325.1
325.1
325.1
325.1
325.1
325.1
325.1
325.1
325.1
325.1
325.1
325.1
325.1
325.1
325.1
325.1
325.1
325.1
325.1
325.1
325.1
325.1
325.1
325.1
325.1
325.1
325.1
325.1
325.1
325.1
325.1
325.1
325.1
325.1
325.1
325.1
325.1
325.1
325.1
325.1
325.1
325.1
325.1
325.1
325.1
325.1
325.1
325.1
325.1
325.1
325.1
325.1
325.1
325.1
325.1
325.1
325.1
325.1
325.1
325.1
325.1
325.1
325.1
325.1
325.1
325.1
325.1
325.1
325.1
325.1
325.1
325.1
325.1
325.1
325.1
325.1
325.1
325.1
325.1
325.1
325.1
325.1
325.1
325.1
325.1
325.1
325.1
325.1
325.1
325.1
325.1
325.1
325.1
325.1
325.1
325.1
325.1
325.1
325.1
325.1
325.1
325.1
325.1
325.1
325.1
325.1
325.1
325.1
325.1
325.1
325.1
325.1
325.1
325.1
325.1
325.1
325.1
325.1
325.1
325.1
325.1
325.1
325.1
325.1
325.1
325.1
325.1
325.1
325.1
325.1
325.1
325.1
325.1
325.1
325.1
325.1
325.1
325.1
325.1
325.1
325.1
325.1
325.1
325.1
325.1
325.1
325.1
325.1
325.1
325.1
325.1
325.1
325.1
325.2
325.3
325.4
325.8
325.8
327.2
327.7
328.2
329.1
329.5
329.5
329.5
329.5
329.5
329.5
329.5
329.5
329.5
329.5
329.5
329.5
329.5
329.5
329.5
329.5
329.5
329.5
329.5
329.5
329.5
329.5
329.5
329.5
329.5
329.5
329.5
329.5
329.5
329.5
329.5
329.5
329.5
329.5
329.5
329.5
329.5
329.5
329.5
329.5
329.5
329.5
329.5
329.5
329.5
329.5
329.5
329.5
329.5
329.5
329.5
329.5
329.5
329.5
329.5
329.5
329.5
329.5
329.5
329.5
329.5
329.5
329.5
329.5
329.5
329.5
329.5
329.5
329.5
329.5
329.5
329.5
329.5
329.5
329.5
329.5
329.5
329.5
329.5
329.5
329.5
329.5
329.5
329.5
329.5
329.5
329.5
329.5
329.5
329.5
329.5
329.5
329.5
329.5
329.5
329.5
329.5
329.5
329.5
329.5
329.5
329.5
329.5
329.5
329.5
329.5
329.5
329.5
329.5
329.5
329.5
329.5
329.5
329.5
329.5
329.5
329.5
329.5
329.5
329.5
329.5
329.5
329.5
329.5
329.5
329.5
329.5
329.5
329.5
329.5
329.5
329.5
329.5
329.5
329.5
329.5
329.5
329.5
329.5
329.5
329.5
329.5
329.5
329.5
329.5
329.5
329.5
329.5
329.5
329.5
329.5
329.5
329.5
329.5
329.5
329.5
329.5
329.5
329.5
329.5
329.5
329.5
329.5
329.5
329.5
329.5
329.5
329.5
329.5
329.5
329.5
329.5
329.5
329.5
329.5
329.5
329.5
329.5
329.5
329.5
329.5
329.5
329.5
329.5
329.5
329.5
329.5
329.5
329.5
329.5
329.5
329.5
329.5
329.5
329.5
329.5
329.5
329.5
329.5
329.5
329.5
329.5
329.5
329.5
329.5
329.5
329.5
329.5
329.5
329.5
329.5
329.5
329.5
329.5
329.5
329.5
329.5
329.5
329.5
329.6
329.6
329.6
329.7
329.7
329.7
329.7
329.7
329.7
329.7
329.7
329.7
329.7
329.7
329.8
329.8
329.9
329.9
329.9
329.9
330
330
330
330
330
330
330
330
330
330
330
330
330
330
330
330
330
330
330
330
330
330
330
330
330
330
330
330
330
330
330
330
330
330
330
330
330
330
330
330
330
330
330
330
330
330
330
330
330
330
330
330
330
330
330
330
330
330
330
330
330
330
330
330
330
330
330
330
330
330
330
330
330
330
330
330
330
330
330
330
330
330
330
330
330
330
330
330
330
330
330
330
330
330
330
330
330
330
330
330
330
330
330
330
330
330
330
330
330
330
330
330
330
330
330
330
330
330
330
330
330
330
330
330
330
330
330
330
330
330
330
330
330
330
330
330
330
330
330
330
330
330
330
330
330
330
330
330
330
330
330
330
330
330
330
330
330
330
330
330
330
330
330
330
330
330
330
330
330
330
330
330
330
330
330
330
330
330
330
330
330
330
330
330
330
330
330
330
330
330
330
330
330
330
330.1
330.1
330.1
330.1
330.1
330.1
330.1
330.1
330.2
330.3
330.5
330.6
330.8
331
331.4
331.7
332
332
332
332
332
332
332
332
332.3
333.7
335.9
337.4
337.6
337.9
338.2
338.5
340.2
341.8
343.6
344.7
345.9
349.9
351.8
352.3
353
353
353
353
353
353
353
353
353
353
353
353
353.1
353.6
354.6
355.6
356.9
357.3
357.6
358.1
359
360
361
362
362.6
362.7
362.7
362.7
362.7
362.7
362.7
362.7
362.7
362.7
362.7
362.7
362.7
362.7
362.7
362.7
362.7
362.7
362.7
362.7
362.7
362.7
362.7
362.7
362.7
362.7
362.7
362.7
362.7
362.7
362.7
362.7
362.7
362.7
362.7
362.7
362.7
362.7
362.7
362.7
362.7
362.7
362.7
362.7
362.7
362.7
362.7
362.7
362.7
362.7
362.7
362.7
362.7
362.7
362.7
362.7
362.7
362.7
362.7
362.7
362.7
362.7
362.7
362.7
362.7
362.7
362.7
362.7
362.7
362.7
362.7
362.7
362.7
362.7
362.7
362.7
362.7
362.7
362.7
362.7
362.7
362.7
362.7
362.7
362.7
362.7
362.7
362.7
362.7
362.7
362.7
362.7
362.8
363.7
367.1
367.4
367.4
367.5
371
377.2
377.7
377.7
379.8
381.3
381.6
381.6
381.6
381.6
381.6
381.6
381.6
381.6
381.6
381.6
381.6
381.6
381.6
381.6
381.6
381.6
381.6
381.6
381.6
381.6
381.6
381.6
381.6
381.6
381.6
381.6
381.6
381.6
381.6
381.6
381.6
381.6
381.6
381.6
381.6
381.6
381.6
381.6
381.6
381.6
381.6
381.6
381.6
381.6
381.6
381.6
381.6
381.6
381.6
381.6
381.6
381.6
381.6
381.6
381.6
381.6
381.6
381.6
381.6
381.6
381.6
381.6
381.6
381.6
381.6
381.6
381.6
381.6
381.6
381.6
381.6
381.6
381.6
381.6
381.6
381.6
381.6
381.6
381.6
381.6
381.6
381.6
381.6
381.6
381.6
381.6
381.6
381.6
381.6
381.6
381.6
381.6
381.6
381.6
381.6
381.6
381.6
381.6
381.6
381.6
381.6
381.6
381.6
381.6
381.6
381.6
381.6
381.6
381.6
381.6
381.6
381.6
381.6
381.6
381.6
381.6
381.6
381.6
381.6
381.6
381.6
381.7
381.7
381.8
381.8
381.8
381.8
382.2
383.2
385.5
388.4
390
392.7
394.5
394.9
394.9
394.9
394.9
394.9
394.9
394.9
394.9
394.9
395
395
395
395
395
395
395
395
395
395
395
395
395
395
395
395
395
395
395
395
395
395
395
395
395
395
395
395
395
395
395
395
395
395
395
395
395
395
395
395
395
395
395
395
395
395
395
395
395
395
395
395
395
395
395
395
395
395
395
395
395
395
395
395
395
395
395
395
395
395
395
395
395
395
395
395
395
395
395
395
395
395
395
395
395
395
395
395
395
395
395
395
395
395
395
395
395
395
395
395
395
395
395
395
395
395
395
395
395
395
395
395
395
395
395
395
395
395
395
395
395
395
395
395
395
395
395
395
395
395
395
395
395
395
395
395
395
395
395
395
395
395
395
395
395
395
395
395
395
395
395
395
395
395
395
395
395
395
395
395
395
395
395
395
395
395
395
395
395
395
395
395
395
395
395
395
395
395
395
395
395
395
395
395
395
395
395
395
395
395
395
395
395
395
395
395
395
395
395
395
395
395
395
395
395
395
395
395
395
395
395
395
395
395
395
395
395
395
395
395
395
395
395
395
395
395
395
395
395
395
395
395
395
395
395
395
395
395
395
395
395
395
395
395
395
395
395
395
395
395
395
395
395
395
395
395
395
395
395
395
395
395
395
395
395
395
395
395
395
395
395
395
395
395
395
395
395
395
395
395
395
395
395
395
395
395
395
395
395
395
395
395
395
395
395
395
395
395
395
395
395
395
395
395
395
395
395
395
395
395
395
395
395
395
395
395
395
395
395
395
395
395
395
395
395
395
395
395
395
395
395
395
395
395
395
395
395.4
396.7
397.2
397.3
397.3
397.3
397.3
397.4
397.4
397.4
397.4
397.4
397.4
397.4
397.4
397.4
397.4
397.5
397.5
397.5
397.5
397.5
397.5
397.6
397.6
397.6
397.6
397.6
397.6
397.6
397.6
397.6
397.6
397.6
397.6
397.6
397.6
397.6
397.6
397.6
397.6
397.6
397.6
397.6
397.6
397.6
397.6
397.6
397.6
397.6
397.6
397.6
397.6
397.6
397.6
397.6
397.6
397.6
397.6
397.6
397.6
397.6
397.6
397.6
397.6
397.6
397.6
397.6
397.6
397.6
397.6
397.6
397.6
397.6
397.6
397.6
397.6
397.6
397.6
397.6
397.6
397.6
397.6
397.6
397.6
397.6
397.6
397.6
397.6
397.6
397.6
397.6
397.6
397.6
397.6
397.6
397.6
397.8
397.8
397.8
397.8
397.8
398
398
398
398
398
398
398.3
399.3
399.9
400.6
401
401.5
401.9
402.2
402.8
403.8
404.4
404.9
405.2
405.2
405.2
405.2
405.2
405.2
405.2
405.2
405.2
405.2
405.2
405.2
405.2
405.2
405.2
405.2
405.2
405.2
405.2
405.2
405.2
405.2
405.2
405.2
405.2
405.2
405.2
405.2
405.2
405.2
405.2
405.3
405.5
405.6
405.8
406
406.1
406.1
406.1
406.2
406.2
406.2
406.2
406.2
406.2
406.2
406.2
406.2
406.2
406.2
406.2
406.2
406.2
406.2
406.2
406.2
406.2
406.2
406.2
406.2
406.2
406.2
406.2
406.2
406.2
406.2
406.2
406.2
406.2
406.2
406.2
406.2
406.2
406.2
406.2
406.2
406.2
406.2
406.2
406.2
406.2
406.2
406.2
406.2
406.2
406.2
406.2
406.2
406.2
406.2
406.2
406.2
406.2
406.2
406.2
406.2
406.2
406.2
406.2
406.2
406.2
406.2
406.2
406.2
406.2
406.2
406.2
406.2
406.2
406.2
406.2
406.2
406.2
406.2
406.2
406.2
406.2
406.2
406.2
406.2
406.2
406.2
406.2
406.2
406.2
406.2
406.2
406.2
406.2
406.2
406.2
406.2
406.2
406.2
406.2
406.2
406.2
406.2
406.2
406.2
406.2
406.2
406.2
406.2
406.2
406.2
406.2
406.2
406.2
406.2
406.2
406.2
406.2
406.2
406.2
406.2
406.2
406.2
406.2
406.2
406.2
406.2
406.2
406.2
406.2
406.2
406.2
406.2
406.2
406.2
406.2
406.3
406.3
406.3
406.3
406.3
406.3
406.3
406.3
406.3
406.3
406.3
406.3
406.3
406.4
406.4
406.4
406.5
406.5
406.5
406.7
407.6
408.4
409.2
409.3
409.3
409.4
409.4
409.4
409.4
409.4
409.4
409.4
409.4
409.4
409.4
409.4
409.4
409.4
409.4
409.4
409.4
409.4
409.4
409.4
409.4
409.4
409.4
409.4
409.4
409.4
409.4
409.4
409.4
409.4
409.4
409.4
409.4
409.4
409.4
409.4
409.4
409.4
409.4
409.4
409.4
409.4
409.4
409.4
409.4
409.4
409.4
409.4
409.4
409.4
409.4
409.4
409.4
409.4
409.4
409.4
409.4
409.4
409.4
409.4
409.4
409.4
409.4
409.4
409.4
409.4
409.4
409.4
409.4
409.4
409.4
409.4
409.4
409.4
409.4
409.4
409.4
409.4
409.4
409.4
409.4
409.4
409.4
409.4
409.4
409.4
409.4
409.4
409.4
409.4
409.4
409.4
409.4
409.4
409.4
409.4
409.4
409.4
409.4
409.4
409.4
409.4
409.4
409.4
409.4
409.5
409.9
410.1
410.2
410.2
410.3
410.9
411.9
411.9
412
412
412
412
412
412
412
412
412
412
412.1
412.1
412.1
412.1
412.1
412.2
412.3
412.5
412.5
412.5
412.5
412.5
412.5
412.5
412.6
412.9
412.9
412.9
412.9
412.9
412.9
412.9
412.9
412.9
412.9
412.9
412.9
412.9
412.9
412.9
412.9
412.9
412.9
412.9
412.9
412.9
412.9
412.9
412.9
412.9
412.9
412.9
412.9
412.9
412.9
412.9
412.9
412.9
412.9
412.9
412.9
412.9
412.9
412.9
412.9
412.9
412.9
412.9
412.9
412.9
412.9
412.9
412.9
412.9
412.9
412.9
412.9
412.9
412.9
412.9
412.9
412.9
412.9
412.9
412.9
412.9
412.9
412.9
412.9
412.9
412.9
412.9
412.9
412.9
412.9
412.9
412.9
412.9
412.9
412.9
412.9
412.9
413.1
413.6
413.9
414
414
414
414
414.1
414.1
414.1
414.1
414.1
414.1
414.1
414.1
414.1
414.1
414.1
414.1
414.1
414.1
414.1
414.1
414.1
414.1
414.1
414.1
414.1
414.1
414.1
414.1
414.1
414.1
414.1
414.1
414.1
414.1
414.1
414.1
414.1
414.1
414.1
414.1
414.1
414.1
414.1
414.1
414.1
414.1
414.1
414.1
414.1
414.1
414.1
414.1
414.1
414.1
414.1
414.1
414.1
414.1
414.1
414.1
414.1
414.1
414.1
414.1
414.1
414.1
414.1
414.1
414.1
414.1
414.1
414.1
414.1
414.1
414.1
414.1
414.1
414.1
414.1
414.1
414.1
414.1
414.1
414.1
414.1
414.1
414.1
414.1
414.1
414.1
414.1
414.1
414.1
414.1
414.1
414.1
414.1
414.1
414.1
414.1
414.1
414.1
414.1
414.1
414.1
414.1
414.1
414.1
414.1
414.1
414.1
414.1
414.1
414.1
414.1
414.1
414.1
414.1
414.1
414.1
414.1
414.1
414.1
414.1
414.1
414.1
414.1
414.1
414.1
414.1
414.1
414.1
414.1
414.1
414.1
414.1
414.1
414.1
414.1
414.1
414.1
414.1
414.1
414.1
414.1
414.1
414.1
414.1
414.1
414.1
414.1
414.1
414.1
414.1
414.1
414.1
414.1
414.1
414.1
414.1
414.1
414.1
414.1
414.1
414.1
414.1
414.1
414.1
414.1
414.1
414.1
414.1
414.1
414.1
414.1
414.1
414.1
414.1
414.1
414.1
414.1
414.1
414.1
414.1
414.1
414.1
414.1
414.1
414.1
414.1
414.1
414.1
414.1
414.1
414.1
414.1
414.1
414.1
414.1
414.1
414.1
414.1
414.1
414.1
414.1
414.1
414.1
414.1
414.1
414.1
414.1
414.1
414.1
414.1
414.1
414.1
414.1
414.1
414.1
414.1
414.1
414.1
414.1
414.1
414.1
414.1
414.1
414.1
414.1
414.1
414.1
414.1
414.1
414.1
414.1
414.1
414.1
414.1
414.1
414.1
414.1
414.1
414.1
414.1
414.1
414.1
414.1
414.1
414.1
414.1
414.1
414.1
414.1
414.1
414.1
414.1
414.1
414.1
414.1
414.1
414.1
414.1
414.1
414.1
414.1
414.1
414.1
414.1
414.1
414.1
414.1
414.1
414.1
414.1
414.1
414.1
414.1
414.1
414.1
414.1
414.1
414.1
414.1
414.1
414.1
414.1
414.1
414.1
414.1
414.1
414.1
414.1
414.1
414.1
414.1
414.1
414.1
414.1
414.1
414.1
414.1
414.1
414.1
414.1
414.1
414.1
414.1
414.1
414.1
414.1
414.1
414.1
414.1
414.1
414.1
414.1
414.1
414.1
414.1
414.1
414.1
414.1
414.1
414.1
414.1
414.1
414.1
414.1
414.1
414.1
414.1
414.1
414.1
414.1
414.1
414.1
414.1
414.1
414.1
414.1
414.1
414.1
414.1
414.1
414.1
414.1
414.1
414.1
414.1
414.1
414.1
414.1
414.1
414.1
414.1
414.1
414.1
414.1
414.1
414.1
414.1
414.1
414.1
414.1
414.1
414.1
414.1
414.1
414.1
414.1
414.1
414.1
414.1
414.1
414.1
414.1
414.1
414.1
414.1
414.1
414.1
414.1
414.1
414.1
414.1
414.1
414.1
414.1
414.1
414.1
414.1
414.1
414.1
414.1
414.1
414.1
414.1
414.1
414.1
414.1
414.1
414.1
414.1
414.1
414.1
414.1
414.1
414.1
414.1
414.1
414.1
414.1
414.1
414.1
414.1
414.1
414.1
414.1
414.1
414.1
414.1
414.1
414.1
414.1
414.1
414.1
414.1
414.1
414.1
414.1
414.1
414.1
414.1
414.1
414.1
414.1
414.1
414.1
414.1
414.1
414.1
414.1
414.1
414.1
414.1
414.1
414.1
414.1
414.1
414.1
414.1
414.1
414.1
414.1
414.1
414.1
414.1
414.1
414.1
414.1
414.1
414.1
414.1
414.1
414.1
414.1
414.1
414.1
414.1
414.1
414.1
414.1
414.1
414.1
414.1
414.1
414.1
414.1
414.1
414.1
414.1
414.1
414.1
414.1
414.1
414.1
414.1
414.1
414.1
414.1
414.1
414.1
414.1
414.1
414.1
414.1
414.1
414.1
414.1
414.1
414.1
414.1
414.1
414.1
414.1
414.1
414.1
414.1
414.1
414.1
414.1
414.1
414.1
414.1
414.1
414.1
414.1
414.1
414.1
414.1
414.1
414.1
414.1
414.1
414.1
414.1
414.1
414.1
414.1
414.1
414.1
414.1
414.1
414.1
414.1
414.1
414.1
414.1
414.1
414.1
414.1
414.1
414.1
414.1
414.1
414.1
414.1
414.1
414.1
414.1
414.1
414.1
414.1
414.1
414.1
414.1
414.1
414.1
414.1
414.1
414.1
414.1
414.1
414.1
414.1
414.1
414.1
414.1
414.1
414.1
414.1
414.1
414.1
414.1
414.1
414.1
414.1
414.1
414.1
414.1
414.1
414.1
414.1
414.1
414.1
414.1
414.1
414.1
414.1
414.1
414.1
414.1
414.1
414.1
414.1
414.1
414.1
414.1
414.1
414.1
414.1
414.1
414.1
414.1
414.1
414.1
414.1
414.1
414.1
414.1
414.1
414.1
414.1
414.1
414.1
414.1
414.1
414.1
414.1
414.1
414.1
414.1
414.1
414.1
414.1
414.1
414.1
414.1
414.1
414.1
414.1
414.1
414.1
414.1
414.1
414.1
414.1
414.1
414.1
414.1
414.1
414.1
414.1
414.1
414.1
414.1
414.1
414.1
414.1
414.1
414.1
414.1
414.1
414.1
414.1
414.1
414.1
414.1
414.1
414.1
414.1
414.1
414.1
414.1
414.1
414.1
414.1
414.1
414.1
414.1
414.1
414.1
414.1
414.1
414.1
414.1
414.1
414.1
414.1
414.1
414.1
414.1
414.1
414.1
414.1
414.1
414.1
414.1
414.1
414.1
414.1
414.1
414.1
414.1
414.1
414.1
414.1
414.1
414.1
414.1
414.1
414.1
414.1
414.1
414.1
414.1
414.1
414.1
414.1
414.1
414.1
414.1
414.1
414.1
414.1
414.1
414.1
414.1
414.1
414.1
414.1
414.1
414.1
414.1
414.1
414.1
414.1
414.1
414.1
414.1
414.1
414.1
414.1
414.1
414.1
414.1
414.1
414.1
414.1
414.1
414.1
414.1
414.1
414.1
414.1
414.1
414.1
414.1
414.1
414.1
414.1
414.1
414.1
414.1
414.1
414.1
414.1
414.1
414.1
414.1
414.1
414.1
414.1
414.1
414.1
414.1
414.1
414.1
414.1
414.1
414.1
414.1
414.1
414.1
414.1
414.1
414.1
414.1
414.1
414.1
414.1
414.1
414.1
414.1
414.1
414.1
414.1
414.1
414.1
414.1
414.1
414.1
414.1
414.1
414.1
414.1
414.1
414.1
414.1
414.1
414.1
414.1
414.1
414.1
414.1
414.1
414.1
414.1
414.1
414.1
414.1
414.1
414.1
414.1
414.1
414.1
414.1
414.1
414.1
414.1
414.1
414.1
414.1
414.1
414.1
414.1
414.1
414.1
414.1
414.1
414.1
414.1
414.1
414.1
414.1
414.1
414.1
414.1
414.1
414.2
414.5
414.6
414.6
414.6
414.7
414.7
414.7
414.7
415
415.4
415.4
415.4
415.5
415.5
415.5
415.5
415.5
415.5
415.5
416.2
418.1
418.2
418.7
419.8
420
420.1
420.1
420.3
421.4
421.7
422.8
423.9
424.1
424.6
424.8
424.8
424.9
424.9
424.9
424.9
424.9
425
425
425
425
425
425
425
425
425
425
425
425
425
425
425
425
425
425
425
425.1
425.8
426.1
426.1
426.1
426.1
426.1
426.1
426.4
426.4
426.5
426.5
426.5
426.5
426.5
426.5
426.5
426.5
426.5
428.3
429.2
429.5
429.5
430.7
432.4
432.5
432.5
432.5
432.9
433
433
433
433
433
433
433
433
433
433
433
433
433
433
433
433
433
433
433
433
433
433
433
433
433
