1	94.6
2	107.2
3	97.4
4	104.5
5	123.3
6	96.6
7	115.5
8	113.4
9	126.2
10	115.1
11	120.6
12	132.8
13	148.1
14	160.3
15	170.7
16	161
17	162.2
18	168.7
19	123.7
20	118.4
21	108.9
22	129.9
23	114.5
24	109.3
25	114.4
26	132.8
27	130.3
28	103
29	104.6
30	98.2
31	94.6
32	103.1
33	99.9
34	102.3
35	102.2
36	116.7
37	116.1
38	116.6
39	99.5
40	109
41	123.4
42	120.6
43	148.8
44	169.5
45	182.7
46	183.3
47	182.6
48	189.4
49	291
50	296.6
51	295.5
52	292.1
53	296.8
54	283.3
55	317.4
56	22.5
57	23.5
58	6.3
59	53
60	180.6
61	161.6
62	219.8
63	211.5
64	200.2
65	202.7
66	124.4
67	180
68	10.9
69	68.5
70	80.9
71	75.2
72	82
73	149.4
74	169.8
75	75.9
76	100
77	98.2
78	95.7
79	98.3
80	98.7
81	91.7
82	94.6
83	117.6
84	124.9
85	141.5
86	140.1
87	142.8
88	131.5
89	140.5
90	118.1
91	90.7
92	98.2
93	167
94	112.6
95	111.2
96	126.5
97	126.9
98	166.9
99	188.6
100	181.6
101	180.7
102	159.9
103	176.3
104	225.5
105	281.1
106	295.8
107	292.8
108	276.9
109	258.8
110	266.1
111	262.5
112	263.7
113	267.4
114	300.9
115	306.3
116	353.9
117	0.3
118	24.9
119	47.1
120	44.8
121	17.8
122	15
123	4.2
124	342.3
125	309.9
126	313.5
127	347.8
128	313
129	288
130	284.9
131	207.5
132	186.7
133	186.6
134	184
135	194.5
136	173.8
137	157.5
138	331.5
139	18.2
140	278.5
141	345.7
142	262.6
143	272.1
144	271.4
145	287.1
146	287.6
147	347.9
148	296.5
149	282.9
150	305.7
151	305.4
152	314.4
153	299.4
154	334.3
155	16.5
156	19.7
157	12.9
158	331.4
159	304.5
160	285.4
161	282.3
162	281.1
163	280
164	12.6
165	26.6
166	23.1
167	333.4
168	297.9
169	301.8
170	319.4
171	337.6
172	304.3
173	286.3
174	304.8
175	318.2
176	319.3
177	258.5
178	258.3
179	204.4
180	290.7
181	294.7
182	299.1
183	178.9
184	180.2
185	176.8
186	247.6
187	264.2
188	347.7
189	263.9
190	274.3
191	275.9
192	333.3
193	297.5
194	357
195	299
196	291.9
197	300.6
198	303.7
199	300
200	325.1
201	288
202	277.4
203	124.5
204	145.2
205	188
206	156.1
207	158.9
208	153.6
209	182.7
210	191.8
211	29
212	67.4
213	106.5
214	264
215	119.5
216	98.3
217	96.7
218	86
219	121.2
220	112.8
221	151.1
222	164.3
223	91.7
224	97.6
225	112.5
226	266.5
227	280.1
228	265.2
229	257.1
230	216
231	259.6
232	280.3
233	278.5
234	282.8
235	314.9
236	293.2
237	316
238	349.6
239	354.3
240	354.9
241	311.8
242	295.2
243	288.4
244	40.8
245	40.2
246	31
247	35.5
248	298.7
249	277.3
250	301.6
251	310.2
252	142.6
253	198.9
254	206.8
255	185
256	174.2
257	179.8
258	175.1
259	256
260	0
261	198.3
262	298.3
263	338.7
264	214.3
265	19.7
266	35.8
267	170.2
268	274.7
269	283.9
270	295
271	297.8
272	325
273	301.8
274	283
275	213.7
276	182.6
277	208.8
278	189.2
279	174.3
280	156.4
281	178.4
282	160.5
283	66.2
284	21.2
285	73.8
286	20.3
287	34.5
288	277.5
289	337.3
290	332
291	323.6
292	281.3
293	295.2
294	301.8
295	286.6
296	306.5
297	291
298	300.6
299	160.8
300	165.5
301	206.6
302	170.1
303	166.1
304	202.4
305	276
306	282.2
307	315.5
308	273.6
309	53.1
310	85.7
311	85.9
312	85.7
313	90.4
314	86.2
315	89.1
316	75.6
317	99.3
318	124.1
319	98.2
320	134.5
321	101.7
322	101.2
323	132.2
324	117.4
325	152.5
326	156.5
327	172.7
328	160
329	159.7
330	178.4
331	179.5
332	176.1
333	193
334	203
335	191.3
336	81.6
337	73.7
338	170.9
339	134.5
340	289.1
341	287.2
342	1
343	344.1
344	323.9
345	13.2
346	18.2
347	339.2
348	284.9
349	280.7
350	274
351	256.5
352	247.1
353	248
354	245.5
355	262.5
356	317.1
357	35
358	29.7
359	29
360	299.8
361	252
362	243.5
363	247.3
364	242.7
365	251.3
366	250.5
367	247.1
368	236
369	243.5
370	230.5
371	233.6
372	236.4
373	215.1
374	205.2
375	225.7
376	218.1
377	216
378	150
379	268.7
380	318.4
381	8.1
382	328.2
383	269.8
384	153.1
385	145.6
386	159.8
387	176.1
388	157.5
389	162.6
390	159.5
391	167.8
392	158.2
393	131.9
394	105.5
395	149.6
396	152.7
397	148
398	155.3
399	142.7
400	135.2
401	157.7
402	156.3
403	162.4
404	154.4
405	167.4
406	120.4
407	112.3
408	93.4
409	93.1
410	83.6
411	94.2
412	100.6
413	99.5
414	90.4
415	143.9
416	159.9
417	148.6
418	141.8
419	139.1
420	129.3
421	148.4
422	151.4
423	158.3
424	185.4
425	189.6
426	171
427	216.5
428	229
429	232.8
430	197.5
431	220.5
432	218.4
433	203.3
434	222.6
435	228.4
436	128.5
437	237.7
438	202.1
439	227.8
440	218.6
441	178.2
442	167.3
443	196.6
444	201.9
445	206.8
446	190.1
447	192.1
448	193.3
449	198.4
450	198.9
451	187.8
452	214.5
453	242.8
454	256.9
455	260.2
456	216.4
457	264.4
458	270.1
459	280.6
460	287.5
461	284.7
462	292.2
463	293.6
464	294.4
465	293.6
466	296
467	297.9
468	56
469	161.4
470	166.5
471	151
472	107.4
473	110.4
474	141.4
475	175.3
476	134.5
477	152.4
478	140.1
479	136.1
480	139.7
481	143.8
482	143.4
483	125.1
484	130.2
485	152.3
486	151.7
487	186.9
488	202.1
489	198.2
490	204.7
491	207.8
492	183
493	239.7
494	252.7
495	268.2
496	284.9
497	279.4
498	276
499	273.4
500	270.1
501	278.2
502	276.4
503	271.6
504	263
505	293.8
506	278.6
507	275.1
508	271.5
509	260.3
510	269.1
511	286.4
512	357.1
513	330.1
514	16.2
515	116.9
516	157.2
517	126.2
518	110.8
519	104.3
520	93.8
521	102.5
522	106
523	95.2
524	102.8
525	107.6
526	98.4
527	97.8
528	97.8
529	101.2
530	99.7
531	103.1
532	97.6
533	106.8
534	112.2
535	108.1
536	102.5
537	108.7
538	111.7
539	115
540	84.7
541	267.6
542	286
543	315.8
544	314.2
545	320.1
546	303.5
547	325.4
548	331.5
549	10.7
550	339.8
551	322.6
552	325
553	320.2
554	327.7
555	309.9
556	314.6
557	299.1
558	311.7
559	304.6
560	300.3
561	309.4
562	327.5
563	357.2
564	176.8
565	119.2
566	92.6
567	100.5
568	100.1
569	113.7
570	115
571	101.4
572	104.2
573	97.3
574	94.9
575	91.7
576	91.9
577	97.1
578	104.4
579	110.6
580	154.1
581	165.3
582	150.4
583	190.2
584	190.9
585	234.2
586	277
587	276.1
588	278.9
589	263.9
590	263.3
591	270.3
592	271.6
593	263
594	278.8
595	285.3
596	292.3
597	291.6
598	305.9
599	313.6
600	303
601	48.7
602	142.3
603	249.9
604	189.7
605	192.8
606	185.3
607	159.3
608	165.5
609	172
610	295.1
611	282
612	287.9
613	274.7
614	259.3
615	266.1
616	278.4
617	301.3
618	300.3
619	307.9
620	282.4
621	293.1
622	295.9
623	301.8
624	311.6
625	314
626	316.3
627	349.2
628	310.7
629	3.3
630	309.5
631	29
632	49.9
633	31.3
634	17.8
635	349.7
636	325.7
637	284.3
638	212.7
639	252.3
640	259.2
641	205.4
642	164.7
643	30.9
644	304.7
645	304.8
646	299.4
647	302.7
648	302.5
649	297.1
650	303.7
651	303
652	309.8
653	301.9
654	338.3
655	314.4
656	292.4
657	299.2
658	305.4
659	310.9
660	272.8
661	247.9
662	228.2
663	224.6
664	242.4
665	225.6
666	280.2
667	302.5
668	320.9
669	326.1
670	310.6
671	307.8
672	309.3
673	305.4
674	313.8
675	324.8
676	326.3
677	76.2
678	98.8
679	104.1
680	109.5
681	101.5
682	132.7
683	138.4
684	122.7
685	117
686	108.7
687	133.8
688	181.3
689	183.7
690	137.9
691	131.1
692	98.8
693	102.9
694	106.8
695	116.3
696	164.9
697	151.7
698	139.7
699	185.1
700	86.5
701	211.8
702	192.9
703	215.5
704	240.3
705	253.1
706	258.4
707	259.7
708	251.6
709	251.7
710	255
711	246.6
712	250.9
713	303.8
714	302.2
715	13.1
716	337.1
717	324.9
718	311.6
719	294
720	300
721	332.9
722	311.1
723	4.8
724	16
725	51.5
726	46.2
727	52.3
728	24.4
729	71.1
730	115.3
731	176.6
732	132.8
733	142.4
734	222.6
735	221.9
736	205.8
737	195.9
738	201.2
739	210
740	297.8
741	13.3
742	37.9
743	3.1
744	87.3
745	90.8
746	89.2
747	83.1
748	93.8
749	81.7
750	89.4
751	117.8
752	95.9
753	81.5
754	143.3
755	204.7
756	183.8
757	184.5
758	182.6
759	198.4
760	210.9
761	248.4
762	269.3
763	288.6
764	280.2
765	312.4
766	301.7
767	297.3
768	283.4
769	297.4
770	297.7
771	297.1
772	305.8
773	307.9
774	310.4
775	25.2
776	332.6
777	332.3
778	352.5
779	355
780	344.5
781	280.3
782	275.1
783	231
784	228.7
785	336.3
786	304.5
787	308.3
788	304.7
789	298.7
790	313.3
791	309.7
792	303.5
793	48.2
794	31.3
795	60.3
796	92.1
797	81.1
798	81.5
799	106.9
800	111.3
801	73.5
802	300.9
803	260.4
804	217.4
805	195.2
806	224.9
807	202.7
808	203.1
809	204.6
810	198
811	247.5
812	103.2
813	142.4
814	122.9
815	107
816	114.1
817	160.1
818	130.1
819	123.1
820	143.4
821	193.1
822	306.2
823	270.1
824	284.1
825	127.8
826	144.5
827	144
828	124.3
829	164.2
830	224.7
831	215.2
832	216.3
833	200.8
834	188.9
835	190.3
836	168.2
837	184.8
838	49.8
839	177.7
840	300.8
841	309.6
842	13.1
843	301.4
844	50.8
845	318.7
846	287.9
847	294.6
848	288.5
849	304
850	324
851	253.5
852	249.8
853	241.8
854	224.5
855	225.1
856	225
857	226.6
858	233.9
859	274
860	316.4
861	307.1
862	295.3
863	316.5
864	273.1
865	307.7
866	293.4
867	300
868	302.6
869	300.5
870	329.8
871	6.8
872	246.7
873	256.6
874	100.5
875	158.8
876	210.9
877	206.9
878	188.5
879	202.8
880	203.5
881	188.9
882	185.6
883	176.4
884	86.3
885	88.1
886	85.3
887	83.3
888	85.2
889	86.3
890	89.5
891	84.3
892	80.9
893	93.5
894	89.4
895	82.1
896	104.6
897	116.6
898	104.2
899	135.5
900	124
901	139.8
902	134.9
903	138.8
904	147.6
905	174.2
906	147.7
907	122.5
908	102.7
909	90.5
910	87.4
911	90.3
912	101
913	89.7
914	119.8
915	143.4
916	100.5
917	99.8
918	92.9
919	60.3
920	157.8
921	14.4
922	267.3
923	114.6
924	146.2
925	129.2
926	229.2
927	202.4
928	178.3
929	227.6
930	302.2
931	314.4
932	309.4
933	295.6
934	290.7
935	332.3
936	350.2
937	356.6
938	262.2
939	314.3
940	284.2
941	286.9
942	314.4
943	24
944	326.7
945	120.3
946	106.4
947	69.9
948	231.6
949	215.4
950	149.5
951	264.6
952	235.7
953	151.3
954	275.5
955	283.7
956	318.8
957	301
958	334.8
959	285
960	351.4
961	315.5
962	34.9
963	313.1
964	38.6
965	29.8
966	43.9
967	42.1
968	40.3
969	46.3
970	69.2
971	86.4
972	264.8
973	217.4
974	249.5
975	254.2
976	235.4
977	216
978	222.3
979	280.4
980	348.9
981	319.4
982	17.3
983	21.7
984	93
985	99.5
986	258.2
987	57.6
988	316.7
989	324.2
990	297.2
991	153.9
992	81.3
993	101.6
994	188.2
995	174.9
996	150.3
997	209.8
998	239
999	235.6
1000	258.1
1001	259.1
1002	274.9
1003	332.5
1004	355.4
1005	281.1
1006	274.3
1007	311.8
1008	287.6
1009	283.4
1010	284.8
1011	306.8
1012	300
1013	310.4
1014	337.9
1015	348.7
1016	355.4
1017	357.5
1018	349.4
1019	0.6
1020	354.1
1021	324.3
1022	324.7
1023	316.8
1024	315.4
1025	328.3
1026	315.2
1027	311.5
1028	49.5
1029	329.4
1030	330.7
1031	313.7
1032	305.9
1033	306.4
1034	310.8
1035	307.9
1036	314.1
1037	300.6
1038	297.4
1039	312.5
1040	320.6
1041	308.2
1042	306.7
1043	239
1044	236.9
1045	220.8
1046	213.9
1047	208.2
1048	14
1049	322.7
1050	320.4
1051	315.2
1052	342.1
1053	9.7
1054	19.5
1055	14.6
1056	3.4
1057	19.9
1058	22.6
1059	347.5
1060	14.5
1061	37.3
1062	342.4
1063	316.9
1064	320.8
1065	24.4
1066	52.1
1067	290
1068	271.2
1069	259.1
1070	254
1071	249.7
1072	239.3
1073	171.7
1074	173.3
1075	179.5
1076	288.5
1077	60.8
1078	82.1
1079	303.7
1080	44.1
1081	132.5
1082	6.5
1083	16.5
1084	21.2
1085	16.1
1086	12.2
1087	6.2
1088	358.7
1089	346.6
1090	352.7
1091	20.6
1092	359.7
1093	338.3
1094	334.9
1095	257.3
1096	271.2
1097	287.1
1098	302.5
1099	302.6
1100	323.3
1101	334.6
1102	4.1
1103	347.6
1104	24.6
1105	0.4
1106	307.5
1107	303.2
1108	308.8
1109	350.2
1110	1.2
1111	296.9
1112	308.7
1113	292.4
1114	314.3
1115	260.8
1116	194
1117	171.9
1118	198.6
1119	200.5
1120	191.2
1121	190.9
1122	247.3
1123	335.6
1124	337.2
1125	338.8
1126	316.8
1127	280.4
1128	335.6
1129	307.3
1130	307.8
1131	292
1132	293.8
1133	312
1134	310.6
1135	328.7
1136	300.9
1137	54.1
1138	279.1
1139	166.4
1140	199.3
1141	203.7
1142	214.6
1143	206.6
1144	208.9
1145	201.9
1146	185.7
1147	343.9
1148	35.8
1149	61.7
1150	100.1
1151	114.9
1152	97.2
1153	91.1
1154	81.1
1155	97
1156	128
1157	166.5
1158	177.6
1159	202.4
1160	255.8
1161	241.5
1162	253.9
1163	298.8
1164	276.3
1165	298.4
1166	288.7
1167	237.9
1168	250.8
1169	249.3
1170	270.6
1171	281.2
1172	328.7
1173	299.1
1174	301.8
1175	308.9
1176	318.5
1177	353.2
1178	326.5
1179	301.5
1180	289.3
1181	310.4
1182	300.2
1183	272.5
1184	10.8
1185	304.7
1186	299.7
1187	244.2
1188	190.7
1189	213.1
1190	253.8
1191	235.4
1192	233.7
1193	235.4
1194	280.6
1195	72.1
1196	3.7
1197	23.9
1198	350.5
1199	310.5
1200	36.7
1201	78.2
1202	87.8
1203	83.1
1204	73.2
1205	58
1206	102.7
1207	84.4
1208	99.8
1209	146.2
1210	92.2
1211	197.3
1212	186.1
1213	134.4
1214	164.3
1215	126.1
1216	119.2
1217	125.7
1218	156.5
1219	135
1220	259.8
1221	277.6
1222	267
1223	257.8
1224	251.9
1225	327.1
1226	260.5
1227	268.5
1228	264.9
1229	262.8
1230	267
1231	263
1232	264.7
1233	267.5
1234	272
1235	278.4
1236	281.7
1237	285.7
1238	284
1239	285.6
1240	290.6
1241	293
1242	302.5
1243	314.7
1244	304.4
1245	292.9
1246	292.5
1247	292.1
1248	279.6
1249	284
1250	285.8
1251	288.2
1252	286.6
1253	282
1254	273.3
1255	279.5
1256	278.3
1257	269.9
1258	260.4
1259	244.7
1260	238.1
1261	213.4
1262	236.4
1263	250
1264	274.5
1265	276.6
1266	276
1267	272
1268	314.7
1269	316
1270	294.2
1271	287.8
1272	282.1
1273	273.3
1274	280.7
1275	279.7
1276	291.4
1277	269.9
1278	268
1279	266.4
1280	274
1281	293.8
1282	326.1
1283	299.6
1284	298.6
1285	245.8
1286	246.3
1287	256.2
1288	257.4
1289	263.3
1290	270.7
1291	280.2
1292	280.2
1293	322
1294	30.6
1295	358.3
1296	314
1297	303.1
1298	304.9
1299	297.7
1300	302.7
1301	302.8
1302	316.9
1303	353.5
1304	340.1
1305	342.4
1306	64.1
1307	155.8
1308	207.3
1309	202.9
1310	199.6
1311	195.8
1312	152.7
1313	134.5
1314	115.2
1315	106.5
1316	99.9
1317	94.9
1318	104.4
1319	94.8
1320	89.9
1321	113.7
1322	149.9
1323	185.8
1324	162.1
1325	237.7
1326	232.2
1327	227.9
1328	213.6
1329	224.1
1330	219.9
1331	216.8
1332	224.1
1333	205.1
1334	202.6
1335	213.4
1336	228.7
1337	211.9
1338	246.2
1339	250.3
1340	253.8
1341	252.3
1342	253.5
1343	258.9
1344	256.9
1345	254.5
1346	263.3
1347	253.5
1348	251.2
1349	248.7
1350	245.5
1351	255.5
1352	257.4
1353	255.8
1354	164.6
1355	248.3
1356	185.1
1357	205.9
1358	186.6
1359	178.3
1360	182.4
1361	149.6
1362	123.6
1363	106.7
1364	94.8
1365	96.8
1366	95.6
1367	84.5
1368	60.5
1369	95
1370	53.5
1371	20.6
1372	47.6
1373	3.8
1374	0.7
1375	16.8
1376	12.3
1377	341.8
1378	353.7
1379	311.4
1380	308.8
1381	311.8
1382	322.6
1383	328.3
1384	321.7
1385	208.7
1386	202.9
1387	326
1388	327.2
1389	19.1
1390	7.9
1391	9.1
1392	310.6
1393	312.5
1394	307.2
1395	325.8
1396	306
1397	320.2
1398	302.7
1399	319.8
1400	333.3
1401	295.9
1402	269.6
1403	246.3
1404	246.1
1405	222.9
1406	206.1
1407	187.8
1408	215
1409	175.9
1410	174
1411	126.6
1412	129.3
1413	140.1
1414	137.6
1415	163.5
1416	161.5
1417	134.4
1418	115.4
1419	111.3
1420	108.3
1421	102.2
1422	151.1
1423	158.4
1424	160.1
1425	160.9
1426	232.3
1427	244.7
1428	236.5
1429	228.4
1430	206.9
1431	195.8
1432	269.2
1433	210.4
1434	245.6
1435	179.6
1436	170.1
1437	237.7
1438	227
1439	194.9
1440	244.7
1441	216.9
1442	143.7
1443	169.2
1444	169.4
1445	216.6
1446	207.9
1447	229.6
1448	277.8
1449	212.2
1450	160.9
1451	159.9
1452	163.8
1453	174.4
1454	194.2
1455	231
1456	252.7
1457	268.7
1458	282.5
1459	275.9
1460	278.6
1461	281.1
1462	290.5
1463	296.2
1464	292.3
1465	291.1
1466	288.4
1467	286.5
1468	301.2
1469	291.5
1470	291.1
1471	289.5
1472	296.3
1473	290.9
1474	293.4
1475	237
1476	233.4
1477	188.9
1478	214.3
1479	231.2
1480	250.2
1481	244.1
1482	275.9
1483	312.7
1484	296
1485	294.3
1486	285.6
1487	254.6
1488	245.7
1489	255.7
1490	260.6
1491	264.4
1492	268.4
1493	260.6
1494	267.3
1495	267.8
1496	291.1
1497	282.8
1498	283.8
1499	254.7
1500	249
1501	246.8
1502	249.5
1503	247.7
1504	238.5
1505	254.2
1506	272.8
1507	292.7
1508	297.6
1509	294.8
1510	293.1
1511	279.1
1512	289
1513	289.8
1514	287.6
1515	294.4
1516	294.3
1517	301.2
1518	301.9
1519	301.6
1520	303.8
1521	307
1522	112.6
1523	163.6
1524	186
1525	205.5
1526	195.7
1527	201.9
1528	201
1529	199.3
1530	186.1
1531	155.6
1532	91.4
1533	83.8
1534	93.6
1535	92.4
1536	84.6
1537	91.6
1538	95.8
1539	97.6
1540	113.2
1541	133.7
1542	160.8
1543	173.6
1544	182.3
1545	189.8
1546	182.1
1547	207.5
1548	198
1549	195.3
1550	188.8
1551	189.2
1552	181.3
1553	185
1554	181.4
1555	190.5
1556	92.2
1557	114.6
1558	132.8
1559	131
1560	112.1
1561	255.2
1562	259.7
1563	237.3
1564	272.4
1565	316.5
1566	294.3
1567	264.3
1568	253.9
1569	307.7
1570	331.6
1571	245.5
1572	255.9
1573	250.6
1574	235.3
1575	243.2
1576	275.6
1577	246.8
1578	263.2
1579	253.5
1580	250.7
1581	263
1582	276.2
1583	315.9
1584	24.8
1585	42.6
1586	30.2
1587	293.3
1588	21.3
1589	49.2
1590	199.4
1591	226.8
1592	269.7
1593	267.7
1594	296.2
1595	256
1596	266
1597	292.1
1598	280.4
1599	272.9
1600	295.7
1601	267.9
1602	258.6
1603	262.6
1604	270.8
1605	317.6
1606	343.2
1607	14
1608	30
1609	49.1
1610	339.9
1611	307.5
1612	304.1
1613	292.3
1614	299.2
1615	284.8
1616	318.3
1617	41.9
1618	261.5
1619	183.5
1620	183.4
1621	215.2
1622	194.3
1623	193.9
1624	184.8
1625	189.6
1626	188.6
1627	193.5
1628	107.3
1629	110.3
1630	96.2
1631	91.3
1632	96.2
1633	90.2
1634	96.5
1635	106.7
1636	96.5
1637	92.2
1638	90.4
1639	81.7
1640	87.8
1641	97.8
1642	108.9
1643	129.7
1644	127.3
1645	130.2
1646	151.1
1647	169.2
1648	167.2
1649	178.8
1650	165.8
1651	122.4
1652	107.5
1653	88.6
1654	92.4
1655	83.2
1656	81.8
1657	77.3
1658	79.4
1659	85.9
1660	86.2
1661	88.4
1662	103
1663	163.5
1664	171.9
1665	170.4
1666	164.5
1667	159.1
1668	189.7
1669	192.4
1670	184.5
1671	189.5
1672	181.2
1673	177.7
1674	179.4
1675	159.4
1676	157.8
1677	164.8
1678	146.5
1679	159.8
1680	174.6
1681	178
1682	173.7
1683	177
1684	177.7
1685	175.2
1686	182.4
1687	164.6
1688	174.7
1689	113.1
1690	153.6
1691	160.6
1692	160.9
1693	135.6
1694	147.2
1695	149.1
1696	234.4
1697	248.4
1698	310.5
1699	339.2
1700	296.8
1701	248.3
1702	248.7
1703	243.3
1704	340.5
1705	23.5
1706	27.3
1707	48.7
1708	36.7
1709	43.4
1710	81.5
1711	85.7
1712	86
1713	117.9
1714	118.8
1715	129.3
1716	130.7
1717	126.4
1718	110
1719	103.7
1720	103
1721	106.5
1722	111
1723	106
1724	116.4
1725	127.7
1726	120.2
1727	152.3
1728	144.1
1729	156.5
1730	159.8
1731	157.9
1732	156.4
1733	160.8
1734	167.8
1735	151.6
1736	159.6
1737	151.5
1738	156.3
1739	146.6
1740	150.1
1741	141.7
1742	103
1743	221.8
1744	271.8
1745	20.7
1746	24
1747	307.2
1748	350.1
1749	47.7
1750	65
1751	93.2
1752	292
1753	105.2
1754	60.3
1755	85.7
1756	117.1
1757	134.3
1758	145.6
1759	145.6
1760	159.7
1761	163
1762	187.8
1763	257
1764	277.8
1765	333
1766	136.7
1767	142.1
1768	175.3
1769	184.7
1770	187.4
1771	236.3
1772	282.9
1773	159.2
1774	172.6
1775	237.5
1776	51.8
1777	44
1778	98.1
1779	148.7
1780	93
1781	135.8
1782	161
1783	155.9
1784	167.3
1785	159.1
1786	171.9
1787	146
1788	119
1789	113.4
1790	120.4
1791	127.5
1792	127.4
1793	111.3
1794	117.1
1795	102.7
1796	102.2
1797	116.8
1798	143.4
1799	159.4
1800	160.3
1801	119.4
1802	96.9
1803	186.5
1804	161.5
1805	112.3
1806	99.1
1807	104.9
1808	223.1
1809	236.3
1810	261.1
1811	249.1
1812	266.9
1813	275.7
1814	211.6
1815	168.7
1816	112.9
1817	91.4
1818	80.3
1819	82.4
1820	95.9
1821	73.9
1822	83.8
1823	91.3
1824	82.6
1825	82.3
1826	74.7
1827	84.2
1828	96.6
1829	154
1830	197.3
1831	258.5
1832	257.8
1833	272.2
1834	289.3
1835	282.3
1836	265.1
1837	285.7
1838	238.6
1839	51
1840	162.1
1841	201.4
1842	278.5
1843	17.2
1844	311.5
1845	4
1846	17.1
1847	29.3
1848	324.2
1849	344.6
1850	88.3
1851	83
1852	269.4
1853	42.6
1854	319.6
1855	149.3
1856	117.8
1857	346.3
1858	245.1
1859	175
1860	152.3
1861	179.6
1862	199.7
1863	229.6
1864	136.1
1865	228.8
1866	239.1
1867	283.3
1868	291.9
1869	288.3
1870	294
1871	289.8
1872	306.1
1873	294.3
1874	316.2
1875	316.1
1876	306.8
1877	293.8
1878	294.1
1879	290.4
1880	288.9
1881	258
1882	245.9
1883	245.7
1884	250.9
1885	244.2
1886	193.3
1887	226.7
1888	220.5
1889	174
1890	230.9
1891	246.6
1892	281.8
1893	293.8
1894	324
1895	24.4
1896	336.4
1897	275.8
1898	65
1899	113
1900	81.1
1901	83
1902	86
1903	80.6
1904	155.4
1905	108.6
1906	92.3
1907	81
1908	77.8
1909	79.6
1910	86.5
1911	86.3
1912	83.3
1913	89.8
1914	108.1
1915	112.7
1916	142.3
1917	143.3
1918	155.5
1919	161.4
1920	170.1
1921	170.4
1922	169
1923	180.6
1924	184
1925	184
1926	169.7
1927	174.6
1928	179.9
1929	185.6
1930	180
1931	179.4
1932	163.1
1933	182.2
1934	149.6
1935	149.5
1936	124.5
1937	117.6
1938	113.7
1939	90.3
1940	96.6
1941	92.3
1942	78.1
1943	81.2
1944	103.4
1945	114.2
1946	130.2
1947	144.8
1948	150.3
1949	156.8
1950	159.8
1951	161.9
1952	163
1953	158.9
1954	168
1955	185.7
1956	165.1
1957	214.7
1958	211.9
1959	336.1
1960	210.3
1961	174.8
1962	174.6
1963	172.2
1964	205.5
1965	85.2
1966	109.5
1967	97.2
1968	160.8
1969	35.2
1970	57.7
1971	288.9
1972	310.4
1973	277.3
1974	296.9
1975	284.7
1976	339
1977	281
1978	60.9
1979	103.8
1980	153.7
1981	277.6
1982	153.5
1983	233.2
1984	228.7
1985	255.4
1986	229.4
1987	262.7
1988	351.8
1989	358.5
1990	26.5
1991	20.3
1992	340.6
1993	329
1994	88.8
1995	86.3
1996	85.5
1997	86.1
1998	96.5
1999	138.6
2000	141.5
2001	133.8
2002	133.4
2003	101.4
2004	121
2005	138.4
2006	115.7
2007	117.7
2008	106.1
2009	113.1
2010	115.1
2011	107.8
2012	94.6
2013	87.4
2014	87.4
2015	89.8
2016	87.2
2017	86.5
2018	88.3
2019	107.6
2020	103.2
2021	91.7
2022	96.1
2023	108.5
2024	112.5
2025	103.5
2026	99.7
2027	100.6
2028	106
2029	122.3
2030	149.9
2031	158.2
2032	159.8
2033	111.6
2034	97
2035	109
2036	16.9
2037	50.3
2038	19.9
2039	290
2040	64.5
2041	79.4
2042	97.5
2043	155.7
2044	134.9
2045	117.3
2046	170.6
2047	180.1
2048	153.3
2049	224
2050	202.8
2051	187.3
2052	219.4
2053	211.3
2054	249.6
2055	240.5
2056	201.5
2057	159.2
2058	153.5
2059	114.9
2060	214.3
2061	154.3
2062	166.8
2063	163.9
2064	171.5
2065	154.1
2066	171.7
2067	174.5
2068	164
2069	37.9
2070	55.6
2071	68.8
2072	82.5
2073	104.4
2074	104.3
2075	104.5
2076	116
2077	152.2
2078	158.8
2079	136.5
2080	141.2
2081	144.2
2082	102.4
2083	91.3
2084	84.9
2085	85.5
2086	92.6
2087	114.3
2088	129.9
2089	88.1
2090	98.6
2091	199.1
2092	139.9
2093	163.1
2094	92.5
2095	87.1
2096	108
2097	119.6
2098	148.2
2099	160.4
2100	229.1
2101	230.5
2102	142.4
2103	124
2104	156.7
2105	170.1
2106	193.7
2107	260.6
2108	293.8
2109	2.6
2110	357.5
2111	172.6
2112	147.9
2113	164.3
2114	171.3
2115	113.4
2116	40.1
2117	102.8
2118	131.1
2119	143.7
2120	87.8
2121	115.4
2122	120.1
2123	119.9
2124	115.9
2125	129.3
2126	131.2
2127	152.3
2128	135.7
2129	115
2130	110.7
2131	105.2
2132	120.6
2133	140.3
2134	144.5
2135	114.2
2136	79.8
2137	85.3
2138	75.8
2139	97.1
2140	148.2
2141	162.6
2142	172.3
2143	155.1
2144	136.6
2145	132.1
2146	126.1
2147	159.7
2148	165.4
2149	163.5
2150	157.9
2151	154
2152	159
2153	156.6
2154	151.2
2155	135.1
2156	177.9
2157	172.8
2158	104.4
2159	124.7
2160	154.3
2161	167.3
2162	172
2163	172.7
2164	169.3
2165	160.6
2166	149.1
2167	162.6
2168	158.7
2169	156.4
2170	162.3
2171	166.3
2172	160.5
2173	169
2174	166.8
2175	158.9
2176	125.8
2177	143.2
2178	109.9
2179	238.1
2180	262.4
2181	287.9
2182	261.4
2183	203.9
2184	120.4
2185	223.9
2186	218.1
2187	208.9
2188	152.4
2189	102.8
2190	111
2191	110.9
2192	101
2193	147.2
2194	142.2
2195	223
2196	209.4
2197	226.3
2198	202
2199	211.6
2200	208.3
2201	215.6
2202	235.7
2203	242
2204	252.8
2205	277.2
2206	272
2207	231.9
2208	244.3
2209	230.6
2210	237.5
2211	279
2212	303.8
2213	276
2214	281.5
2215	261.5
2216	267.4
2217	126.7
2218	124.1
2219	186.9
2220	162.6
2221	149.5
2222	132.8
2223	143
2224	142.6
2225	108.9
2226	127.2
2227	181.8
2228	148.2
2229	304.6
2230	10.3
2231	4.2
2232	87.3
2233	75.1
2234	95.2
2235	91.4
2236	84.3
2237	83.7
2238	79.7
2239	80.1
2240	83.4
2241	99.7
2242	117.8
2243	112.7
2244	140.6
2245	132.9
2246	139.5
2247	132.2
2248	143.6
2249	141
2250	141.1
2251	105.6
2252	106.7
2253	111.4
2254	114.4
2255	124.7
2256	120.9
2257	116.5
2258	103.9
2259	95.7
2260	148.8
2261	253.6
2262	259.2
2263	81.4
2264	135.9
2265	106.9
2266	114.9
2267	215.7
2268	129.5
2269	106.6
2270	113.9
2271	129.6
2272	215.9
2273	148.9
2274	188.9
2275	297.9
2276	301
2277	17.2
2278	311.6
2279	336.8
2280	18.7
2281	336.9
2282	317.5
2283	266
2284	296.1
2285	291.3
2286	278
2287	263.5
2288	257.8
2289	241.7
2290	191.3
2291	154
2292	188.5
2293	209.1
2294	244.1
2295	286.9
2296	197.9
2297	214.1
2298	279.3
2299	359.7
2300	271.1
2301	258.6
2302	275.3
2303	266.6
2304	348.3
2305	7
2306	26.2
2307	6.7
2308	357.4
2309	9.7
2310	20.7
2311	360
2312	304.9
2313	308.3
2314	260.6
2315	146
2316	118.4
2317	170.6
2318	170.8
2319	123.5
2320	200.2
2321	247.3
2322	268
2323	160.8
2324	207.4
2325	306.1
2326	25.2
2327	301.4
2328	6
2329	50.8
2330	70.2
2331	79.5
2332	67.7
2333	72.2
2334	71.7
2335	82
2336	81.2
2337	80.3
2338	84
2339	78.1
2340	93
2341	102.7
2342	123.7
2343	125.6
2344	117.8
2345	107.4
2346	108.1
2347	111.7
2348	92.1
2349	80.5
2350	90.3
2351	90.2
2352	85.6
2353	90.7
2354	87
2355	84.9
2356	81.4
2357	83.2
2358	77.6
2359	98.6
2360	84.8
2361	93.1
2362	103.9
2363	109.5
2364	153.4
2365	154
2366	173.4
2367	180.4
2368	178.2
2369	165.5
2370	132.2
2371	111.5
2372	88.9
2373	81.4
2374	80.9
2375	86.8
2376	89.1
2377	79.5
2378	79.8
2379	74.2
2380	89.1
2381	87
2382	98.5
2383	188
2384	90
2385	306.4
2386	4
2387	156.7
2388	185.1
2389	183.6
2390	185.9
2391	184.4
2392	188.4
2393	198.4
2394	162.5
2395	92.9
2396	96.2
2397	91.6
2398	101.1
2399	85.3
2400	83.5
2401	91.2
2402	83.8
2403	88.3
2404	85.8
2405	80.3
2406	81.9
2407	85.7
2408	85.9
2409	87.9
2410	100.7
2411	104.8
2412	130.7
2413	177.1
2414	178.2
2415	177.6
2416	161.2
2417	167.2
2418	174.3
2419	126.3
2420	105.1
2421	90.5
2422	87.8
2423	83.5
2424	81.5
2425	81.5
2426	83.7
2427	101.6
2428	114.9
2429	118.2
2430	111.3
2431	131.4
2432	116
2433	99.1
2434	140
2435	159.2
2436	133.4
2437	159.9
2438	237.2
2439	234.8
2440	233.1
2441	173.5
2442	91.5
2443	97.2
2444	60.1
2445	262.7
2446	258
2447	273.9
2448	271.5
2449	275.7
2450	264.4
2451	265
2452	208.1
2453	214.8
2454	220.7
2455	261.5
2456	246.4
2457	201
2458	124
2459	140.9
2460	154.1
2461	168.3
2462	163.4
2463	168.9
2464	153.4
2465	165.1
2466	148
2467	120.9
2468	270.5
2469	38.4
2470	78
2471	46.2
2472	132.3
2473	62.6
2474	76.7
2475	79
2476	61.9
2477	62.4
2478	59.2
2479	54.9
2480	59.7
2481	69.1
2482	66.7
2483	81.4
2484	106
2485	145.1
2486	104.9
2487	82.6
2488	73.1
2489	70.9
2490	80.4
2491	56.2
2492	65.8
2493	66.3
2494	88.2
2495	112.7
2496	347.8
2497	23
2498	0.6
2499	26.3
2500	15.4
2501	309.3
2502	283.7
2503	286.5
2504	278
2505	324.6
2506	199.8
2507	184.5
2508	348.7
2509	226.5
2510	249.9
2511	264.8
2512	260.5
2513	252.7
2514	240.4
2515	245.4
2516	244.1
2517	258.7
2518	276.3
2519	282.7
2520	351.7
2521	21.3
2522	18.7
2523	4.1
2524	4.2
2525	325.3
2526	313.5
2527	308.8
2528	302.1
2529	313.9
2530	146.9
2531	205.6
2532	168
2533	203.1
2534	213.4
2535	184.4
2536	198.3
2537	218.6
2538	244
2539	247
2540	293.7
2541	14.4
2542	33.2
2543	38.4
2544	35
2545	37.4
2546	328.1
2547	287.9
2548	284
2549	288.3
2550	23.9
2551	40.4
2552	69.5
2553	115.3
2554	156.7
2555	152.2
2556	131.3
2557	112
2558	105.2
2559	69.7
2560	63.9
2561	75.8
2562	70.8
2563	209.3
2564	76.5
2565	286.8
2566	64.1
2567	256.4
2568	48.2
2569	39.6
2570	145.7
2571	238.9
2572	237.9
2573	261.1
2574	257.5
2575	262.1
2576	269.7
2577	266.2
2578	255.9
2579	190.5
2580	192.3
2581	177.4
2582	168.7
2583	158.9
2584	170.4
2585	134.9
2586	108.7
2587	82.9
2588	87.2
2589	247.9
2590	307.9
2591	247
2592	224.2
2593	244.1
2594	251.7
2595	270.8
2596	273.6
2597	265.5
2598	277.3
2599	272.9
2600	278.9
2601	268.6
2602	260.5
2603	245.9
2604	224.6
2605	233
2606	244
2607	212.7
2608	244.7
2609	275.9
2610	47.4
2611	134.6
2612	135.6
2613	295.5
2614	302.9
2615	338.6
2616	162.2
2617	118
2618	120.9
2619	179.5
2620	253.4
2621	296
2622	249.2
2623	260.5
2624	301.9
2625	286.6
2626	283.3
2627	295.2
2628	162.2
2629	179.3
2630	215.3
2631	230.8
2632	230.5
2633	320.5
2634	356.9
2635	339.4
2636	351.2
2637	48.9
2638	316.6
2639	279.5
2640	357
2641	58.8
2642	31.9
2643	76.3
2644	51.2
2645	301
2646	278.8
2647	282.2
2648	285
2649	255.6
2650	232.3
2651	249.9
2652	245.4
2653	243.4
2654	247
2655	233.3
2656	264
2657	261.6
2658	263.8
2659	297.1
2660	39.5
2661	14.1
2662	341.2
2663	305.6
2664	299.2
2665	301.1
2666	332.5
2667	314.4
2668	309.4
2669	0
2670	295.8
2671	195.2
2672	126.9
2673	125.9
2674	141.8
2675	203.6
2676	185.5
2677	185.3
2678	199.4
2679	187.4
2680	178
2681	183.2
2682	310.6
2683	320.3
2684	12.5
2685	16.1
2686	1.7
2687	0.4
2688	312.8
2689	301.1
2690	30.1
2691	68.7
2692	56
2693	65.8
2694	88.5
2695	100.2
2696	104.9
2697	115.5
2698	139.3
2699	146.3
2700	200.1
2701	192.3
2702	213.6
2703	196.3
2704	189.2
2705	187.3
2706	211.7
2707	189.6
2708	311.6
2709	35.1
2710	127
2711	126.2
2712	109.2
2713	103.4
2714	95.8
2715	90.2
2716	87.2
2717	146.4
2718	171.2
2719	188.1
2720	7
2721	37.7
2722	181.4
2723	135.2
2724	124.6
2725	179.7
2726	187
2727	183.8
2728	213.7
2729	276.8
2730	31.3
2731	45.6
2732	73.3
2733	70.9
2734	89
2735	292.3
2736	29.4
2737	334.3
2738	353.9
2739	37
2740	34.1
2741	301
2742	313.9
2743	296.4
2744	290.4
2745	358.2
2746	249.6
2747	200.6
2748	190.1
2749	183.7
2750	165.3
2751	200.5
2752	196.3
2753	275.7
2754	47.3
2755	205
2756	91.6
2757	40
2758	46.5
2759	9.8
2760	190.3
2761	143.5
2762	163.9
2763	193.3
2764	267.9
2765	271.1
2766	274.6
2767	291.9
2768	304.8
2769	315.4
2770	248.2
2771	144.9
2772	172.9
2773	181
2774	186.4
2775	180
2776	184
2777	175.2
2778	118
2779	162.3
2780	70.3
2781	51.8
2782	1.9
2783	57.6
2784	114.3
2785	88.4
2786	40
2787	295.8
2788	208.1
2789	234
2790	68.8
2791	113.7
2792	129.5
2793	128.6
2794	157.9
2795	166.1
2796	195.8
2797	285
2798	197.7
2799	222.6
2800	186.6
2801	114
2802	193.8
2803	265
2804	296.3
2805	313.7
2806	314.5
2807	304.3
2808	318.9
2809	318.4
2810	312.6
2811	308.2
2812	290.1
2813	301.4
2814	290.9
2815	289
2816	285.7
2817	287.7
2818	285.7
2819	279.4
2820	283.8
2821	285
2822	299
2823	268.2
2824	281.1
2825	267.7
2826	265.6
2827	284.3
2828	283.6
2829	280
2830	36.6
2831	55
2832	50.4
2833	35.9
2834	7.6
2835	15.8
2836	28.2
2837	359.3
2838	14.4
2839	40.4
2840	27.9
2841	330.6
2842	333.6
2843	337.7
2844	225.4
2845	274
2846	265.8
2847	304.3
2848	323.6
2849	305.6
2850	293.1
2851	302.1
2852	302.2
2853	317.8
2854	42.4
2855	23
2856	43.7
2857	28.6
2858	60.5
2859	38.8
2860	29.8
2861	27.1
2862	13.6
2863	45.8
2864	62.6
2865	54.4
2866	293.7
2867	306.8
2868	268.4
2869	275.6
2870	245
2871	243.4
2872	236
2873	179.5
2874	160.7
2875	182.4
2876	56.1
2877	312.1
2878	321.2
2879	314.1
2880	14.9
2881	60.9
2882	103.5
2883	111.4
2884	109
2885	106.1
2886	158.4
2887	178.6
2888	154.6
2889	165.3
2890	175.3
2891	170.7
2892	157.1
2893	138
2894	274.9
2895	289.5
2896	244.5
2897	252.8
2898	224.7
2899	152.7
2900	250.7
2901	280.7
2902	276.6
2903	315.4
2904	319.8
2905	302.2
2906	301.1
2907	302.8
2908	308.1
2909	303.5
2910	292
2911	298.9
2912	301.7
2913	311.3
2914	282.1
2915	241.2
2916	231.8
2917	199.6
2918	198.2
2919	234.1
2920	240.8
2921	221.1
2922	249.9
2923	268.7
2924	348.9
2925	349.9
2926	43.2
2927	311.9
2928	294.4
2929	287.5
2930	290.8
2931	9.1
2932	274.9
2933	270
2934	295
2935	300.2
2936	300.2
2937	292.8
2938	249.9
2939	249.7
2940	240.7
2941	237.3
2942	227.6
2943	240.4
2944	226.4
2945	217.3
2946	241.3
2947	304.4
2948	41
2949	30.3
2950	62.8
2951	107.2
2952	114.2
2953	124.8
2954	141.7
2955	142.3
2956	113.8
2957	125.6
2958	114.9
2959	136.9
2960	184.4
2961	181.6
2962	182.2
2963	184.7
2964	180.5
2965	156.9
2966	134.4
2967	141.1
2968	179.3
2969	122.4
2970	162
2971	186.8
2972	251.7
2973	297.5
2974	280.7
2975	290.7
2976	284.3
2977	285.5
2978	287.1
2979	293.5
2980	301.8
2981	305.2
2982	300.7
2983	297.9
2984	71
2985	158.2
2986	183.9
2987	192
2988	177
2989	221.3
2990	263.5
2991	268
2992	297.3
2993	301.8
2994	334.7
2995	37.3
2996	326.3
2997	358.7
2998	13.5
2999	326
3000	310
3001	336.7
3002	314.6
3003	313.5
3004	309.2
3005	312.6
3006	324.6
3007	342.7
3008	329.2
3009	292.7
3010	290
3011	269
3012	271.2
3013	246.7
3014	255.3
3015	275
3016	264.4
3017	262
3018	269.3
3019	275.7
3020	283.2
3021	283.3
3022	27.3
3023	54.3
3024	44.8
3025	49.2
3026	39.9
3027	35.3
3028	28.3
3029	346.1
3030	345.7
3031	346.1
3032	20.6
3033	317.1
3034	303.1
3035	213.2
3036	187.2
3037	188.2
3038	180.9
3039	188.5
3040	252.4
3041	267.7
3042	326.2
3043	291
3044	306.3
3045	319.4
3046	355.7
3047	357.1
3048	6.8
3049	308
3050	300.7
3051	305.3
3052	293
3053	303.4
3054	305.2
3055	298
3056	291.3
3057	150.7
3058	177.9
3059	230.8
3060	208.9
3061	193
3062	193.2
3063	189.8
3064	216
3065	178.7
3066	250.4
3067	299.1
3068	311.8
3069	352.6
3070	30.3
3071	10.9
3072	15.4
3073	305.5
3074	301.8
3075	322.4
3076	326.7
3077	316.1
3078	340.6
3079	327.8
3080	347.7
3081	132.3
3082	196.3
3083	225.9
3084	202.8
3085	206
3086	198.1
3087	187
3088	186.3
3089	192.2
3090	258.6
3091	242.8
3092	314.3
3093	314.9
3094	304.5
3095	306.3
3096	332.7
3097	359
3098	32.3
3099	132.1
3100	88.2
3101	150
3102	169.6
3103	178.6
3104	180.9
3105	189.2
3106	180.1
3107	207.8
3108	195.9
3109	195.9
3110	223.2
3111	245.5
3112	270.4
3113	276.3
3114	302.5
3115	305.5
3116	309.6
3117	0.4
3118	17.7
3119	31.2
3120	13
3121	299.1
3122	0.3
3123	317
3124	299.1
3125	318.7
3126	27.1
3127	280.3
3128	12
3129	346.2
3130	321
3131	271
3132	243.4
3133	226.6
3134	228.9
3135	256.4
3136	270.1
3137	269
3138	267.5
3139	264.6
3140	265.9
3141	288.5
3142	333
3143	2.9
3144	39.2
3145	7.6
3146	26.3
3147	3.1
3148	30.1
3149	37.5
3150	23.4
3151	359
3152	31.8
3153	54.9
3154	192.3
3155	199.3
3156	173.8
3157	167.2
3158	174.4
3159	166.7
3160	164
3161	206
3162	236.5
3163	264.3
3164	295.9
3165	295.5
3166	20.6
3167	41.7
3168	14.8
3169	9.9
3170	352.8
3171	26.2
3172	320.8
3173	331.3
3174	318.4
3175	304.2
3176	355.6
3177	325.7
3178	293.2
3179	244.7
3180	193.3
3181	173.9
3182	167.1
3183	187.7
3184	181.4
3185	202.8
3186	252.2
3187	308.4
3188	303
3189	17
3190	20.8
3191	20.6
3192	353
3193	9
3194	315.6
3195	293.4
3196	308.2
3197	311.5
3198	293.6
3199	298.5
3200	294.1
3201	132.9
3202	199.9
3203	215.9
3204	206.5
3205	205.4
3206	182.8
3207	179.6
3208	188.3
3209	180.8
3210	171.9
3211	175.4
3212	219.7
3213	298
3214	310.8
3215	310.5
3216	319
3217	311.3
3218	16.7
3219	58.2
3220	28.3
3221	16
3222	38.3
3223	82.7
3224	108
3225	133.7
3226	150.5
3227	175.4
3228	184.9
3229	190.4
3230	190.9
3231	194.1
3232	202.1
3233	147.6
3234	122.2
3235	355.6
3236	347.4
3237	59.2
3238	98.7
3239	106
3240	95.6
3241	102.9
3242	104.8
3243	105.6
3244	109.2
3245	102.3
3246	98.2
3247	81.9
3248	108.7
3249	64.5
3250	120.2
3251	166.1
3252	198.3
3253	179.3
3254	181.3
3255	241.1
3256	328.8
3257	347
3258	336.4
3259	335.9
3260	341.9
3261	344.6
3262	336.2
3263	18.4
3264	28.3
3265	10.6
3266	293.6
3267	359.6
3268	23.9
3269	25.4
3270	6.2
3271	305.1
3272	299.6
3273	165.4
3274	189.2
3275	179.7
3276	203.8
3277	227.6
3278	158.8
3279	208.4
3280	261.4
3281	278.9
3282	315
3283	311.9
3284	337.2
3285	24.4
3286	22.9
3287	5.4
3288	38.1
3289	29.2
3290	304.8
3291	294.5
3292	323.6
3293	346.2
3294	352.8
3295	342.7
3296	303.6
3297	300.9
3298	288.3
3299	190
3300	164.2
3301	201.1
3302	243.2
3303	262.4
3304	300.2
3305	289.4
3306	273.8
3307	277.3
3308	296.1
3309	264.1
3310	276.7
3311	20.9
3312	28.6
3313	39.1
3314	27.1
3315	26.9
3316	301.5
3317	302.3
3318	10.6
3319	25.3
3320	18.1
3321	10.8
3322	218.7
3323	220.1
3324	231.5
3325	232
3326	239
3327	215.6
3328	197.1
3329	213.7
3330	218.4
3331	231.5
3332	238.8
3333	258.8
3334	353.3
3335	24.6
3336	33.3
3337	20.2
3338	301.9
3339	285.8
3340	277.3
3341	280.4
3342	274
3343	270.3
3344	318.8
3345	236.6
3346	214.8
3347	180.6
3348	167.7
3349	161.5
3350	166
3351	212.7
3352	237.3
3353	205.3
3354	295.3
3355	29.7
3356	24.4
3357	29.9
3358	46.9
3359	41.9
3360	8.5
3361	311.7
3362	285.2
3363	277.8
3364	39.1
3365	86.6
3366	81.5
3367	98.1
3368	127.5
3369	131.1
3370	141.7
3371	164.9
3372	172.5
3373	175.7
3374	175.5
3375	183.4
3376	167.2
3377	192.2
3378	224.9
3379	252.7
3380	15.3
3381	2.8
3382	15.6
3383	3
3384	19.5
3385	82.7
3386	89.9
3387	97
3388	97.5
3389	104.6
3390	98.7
3391	88.7
3392	97.8
3393	92.4
3394	97.8
3395	129
3396	176.5
3397	176.3
3398	184.1
3399	183.1
3400	289
3401	178
3402	183.9
3403	274.6
3404	270
3405	248.3
3406	267.1
3407	276.5
3408	255.6
3409	333.2
3410	245.4
3411	239.8
3412	221.7
3413	222.4
3414	215.5
3415	203.1
3416	203.8
3417	197.4
3418	189.7
3419	181.8
3420	182.5
3421	194.8
3422	200.2
3423	172.7
3424	197.9
3425	240
3426	206.2
3427	230.7
3428	247.4
3429	236.5
3430	262.3
3431	287.4
3432	331.5
3433	304.9
3434	280.6
3435	273.2
3436	283.4
3437	270.3
3438	265.3
3439	279.9
3440	288.5
3441	276
3442	250.8
3443	255.7
3444	207.3
3445	237.2
3446	224.4
3447	255.3
3448	268.9
3449	269.3
3450	246.3
3451	249.6
3452	250.6
3453	258.8
3454	288.9
3455	344.2
3456	26.7
3457	35.1
3458	21
3459	33.9
3460	285
3461	31.4
3462	346.3
3463	273.4
3464	16.1
3465	292.7
3466	198.4
3467	208
3468	196.2
3469	171.4
3470	166.5
3471	162.2
3472	168.8
3473	164.6
3474	164.1
3475	166.9
3476	167.3
3477	180.6
3478	350.6
3479	44.3
3480	60.5
3481	92.7
3482	111.9
3483	45.5
3484	193.6
3485	54.6
3486	76.7
3487	65
3488	28.7
3489	64.5
3490	149.2
3491	183.3
3492	197.5
3493	211
3494	238.7
3495	190.7
3496	172.3
3497	1.9
3498	281.5
3499	315.4
3500	316.9
3501	327.4
3502	335.2
3503	337.1
3504	300.8
3505	337.7
3506	300.9
3507	268.4
3508	79.3
3509	125.5
3510	310
3511	299.5
3512	320.8
3513	22.1
3514	344.5
3515	349.1
3516	340.8
3517	310.9
3518	307.1
3519	319.9
3520	304.3
3521	304.6
3522	306.5
3523	307.1
3524	273.7
3525	318.4
3526	359.3
3527	35.8
3528	341.4
3529	302.6
3530	302.6
3531	297.9
3532	310.5
3533	344.3
3534	326.1
3535	321.7
3536	326.4
3537	311.7
3538	284.7
3539	290
3540	267.4
3541	260
3542	272.5
3543	251.1
3544	220.7
3545	251.8
3546	276.9
3547	240
3548	225.6
3549	15.4
3550	31.1
3551	41.3
3552	359.6
3553	316.4
3554	302.5
3555	305.8
3556	296.2
3557	301.1
3558	305
3559	308
3560	102.6
3561	131.2
3562	172.7
3563	190.3
3564	184
3565	174.8
3566	185.3
3567	174.2
3568	150.5
3569	136.1
3570	170.4
3571	217.8
3572	236.3
3573	55.4
3574	96.9
3575	104.3
3576	98.9
3577	102.9
3578	92.9
3579	89.7
3580	90.8
3581	99.9
3582	100.1
3583	105.7
3584	281.2
3585	240.7
3586	195.5
3587	186.7
3588	185.3
3589	201.7
3590	231.1
3591	244.5
3592	211.7
3593	249.8
3594	249.9
3595	277.1
3596	285.4
3597	285.1
3598	286.1
3599	279.3
3600	19
3601	34.2
3602	13.1
3603	7.5
3604	279
3605	298.8
3606	3.7
3607	16.8
3608	316.7
3609	313.7
3610	266.8
3611	214.7
3612	219.7
3613	238.8
3614	144.4
3615	220
3616	256.3
3617	216.6
3618	285
3619	307.5
3620	330.8
3621	20
3622	31.4
3623	32.7
3624	38.7
3625	32.9
3626	5.7
3627	298.9
3628	281.7
3629	276.6
3630	346.5
3631	32.9
3632	336.1
3633	343.9
3634	293.2
3635	275.7
3636	253.2
3637	279.8
3638	232.6
3639	225.7
3640	229.5
3641	314.2
3642	15.1
3643	11.2
3644	30.9
3645	28.9
3646	28.9
3647	24.5
3648	353.9
3649	4.2
3650	8.6
3651	27.8
3652	11.3
3653	34.4
3654	30.5
3655	325.5
3656	320.1
3657	286.4
3658	194.2
3659	194.5
3660	186.3
3661	169.7
3662	177
3663	209.6
3664	158.3
3665	181.5
3666	315.1
3667	42.2
3668	15.4
3669	31.7
3670	352.8
3671	317
3672	355
3673	324
3674	335.7
3675	173.2
3676	50.3
3677	35.5
3678	329
3679	260
3680	275.4
3681	159.6
3682	330.1
3683	168.2
3684	231.9
3685	244.1
3686	238.5
3687	267.7
3688	289.1
3689	266.8
3690	273.5
3691	296.8
3692	304.7
3693	19.4
3694	31.7
3695	33.3
3696	32.7
3697	28.2
3698	24.4
3699	28.2
3700	12.1
3701	345.1
3702	281.2
3703	342.6
3704	67.4
3705	158.8
3706	173.6
3707	181.1
3708	173.8
3709	163.9
3710	166.6
3711	164.6
3712	139.7
3713	165.7
3714	173.4
3715	244.7
3716	328.2
3717	304.4
3718	284.4
3719	295.1
3720	322
3721	293.3
3722	318.2
3723	18.1
3724	120.5
3725	33.7
3726	331.1
3727	281.6
3728	283.9
3729	330.1
3730	178
3731	183.6
3732	172.9
3733	184.6
3734	169.1
3735	170.5
3736	130.2
3737	122.4
3738	160.3
3739	336.5
3740	188.3
3741	184.1
3742	184.3
3743	183
3744	174.4
3745	269.3
3746	25.4
3747	166.6
3748	69.1
3749	73.6
3750	20.2
3751	40.9
3752	39
3753	164.6
3754	198.8
3755	152.9
3756	157.8
3757	164
3758	186.4
3759	200.9
3760	220.9
3761	242.5
3762	253.1
3763	262.5
3764	260
3765	273.7
3766	283.1
3767	303.3
3768	312.7
3769	318.8
3770	296
3771	306.7
3772	290.9
3773	303
3774	290.1
3775	292.9
3776	289.8
3777	264.2
3778	251.8
3779	204.8
3780	187.3
3781	207.8
3782	264.2
3783	256
3784	188.3
3785	175.2
3786	205.1
3787	190.5
3788	277.2
3789	321.6
3790	3.5
3791	20.6
3792	351.5
3793	63.8
3794	91.8
3795	69.3
3796	95.5
3797	111.2
3798	115.7
3799	114.2
3800	108.4
3801	116.2
3802	115.8
3803	131.1
3804	137.4
3805	151.8
3806	185.4
3807	174.7
3808	175.3
3809	167.4
3810	279.4
3811	318.7
3812	4.2
3813	10.8
3814	23
3815	7.4
3816	340.1
3817	2.3
3818	300
3819	304.3
3820	300.8
3821	306.4
3822	302.9
3823	42.4
3824	289.9
3825	218.9
3826	248
3827	229
3828	230.5
3829	238.7
3830	275.2
3831	268.7
3832	302
3833	315.2
3834	285.8
3835	278.6
3836	285.5
3837	294.8
3838	334.4
3839	357.6
3840	30.3
3841	8.6
3842	34.8
3843	36.7
3844	320.5
3845	18.6
3846	281.8
3847	283.1
3848	278.6
3849	256.8
3850	262.9
3851	224.2
3852	259.1
3853	277.1
3854	282.4
3855	262.1
3856	275.8
3857	277.3
3858	281.3
3859	284.3
3860	284.8
3861	288.3
3862	295.6
3863	6.8
3864	336
3865	317.3
3866	314
3867	305.6
3868	295.5
3869	280.3
3870	288.4
3871	300.7
3872	308.8
3873	265.6
3874	260.5
3875	242.8
3876	178.2
3877	222.5
3878	261
3879	234
3880	299.4
3881	298.3
3882	303
3883	300.1
3884	303.3
3885	332.6
3886	57.8
3887	33.1
3888	105
3889	99.9
3890	54
3891	20.2
3892	33.4
3893	26.1
3894	7.9
3895	16.8
3896	335.5
3897	145.7
3898	182.2
3899	178.9
3900	192.8
3901	185.9
3902	201.1
3903	189.1
3904	195.8
3905	207.3
3906	209.8
3907	283
3908	298.4
3909	355.3
3910	41.6
3911	42.5
3912	37.5
3913	22
3914	23.8
3915	296.6
3916	300.5
3917	297.7
3918	300.1
3919	301.2
3920	20.6
3921	104
3922	143.6
3923	156.1
3924	173.2
3925	160
3926	144.2
3927	150.1
3928	180.4
3929	153.9
3930	266
3931	331
3932	7.2
3933	323.1
3934	295.9
3935	288.5
3936	356.4
3937	17.1
3938	43.5
3939	318.4
3940	330.4
3941	343.3
3942	33.5
3943	42
3944	316
3945	324.8
3946	273.9
3947	261.5
3948	262.2
3949	256.8
3950	230.6
3951	252.4
3952	259.5
3953	290
3954	290.5
3955	287.2
3956	319.7
3957	320.7
3958	357.7
3959	34.1
3960	53.6
3961	57.8
3962	63.8
3963	46.6
3964	29.4
3965	12.6
3966	307
3967	301.1
3968	85.8
3969	157.3
3970	197.8
3971	212.5
3972	179.5
3973	197.2
3974	176.5
3975	178.1
3976	165.1
3977	201.9
3978	231
3979	279.4
3980	311.8
3981	329.1
3982	34.3
3983	37.2
3984	27.7
3985	352.1
3986	18.7
3987	18.3
3988	14.5
3989	35.4
3990	8.1
3991	27.6
3992	30.1
3993	42.2
3994	46.5
3995	233
3996	315.8
3997	295.8
3998	298.8
3999	292.5
4000	284.6
4001	300.3
4002	288.4
4003	293.5
4004	286.5
4005	289.9
4006	310
4007	358.5
4008	32.1
4009	34.7
4010	31.6
4011	29.7
4012	317.7
4013	337.9
4014	4.8
4015	304.3
4016	287
4017	142.1
4018	164.3
4019	219.3
4020	202.8
4021	205.8
4022	191.5
4023	187.2
4024	183.1
4025	181.2
4026	174.3
4027	168.6
4028	260.7
4029	302.2
4030	320
4031	303.2
4032	295
4033	295.8
4034	295.9
4035	296.2
4036	299.2
4037	297.6
4038	299.7
4039	298.7
4040	294
4041	272.7
4042	254.9
4043	219
4044	216.7
4045	226.1
4046	255.4
4047	264.8
4048	219.5
4049	260.2
4050	252.8
4051	271.9
4052	278.9
4053	294.9
4054	304
4055	321.3
4056	2.1
4057	2.6
4058	316.2
4059	308
4060	9.1
4061	310.9
4062	275.2
4063	276.5
4064	298.6
4065	302.6
4066	272.5
4067	263.8
4068	273.5
4069	252
4070	253.3
4071	249.2
4072	236.8
4073	267
4074	277.9
4075	274.8
4076	272.6
4077	288.9
4078	297.5
4079	321.3
4080	0.9
4081	359.1
4082	40.7
4083	321.2
4084	347.3
4085	318.9
4086	279.6
4087	296.8
4088	299.6
4089	210
4090	214.3
4091	218.9
4092	189.9
4093	228.5
4094	236.9
4095	206.6
4096	212.3
4097	238.3
4098	254.3
4099	279.2
4100	274.5
4101	275.9
4102	312.8
4103	36.7
4104	45.7
4105	40.8
4106	35.7
4107	30.5
4108	24.5
4109	345
4110	282.9
4111	318.8
4112	26.8
4113	203.9
4114	224
4115	180.4
4116	131.8
4117	168
4118	183.6
4119	178.3
4120	178.9
4121	183.9
4122	176
4123	181.9
4124	181.6
4125	105.7
4126	109
4127	107.3
4128	99.7
4129	102.6
4130	103.8
4131	110
4132	104.7
4133	102.7
4134	97.4
4135	98.3
4136	101.2
4137	104.3
4138	110.8
4139	137.8
4140	133.9
4141	134.7
4142	142.8
4143	139.2
4144	137.7
4145	123.3
4146	119.1
4147	106.7
4148	107.2
4149	106.5
4150	101.1
4151	99.6
4152	102.6
4153	105
4154	125.9
4155	291.8
4156	305.5
4157	294.7
4158	286.8
4159	296.9
4160	1
4161	82.8
4162	183.3
4163	177.9
4164	190.9
4165	172.5
4166	185.7
4167	178.3
4168	182.9
4169	168.4
4170	179
4171	175.6
4172	282.8
4173	279.8
4174	261.7
4175	282.9
4176	359.8
4177	326.1
4178	281.3
4179	274.2
4180	318.7
4181	315.8
4182	336.3
4183	308
4184	327.5
4185	293.5
4186	195.1
4187	185.8
4188	171.4
4189	170.1
4190	189.5
4191	182.1
4192	168.8
4193	218.8
4194	264.5
4195	303.8
4196	302.8
4197	321.3
4198	14.2
4199	353.5
4200	9.3
4201	5.8
4202	19.3
4203	30.9
4204	16.7
4205	329.7
4206	293.5
4207	277.6
4208	294.5
4209	235.9
4210	221.5
4211	232.7
4212	234.7
4213	204.8
4214	225.6
4215	183.6
4216	183.9
4217	212.2
4218	300.2
4219	317.4
4220	317.7
4221	358.6
4222	24.7
4223	6.9
4224	351.8
4225	352
4226	346.9
4227	292.4
4228	309.4
4229	302.7
4230	278.2
4231	341.4
4232	268.5
4233	172.5
4234	176.7
4235	216.2
4236	232.2
4237	257.5
4238	206.8
4239	240.1
4240	246.7
4241	252.2
4242	253.5
4243	322
4244	332.4
4245	21.3
4246	47.1
4247	33.6
4248	348
4249	287.4
4250	294
4251	276
4252	294.1
4253	257.4
4254	261.1
4255	267.8
4256	264.4
4257	189
4258	223.8
4259	158.8
4260	139.7
4261	213.6
4262	212
4263	185.8
4264	240.9
4265	225.5
4266	235.5
4267	247.7
4268	298
4269	4.3
4270	42.1
4271	38
4272	37.2
4273	32.3
4274	44.2
4275	5.7
4276	323.3
4277	331.7
4278	316.6
4279	285.4
4280	347.2
4281	164.2
4282	187.1
4283	202.1
4284	200.7
4285	187
4286	190.5
4287	193.8
4288	209.1
4289	194.7
4290	137
4291	64
4292	39.2
4293	35.7
4294	357.9
4295	0.5
4296	315.4
4297	18.9
4298	31.5
4299	47
4300	71.8
4301	70.2
4302	25
4303	83.6
4304	124.4
4305	147.2
4306	214.2
4307	217.5
4308	207.7
4309	184.2
4310	172
4311	178.9
4312	196.4
4313	166.4
4314	166.3
4315	229.3
4316	256.6
4317	282.7
4318	346.8
4319	29.7
4320	34.1
4321	345.9
4322	282.3
4323	282.5
4324	288
4325	287.1
4326	291.7
4327	284.8
4328	356
4329	273.4
4330	245.2
4331	222.2
4332	198.5
4333	49
4334	239.3
4335	184.1
4336	278
4337	232.7
4338	262.3
4339	316.4
4340	2
4341	22.3
4342	34.8
4343	43.8
4344	32.2
4345	20.6
4346	29.4
4347	11.6
4348	312.5
4349	310.7
4350	349.4
4351	310.8
4352	341.3
4353	126.6
4354	166.5
4355	173.2
4356	204.6
4357	214.1
4358	185
4359	176.3
4360	178.9
4361	197.2
4362	201
4363	244.1
4364	290.2
4365	321.2
4366	290.8
4367	302.2
4368	294.2
4369	290.5
4370	13.6
4371	14.7
4372	332.5
4373	307.1
4374	290.4
4375	307.8
4376	15.2
4377	242.2
4378	247.9
4379	23.8
4380	188.7
4381	237.7
4382	191.1
4383	228.5
4384	274.1
4385	249.9
4386	286.5
4387	283.5
4388	292.3
4389	304.5
4390	3.5
4391	44.4
4392	43.6
4393	41.7
4394	37.9
4395	32.8
4396	7.5
4397	320.9
4398	333.4
4399	299.1
4400	0
4401	194.1
4402	151
4403	181
4404	189.5
4405	174.5
4406	171.9
4407	202
4408	174.5
4409	227.6
4410	175.8
4411	215.7
4412	46.3
4413	100.1
4414	105.5
4415	101.8
4416	102.9
4417	128.6
4418	243.9
4419	287.7
4420	267.2
4421	277.2
4422	281.3
4423	272.4
4424	280.8
4425	272.1
4426	257.6
4427	250.2
4428	245.1
4429	240.8
4430	230.7
4431	215.8
4432	214.3
4433	201.3
4434	272.4
4435	257.2
4436	276.7
4437	327.7
4438	35.1
4439	39.2
4440	35.2
4441	33.6
4442	26.4
4443	24.2
4444	30.3
4445	29.6
4446	301.7
4447	288.8
4448	299.3
4449	144.1
4450	168.4
4451	203.5
4452	200.4
4453	196.2
4454	187.8
4455	175.8
4456	199.3
4457	175.9
4458	259.4
4459	317.4
4460	332.9
4461	1.4
4462	28.7
4463	20.5
4464	24.3
4465	24.6
4466	22.5
4467	19
4468	31.4
4469	35.3
4470	35.7
4471	26
4472	30.4
4473	24.8
4474	129.9
4475	194.7
4476	186.3
4477	183.2
4478	175.5
4479	176.9
4480	172.6
4481	157.2
4482	163.4
4483	178.1
4484	279.2
4485	336
4486	282.4
4487	286.5
4488	37.7
4489	96.8
4490	95.8
4491	345
4492	305.6
4493	348.7
4494	28.4
4495	43.4
4496	92.4
4497	143.3
4498	146
4499	187.7
4500	191
4501	184.8
4502	183.6
4503	169.8
4504	178
4505	181.3
4506	209.5
4507	132.3
4508	114.6
4509	111.3
4510	88.5
4511	21.8
4512	328.2
4513	42.4
4514	73.5
4515	97
4516	100
4517	150
4518	299.7
4519	326.8
4520	75.6
4521	123.4
4522	169.8
4523	214.6
4524	187.9
4525	160.5
4526	174.9
4527	183.9
4528	167.6
4529	159.9
4530	178
4531	157.2
4532	102.9
4533	100.3
4534	99.1
4535	89.5
4536	321.6
4537	329.9
4538	64.7
4539	102.1
4540	135.3
4541	111.8
4542	99.1
4543	96.4
4544	105.5
4545	124.8
4546	119.8
4547	168.3
4548	179.7
4549	188.7
4550	173.3
4551	153.8
4552	137.2
4553	140.8
4554	91.3
4555	78.6
4556	49.6
4557	81.6
4558	71.4
4559	83
4560	89.4
4561	95.1
4562	95.4
4563	96.9
4564	93.1
4565	96.2
4566	93.7
4567	99.9
4568	95.9
4569	91.7
4570	97.6
4571	106.8
4572	108.2
4573	128.9
4574	157.1
4575	179.9
4576	126
4577	43
4578	96.1
4579	101.8
4580	83.1
4581	76.7
4582	82.8
4583	46
4584	89
4585	96.3
4586	93.5
4587	98.4
4588	345.6
4589	298.4
4590	6.9
4591	252.8
4592	300.7
4593	316.5
4594	126.8
4595	236.1
4596	189.4
4597	174.6
4598	180.3
4599	176.9
4600	165.1
4601	154.7
4602	248.9
4603	274.7
4604	302.4
4605	31.2
4606	28.3
4607	309.8
4608	305.6
4609	306
4610	294.3
4611	295.6
4612	343.1
4613	18.3
4614	20.8
4615	283.3
4616	290.5
4617	287.5
4618	82.1
4619	103.3
4620	117.1
4621	174
4622	196.6
4623	179.8
4624	185.2
4625	183.7
4626	213.4
4627	201.2
4628	232.8
4629	279.1
4630	311.2
4631	350.5
4632	30.8
4633	23.3
4634	32.4
4635	53.7
4636	8.5
4637	57.4
4638	96.5
4639	79.8
4640	276.2
4641	310
4642	152.4
4643	201.4
4644	189
4645	168.6
4646	172.4
4647	165.7
4648	159.9
4649	170.5
4650	177
4651	279.1
4652	24.4
4653	19.7
4654	31.4
4655	39.4
4656	63.8
4657	51.7
4658	73.2
4659	298.9
4660	297.5
4661	316.8
4662	280.2
4663	301.3
4664	3.4
4665	318.7
4666	88.9
4667	114.4
4668	169.4
4669	173.9
4670	133.5
4671	101.3
4672	89.1
4673	85.7
4674	87.5
4675	89.2
4676	87.1
4677	90.5
4678	87.2
4679	89.7
4680	84.6
4681	83.7
4682	84.9
4683	86.2
4684	85.5
4685	83.4
4686	83.4
4687	85.8
4688	83.5
4689	84
4690	90.8
4691	95.5
4692	115.5
4693	114.7
4694	163.5
4695	154.2
4696	166.5
4697	160.3
4698	164.3
4699	161.5
4700	151
4701	152.8
4702	315.8
4703	26
4704	136.4
4705	61
4706	21.3
4707	27.5
4708	289.5
4709	264.3
4710	158.3
4711	297.7
4712	263.7
4713	207.8
4714	179.9
4715	175.1
4716	159.2
4717	193.3
4718	188
4719	180.7
4720	185.3
4721	251
4722	241
4723	276.2
4724	23.3
4725	39.9
4726	18.4
4727	329.7
4728	81.9
4729	103.2
4730	100.7
4731	98.4
4732	97
4733	108.5
4734	103.9
4735	112.9
4736	99.1
4737	108.6
4738	107.1
4739	126.1
4740	145.4
4741	127.2
4742	105.9
4743	102.9
4744	94
4745	93.8
4746	109
4747	100.7
4748	98.8
4749	95.2
4750	91.6
4751	95.6
4752	93.5
4753	91
4754	94.3
4755	94.4
4756	91.6
4757	85.2
4758	91.4
4759	89.3
4760	105.2
4761	99.6
4762	131
4763	120.1
4764	132.2
4765	139.3
4766	177.9
4767	181.7
4768	158.1
4769	159
4770	172.9
4771	144
4772	132.7
4773	97.1
4774	95.1
4775	94.1
4776	89.3
4777	92.9
4778	94.3
4779	89.6
4780	86.7
4781	90.3
4782	97.7
4783	91.6
4784	145.1
4785	160.6
4786	182
4787	191
4788	184.7
4789	177.1
4790	181.3
4791	173.6
4792	202
4793	192.7
4794	175.3
4795	224
4796	68.1
4797	52.2
4798	27.6
4799	30.6
4800	32
4801	56.4
4802	61.4
4803	80.1
4804	83.3
4805	91.9
4806	95.6
4807	92.5
4808	91.2
4809	91.4
4810	96.1
4811	114.7
4812	117
4813	134.8
4814	138.5
4815	140.1
4816	151.3
4817	157.6
4818	133.9
4819	130.6
4820	108.7
4821	212.5
4822	164.4
4823	181.7
4824	220.8
4825	300.6
4826	311.5
4827	353.2
4828	19.4
4829	25.1
4830	4.3
4831	358.1
4832	290.1
4833	223.5
4834	229.3
4835	185.9
4836	182.8
4837	191.4
4838	178.4
4839	193.2
4840	203.1
4841	172.1
4842	187.2
4843	176.4
4844	227
4845	281.3
4846	299.9
4847	315.3
4848	304.8
4849	329.5
4850	31.5
4851	334
4852	310.1
4853	328.1
4854	339.3
4855	359.3
4856	25.9
4857	21.4
4858	304.1
4859	320.9
4860	240
4861	167.3
4862	172.6
4863	179.7
4864	169.8
4865	248.5
4866	203.6
4867	276.9
4868	329.2
4869	345.9
4870	32.3
4871	32.8
4872	27
4873	14.5
4874	314.8
4875	288.7
4876	224.9
4877	341.8
4878	317.4
4879	18.9
4880	147.4
4881	131.3
4882	147.6
4883	193.6
4884	130.5
4885	185.4
4886	176.3
4887	180.9
4888	178.1
4889	176
4890	181.8
4891	173.9
4892	169.5
4893	191.2
4894	181.9
4895	102.1
4896	130.3
4897	87
4898	278.6
4899	294.6
4900	290.3
4901	301.1
4902	287.9
4903	312.7
4904	327.6
4905	307.9
4906	281.7
4907	242.4
4908	193.8
4909	175.9
4910	173.5
4911	194.6
4912	232.6
4913	262.4
4914	316
4915	39.2
4916	19.8
4917	28
4918	36.1
4919	32.3
4920	322.1
4921	0
4922	301.7
4923	292.6
4924	297.2
4925	296.1
4926	306.6
4927	299.4
4928	296.8
4929	88.3
4930	90
4931	172.3
4932	205.5
4933	206.3
4934	178.7
4935	184.2
4936	191.6
4937	200.9
4938	248.5
4939	304.3
4940	311.9
4941	315
4942	28
4943	357.9
4944	331.2
4945	306.9
4946	305.8
4947	309.1
4948	313.4
4949	324.9
4950	293.6
4951	294.8
4952	347.5
4953	338.2
4954	314.8
4955	307
4956	9.1
4957	119.8
4958	133.8
4959	156.9
4960	177.2
4961	180.2
4962	258
4963	250.3
4964	303.3
4965	359.9
4966	31.1
4967	31.6
4968	32.9
4969	74.4
4970	80.1
4971	88.9
4972	76
4973	88.3
4974	88
4975	90.7
4976	94.1
4977	123.7
4978	196.8
4979	156.1
4980	197.5
4981	193
4982	193.9
4983	191.6
4984	228.7
4985	245.7
4986	264
4987	310.5
4988	318.5
4989	354.9
4990	36.8
4991	37.4
4992	53.7
4993	71.8
4994	80.1
4995	291.2
4996	293.3
4997	44.5
4998	103.6
4999	173.6
5000	62.2
5001	136.1
5002	186.8
5003	180.8
5004	184.6
5005	186
5006	174.9
5007	179.7
5008	187.9
5009	220.5
5010	202.4
5011	257.1
5012	274
5013	284.6
5014	313
5015	319
5016	300.7
5017	303.4
5018	294.8
5019	289.6
5020	314.9
5021	339.9
5022	13.6
5023	30.8
5024	106.8
5025	135.8
5026	171.4
5027	190.1
5028	197.3
5029	191.5
5030	178.1
5031	180.5
5032	177.8
5033	185.4
5034	265.1
5035	242.4
5036	295.3
5037	304.4
5038	332.6
5039	352
5040	37.2
5041	37.2
5042	33.1
5043	30.6
5044	359.9
5045	318.7
5046	320.8
5047	291.2
5048	279.2
5049	126
5050	149.8
5051	144.1
5052	200.9
5053	207.8
5054	186.9
5055	181.7
5056	183.7
5057	190.1
5058	256.4
5059	276
5060	313.8
5061	31.1
5062	22.6
5063	2.7
5064	3.1
5065	41.2
5066	76.9
5067	57.5
5068	34.8
5069	94.7
5070	296.6
5071	325.8
5072	65.8
5073	126.7
5074	152.4
5075	149.5
5076	211.3
5077	205.2
5078	184.4
5079	205.1
5080	210.5
5081	238.3
5082	259.8
5083	269.2
5084	304
5085	319
5086	17.6
5087	0.4
5088	339.7
5089	309.6
5090	290.7
5091	287.5
5092	308.1
5093	29.2
5094	32.7
5095	23.6
5096	31.4
5097	13.1
5098	329.7
5099	149.4
5100	203.9
5101	196.5
5102	186.8
5103	184.8
5104	195.5
5105	242
5106	245.8
5107	295.3
5108	313.3
5109	331.6
5110	24.7
5111	32.6
5112	334.5
5113	296
5114	297.9
5115	342.7
5116	27
5117	26.9
5118	13.9
5119	347.2
5120	27.4
5121	4.6
5122	322.4
5123	302.4
5124	279.6
5125	180.3
5126	268.6
5127	259.1
5128	258.7
5129	251.7
5130	273.6
5131	273.4
5132	288
5133	326.7
5134	29.3
5135	29
5136	337.3
5137	291.6
5138	319.1
5139	289.1
5140	282.3
5141	302.9
5142	319.4
5143	283
5144	295.4
5145	42.3
5146	315.7
5147	257.8
5148	255
5149	229.6
5150	246.5
5151	248
5152	242.5
5153	254.8
5154	255.7
5155	277.4
5156	306.5
5157	323.8
5158	351.2
5159	357.7
5160	22.6
5161	31.2
5162	358.2
5163	16
5164	348.5
5165	29.7
5166	296.1
5167	317.7
5168	35.7
5169	22.3
5170	5.9
5171	198.6
5172	163.5
5173	238.1
5174	274.6
5175	262.4
5176	279.2
5177	262.4
5178	277.8
5179	264
5180	267.6
5181	274.5
5182	298.9
5183	333.3
5184	25.1
5185	37.3
5186	25.3
5187	30.8
5188	294.9
5189	91.9
5190	93.9
5191	88.7
5192	91.4
5193	118
5194	131.4
5195	203.5
5196	184.2
5197	185.8
5198	181.7
5199	177.7
5200	180.6
5201	175.3
5202	171.6
5203	207.8
5204	240
5205	284.4
5206	10.4
5207	24.7
5208	2.7
5209	44
5210	48.8
5211	29.8
5212	352.2
5213	309
5214	309.8
5215	305.4
5216	302.1
5217	162.7
5218	141
5219	212.7
5220	192.3
5221	187.4
5222	182.4
5223	183.7
5224	192.4
5225	185.2
5226	225.5
5227	251.3
5228	273.5
5229	284.9
5230	192
5231	195
5232	168.7
5233	48.3
5234	58.9
5235	319.3
5236	5.2
5237	44
5238	4.8
5239	299.2
5240	12.8
5241	23.6
5242	184.8
5243	185.6
5244	208.6
5245	178
5246	189.3
5247	220
5248	215.4
5249	240
5250	334.9
5251	325
5252	129.6
5253	43.2
5254	33.1
5255	23.1
5256	338
5257	21.4
5258	92.1
5259	99
5260	91.8
5261	49.8
5262	191.7
5263	44.4
5264	77.1
5265	105.1
5266	106.6
5267	117.9
5268	156
5269	133.1
5270	167.2
5271	168.2
5272	171
5273	173.7
5274	170.2
5275	196.5
5276	173.6
5277	310.4
5278	24.2
5279	76.4
5280	251.6
5281	72
5282	123.4
5283	101.5
5284	97.7
5285	147.8
5286	285.9
5287	280.8
5288	287.3
5289	338.4
5290	196.2
5291	240.7
5292	206.2
5293	195.7
5294	176.9
5295	184.7
5296	216.4
5297	174
5298	160.2
5299	251.1
5300	300.6
5301	354.4
5302	330
5303	9.9
5304	6.7
5305	296.4
5306	315.1
5307	314.9
5308	279.1
5309	293.5
5310	291.5
5311	302.5
5312	299.7
5313	147.5
5314	199
5315	168.5
5316	189.6
5317	199.6
5318	191.7
5319	186.8
5320	170.7
5321	188.6
5322	178.8
5323	233.4
5324	295.4
5325	5.2
5326	14.8
5327	9
5328	20.6
5329	307.6
5330	21.7
5331	35
5332	318.3
5333	64
5334	285.4
5335	352.9
5336	289.3
5337	271.4
5338	290.7
5339	58.8
5340	268.3
5341	91.6
5342	161
5343	199.3
5344	174.2
5345	174.1
5346	179.3
5347	229.5
5348	276.5
5349	322
5350	295.8
5351	292.1
5352	341
5353	330.1
5354	302.9
5355	304.7
5356	322
5357	307.4
5358	288.2
5359	296.2
5360	302.7
5361	177.1
5362	165
5363	208.9
5364	203.8
5365	193.5
5366	179.7
5367	175.8
5368	172.8
5369	178.1
5370	155.1
5371	234.5
5372	275.3
5373	293.6
5374	319.9
5375	25
5376	19.1
5377	299
5378	287.5
5379	289.2
5380	296
5381	319.5
5382	291.7
5383	300.8
5384	295.3
5385	283.4
5386	127.3
5387	153.8
5388	154.7
5389	198.8
5390	193.9
5391	178.1
5392	184.3
5393	179.2
5394	124.4
5395	326.7
5396	11.8
5397	21.7
5398	30.4
5399	37.5
5400	3.1
5401	17.8
5402	32.3
5403	318.4
5404	294.1
5405	291.7
5406	305.5
5407	309.3
5408	302
5409	357.6
5410	140.6
5411	161
5412	180.6
5413	212.6
5414	181.5
5415	183.5
5416	158.1
5417	146.6
5418	194.6
5419	200.7
5420	271.6
5421	288.8
5422	314.1
5423	19
5424	31
5425	35.1
5426	31.8
5427	30.6
5428	9.7
5429	347.6
5430	320.4
5431	284.4
5432	281.3
5433	12.2
5434	229.8
5435	170
5436	201.8
5437	191.1
5438	171.7
5439	179.3
5440	222
5441	185.8
5442	191.5
5443	272.9
5444	354.3
5445	36.8
5446	32
5447	18.4
5448	310.7
5449	310.3
5450	28.8
5451	30.7
5452	28.9
5453	354.7
5454	294.5
5455	292.3
5456	320.6
5457	45.2
5458	325.6
5459	311.4
5460	214.6
5461	179.7
5462	157.9
5463	151
5464	173.3
5465	232.5
5466	260.5
5467	266.6
5468	253.6
5469	278.4
5470	4.8
5471	353.3
5472	332.9
5473	335.6
5474	304.7
5475	298
5476	285.4
5477	357
5478	306.6
5479	298.7
5480	312.7
5481	199.7
5482	218.9
5483	190
5484	189.6
5485	192.7
5486	180.2
5487	168.8
5488	159.9
5489	153.1
5490	196.4
5491	256.8
5492	308.9
5493	288.9
5494	301.8
5495	321.5
5496	359.9
5497	36.5
5498	2.1
5499	299.4
5500	265.1
5501	284.7
5502	302
5503	305.7
5504	327.4
5505	316.4
5506	283.6
5507	231.8
5508	175.6
5509	193.9
5510	185.2
5511	188.4
5512	160.8
5513	254.5
5514	289
5515	290.3
5516	287.5
5517	301.3
5518	304
5519	314.3
5520	1.9
5521	28.4
5522	7.9
5523	14.7
5524	16.6
5525	23.6
5526	337.2
5527	277.5
5528	293.5
5529	302.7
5530	132.1
5531	202.1
5532	172.3
5533	177.4
5534	181.8
5535	180
5536	173.8
5537	179.7
5538	237.7
5539	276.2
5540	286.2
5541	252.5
5542	281
5543	332.7
5544	306.2
5545	6.3
5546	312.3
5547	294.2
5548	278.8
5549	296
5550	323.4
5551	296.7
5552	299.5
5553	23.4
5554	36.7
5555	197.3
5556	157.9
5557	161.5
5558	157.2
5559	171.1
5560	162.2
5561	176
5562	185.3
5563	231.9
5564	303.8
5565	39.2
5566	22.5
5567	16
5568	0.2
5569	16.3
5570	37.1
5571	45.8
5572	359.9
5573	27.3
5574	299.6
5575	287
5576	274.7
5577	11.3
5578	305.3
5579	178.4
5580	170.8
5581	157.2
5582	173.4
5583	155.3
5584	186.5
5585	190.6
5586	159.6
5587	278.8
5588	30.8
5589	16.1
5590	358.7
5591	8.2
5592	46.8
5593	78.7
5594	84.7
5595	82.6
5596	85.8
5597	97.1
5598	89.5
5599	90.5
5600	87.6
5601	92.2
5602	88.8
5603	97.5
5604	133.3
5605	189.5
5606	133.6
5607	159.9
5608	170.9
5609	197.6
5610	176
5611	234
5612	273.5
5613	284.7
5614	273.1
5615	276.1
5616	14.6
5617	8
5618	315.5
5619	283.2
5620	286.1
5621	274.6
5622	311.7
5623	2.2
5624	346.3
5625	302.8
5626	192.2
5627	191.6
5628	207.3
5629	160.1
5630	224.9
5631	204.2
5632	171.1
5633	206.9
5634	224.1
5635	262.9
5636	345.7
5637	30.7
5638	33.3
5639	17.6
5640	318
5641	296.4
5642	351
5643	288.5
5644	290
5645	286.8
5646	288.3
5647	287.7
5648	288.1
5649	281.4
5650	218.5
5651	192.5
5652	182.4
5653	184.1
5654	183.9
5655	229.8
5656	227.8
5657	236.8
5658	246.9
5659	262.8
5660	306.3
5661	357
5662	298.9
5663	286.8
5664	264
5665	21.1
5666	296.1
5667	272.2
5668	268.1
5669	304.7
5670	343.1
5671	342.8
5672	278.3
5673	344.4
5674	304.5
5675	227.6
5676	185.1
5677	197.2
5678	209.9
5679	147.2
5680	193.4
5681	255.4
5682	262.4
5683	239.4
5684	232.8
5685	302.4
5686	320.2
5687	24.3
5688	6.2
5689	353
5690	5
5691	337.4
5692	296.8
5693	291.3
5694	285
5695	274.9
5696	292.6
5697	116.4
5698	146.9
5699	176.5
5700	189.7
5701	181.3
5702	174.2
5703	172.4
5704	190.8
5705	168.3
5706	182
5707	209.1
5708	41.1
5709	46.5
5710	72.5
5711	96.4
5712	76.7
5713	46.4
5714	68.5
5715	196.8
5716	89.2
5717	142.7
5718	166.6
5719	116.1
5720	100
5721	172.5
5722	146
5723	150.1
5724	179.5
5725	151.2
5726	86.7
5727	121.4
5728	159.5
5729	165.4
5730	164.1
5731	169.8
5732	125.8
5733	94.2
5734	87
5735	86
5736	88.8
5737	81.8
5738	82.9
5739	88.3
5740	205.3
5741	246.5
5742	319
5743	220.3
5744	237.8
5745	254
5746	194.7
5747	164.5
5748	182.5
5749	167.3
5750	168.2
5751	171.1
5752	170.9
5753	184.3
5754	201.5
5755	288.8
5756	347.3
5757	5.5
5758	330.8
5759	300.7
5760	299.4
5761	18.8
5762	298.6
5763	0
5764	204.3
5765	61.5
5766	300
5767	315.5
5768	358.7
5769	249
5770	179.6
5771	194
5772	194.6
5773	195.5
5774	194.6
5775	185
5776	172.4
5777	178
5778	163.3
5779	198.2
5780	287.5
5781	279.3
5782	210.9
5783	187.6
5784	168.1
5785	285.6
5786	272.2
5787	268.1
5788	274.6
5789	266
5790	265.9
5791	304.5
5792	278.8
5793	241.1
5794	162
5795	192.2
5796	219.2
5797	180.4
5798	161.3
5799	167.9
5800	203.5
5801	214.1
5802	237.5
5803	288.4
5804	351.8
5805	12.1
5806	24.6
5807	22.8
5808	16.5
5809	17.7
5810	352.1
5811	293.8
5812	296.4
5813	280.7
5814	287.3
5815	288.7
5816	280.4
5817	164.5
5818	212.6
5819	172.3
5820	196.5
5821	201.2
5822	189.6
5823	182.5
5824	173
5825	188.5
5826	185.9
5827	202.4
5828	337.3
5829	20.4
5830	4.8
5831	36.4
5832	83.8
5833	75.2
5834	93.7
5835	81.3
5836	75.8
5837	91.7
5838	83.6
5839	88.2
5840	94.1
5841	88.3
5842	111.8
5843	142.2
5844	177.3
5845	176.2
5846	161.4
5847	175.1
5848	180.5
5849	96.2
5850	119.5
5851	128.7
5852	170.1
5853	63.9
5854	77.9
5855	89.2
5856	109.8
5857	121.3
5858	134.3
5859	158.8
5860	131.4
5861	170.7
5862	178.8
5863	153.6
5864	73.7
5865	137.6
5866	178.3
5867	178.6
5868	169
5869	170.6
5870	171.4
5871	187.2
5872	191.3
5873	216.4
5874	222
5875	254.4
5876	282.8
5877	22
5878	33.7
5879	26.3
5880	26.8
5881	31.5
5882	18
5883	299.7
5884	292.1
5885	0
5886	284
5887	284.3
5888	286
5889	164.1
5890	239.3
5891	201.5
5892	197.5
5893	215.7
5894	185.2
5895	167.2
5896	176.2
5897	196.2
5898	236.7
5899	252.9
5900	332.1
5901	344.4
5902	311.7
5903	310.6
5904	298.7
5905	300.2
5906	304.5
5907	286.1
5908	289.9
5909	287.1
5910	294
5911	305.7
5912	282.2
5913	244.9
5914	151.9
5915	161.4
5916	184.5
5917	201.2
5918	177.3
5919	189.1
5920	178.5
5921	223.6
5922	251.5
5923	292.7
5924	322.5
5925	14.2
5926	326.1
5927	329.4
5928	340.2
5929	324.8
5930	300.4
5931	285.8
5932	315
5933	356.1
5934	26.5
5935	314
5936	277
5937	317
5938	300.1
5939	254.1
5940	196.3
5941	169.6
5942	117
5943	218.2
5944	258.5
5945	254.8
5946	218.9
5947	226.6
5948	261.7
5949	16.1
5950	32.1
5951	45.7
5952	19.2
5953	28.9
5954	11.3
5955	313.1
5956	281.9
5957	331.9
5958	298.8
5959	293.3
5960	304.4
5961	307.4
5962	157.3
5963	166
5964	206
5965	198.5
5966	193.4
5967	184.1
5968	178.3
5969	231.2
5970	299
5971	305.4
5972	10.2
5973	42
5974	19.6
5975	289.4
5976	295.2
5977	0
5978	277.1
5979	296.6
5980	16
5981	352.5
5982	19
5983	23.8
5984	0.7
5985	330.2
5986	255.5
5987	251.9
5988	238.3
5989	254.5
5990	187.4
5991	246.4
5992	273.1
5993	311.6
5994	268.8
5995	304.7
5996	323.7
5997	305.7
5998	338.5
5999	8.4
6000	16.2
6001	298.6
6002	284.2
6003	286.8
6004	288.4
6005	287
6006	289.4
6007	292.7
6008	289.2
6009	195.3
6010	147.7
6011	198.6
6012	184.9
6013	179.8
6014	176.8
6015	179.5
6016	170.4
6017	184.4
6018	231.3
6019	295.3
6020	275.9
6021	12.5
6022	353.9
6023	341.3
6024	312.8
6025	4.5
6026	323.9
6027	66.9
6028	134.2
6029	176.1
6030	48.6
6031	58.3
6032	63.7
6033	98.4
6034	132.2
6035	141.8
6036	186.1
6037	183.2
6038	175.6
6039	174
6040	170.4
6041	166.1
6042	220.2
6043	212.9
6044	38.8
6045	47.2
6046	92.6
6047	92.2
6048	97.5
6049	91.4
6050	82.9
6051	85.2
6052	87.9
6053	85.4
6054	86
6055	83.7
6056	100.6
6057	144.7
6058	161.9
6059	161
6060	168.2
6061	168.7
6062	173
6063	174.3
6064	187
6065	225.8
6066	211
6067	279.7
6068	308.3
6069	34.2
6070	30
6071	21.8
6072	308.4
6073	289.8
6074	279.5
6075	260.6
6076	269.3
6077	249.3
6078	265.1
6079	262
6080	248.3
6081	252.5
6082	247.5
6083	224.4
6084	224.4
6085	159.7
6086	153.3
6087	205.1
6088	179.4
6089	233.3
6090	252.7
6091	265
6092	313.2
6093	354.3
6094	27.1
6095	30.1
6096	24
6097	24.9
6098	20.1
6099	347.7
6100	256
6101	243.2
6102	244.8
6103	29.9
6104	178.8
6105	162.3
6106	228.8
6107	234.8
6108	139.7
6109	134.7
6110	115.2
6111	135.8
6112	238.1
6113	232.1
6114	231.4
6115	248.1
6116	231.9
6117	282
6118	33
6119	28
6120	17.1
6121	5.7
6122	327.1
6123	26.2
6124	323.2
6125	24
6126	29.7
6127	22.6
6128	358.2
6129	23.9
6130	61.4
6131	280
6132	208.6
6133	175.6
6134	182.2
6135	145.9
6136	273.3
6137	293.9
6138	277.3
6139	283.1
6140	294.1
6141	335.1
6142	19.5
6143	11.7
6144	293.2
6145	276.6
6146	306.4
6147	272.2
6148	264.7
6149	265.3
6150	61
6151	40.2
6152	53.4
6153	122.5
6154	135.3
6155	143.8
6156	202.1
6157	177.1
6158	168.1
6159	172.2
6160	162.8
6161	165.1
6162	168.1
6163	189.1
6164	0
6165	279.1
6166	40.3
6167	48.2
6168	60.9
6169	71.9
6170	80.7
6171	62.8
6172	71.7
6173	94.9
6174	74.6
6175	86.5
6176	107.1
6177	94.8
6178	103.4
6179	120.7
6180	145.1
6181	196
6182	193.4
6183	181.3
6184	170.8
6185	174.3
6186	169.8
6187	165.3
6188	305
6189	309
6190	0.6
6191	56.6
6192	170.5
6193	170.6
6194	156.1
6195	0
6196	302.9
6197	293.9
6198	287.4
6199	279.8
6200	277.7
6201	125.6
6202	141
6203	192.8
6204	223.6
6205	218
6206	207.1
6207	202.6
6208	205.8
6209	246.3
6210	246.6
6211	30.2
6212	27
6213	32.8
6214	30.8
6215	36
6216	8.1
6217	302.8
6218	295.3
6219	282.7
6220	339.4
6221	293.7
6222	300.4
6223	292.3
6224	312.9
6225	232.5
6226	145.1
6227	197.8
6228	202.9
6229	173.1
6230	186.3
6231	186.3
6232	218.3
6233	217.8
6234	225.5
6235	226.9
6236	245.3
6237	317.6
6238	38
6239	35.3
6240	33.7
6241	25.9
6242	25.8
6243	22
6244	19.3
6245	316.1
6246	292.5
6247	268.7
6248	274
6249	280.1
6250	126.9
6251	180.3
6252	170
6253	127.1
6254	124.7
6255	190.4
6256	207.9
6257	175.5
6258	161.1
6259	295.7
6260	286.4
6261	326.4
6262	9.9
6263	25.9
6264	27.3
6265	29.8
6266	356.8
6267	299.6
6268	281.8
6269	282.4
6270	274.7
6271	289.7
6272	285.7
6273	0
6274	126.4
6275	184.1
6276	212.6
6277	190
6278	171.9
6279	164.3
6280	162
6281	147.4
6282	150.1
6283	209.9
6284	267.1
6285	331.4
6286	26.8
6287	10.7
6288	342.4
6289	46.7
6290	46.8
6291	41.3
6292	348.1
6293	343.6
6294	31.3
6295	38.7
6296	26.8
6297	337.8
6298	314.9
6299	291.7
6300	284.7
6301	283.1
6302	275.1
6303	197.6
6304	255.2
6305	251.2
6306	284.5
6307	303.1
6308	338.3
6309	1.1
6310	1.8
6311	13.4
6312	49
6313	54.1
6314	57.2
6315	50.1
6316	349.5
6317	352.7
6318	348.8
6319	343.1
6320	315.5
6321	301.4
6322	255.1
6323	276.3
6324	287.2
6325	201.1
6326	205.3
6327	185.8
6328	193.7
6329	200.3
6330	251.4
6331	307.4
6332	26.2
6333	29.8
6334	26.8
6335	18.8
6336	24.4
6337	284.6
6338	289.1
6339	294.1
6340	295
6341	336.4
6342	328.6
6343	287.4
6344	297.4
6345	346.2
6346	186.4
6347	135.7
6348	161
6349	163.5
6350	192.6
6351	196.3
6352	192.4
6353	154.9
6354	102.2
6355	5.4
6356	359.8
6357	15
6358	181.4
6359	47.7
6360	35.3
6361	22.7
6362	40.7
6363	57.5
6364	59.8
6365	80.1
6366	69.4
6367	95.9
6368	72.9
6369	122.7
6370	152.4
6371	146.2
6372	143.9
6373	182.9
6374	190.7
6375	173.8
6376	53.2
6377	272.9
6378	8.3
6379	30.2
6380	27.2
6381	23.5
6382	37.9
6383	329.6
6384	298.1
6385	91.2
6386	99.3
6387	91.1
6388	91.3
6389	95.1
6390	94.9
6391	93.4
6392	296.2
6393	284.5
6394	294.2
6395	296.5
6396	323.9
6397	302.1
6398	8.3
6399	265.2
6400	323.9
6401	96.9
6402	98.7
6403	86.9
6404	77
6405	85.8
6406	90.7
6407	79
6408	82.3
6409	79.2
6410	57.5
6411	0.8
6412	19.6
6413	255.9
6414	239.4
6415	19
6416	13.7
6417	325.6
6418	131.2
6419	185.9
6420	194.4
6421	190
6422	169.2
6423	162
6424	225.6
6425	185.4
6426	257.7
6427	253.8
6428	254
6429	294.3
6430	27.5
6431	25.3
6432	305.2
6433	291.2
6434	285.3
6435	336.7
6436	16.4
6437	30.6
6438	24.5
6439	14.6
6440	296.7
6441	22.3
6442	162.6
6443	201.6
6444	184.7
6445	193.7
6446	165.4
6447	152.2
6448	157.1
6449	217.5
6450	224.5
6451	254.5
6452	10.2
6453	30.3
6454	21.5
6455	5.9
6456	1.3
6457	13.3
6458	298.9
6459	291.9
6460	280.5
6461	275.3
6462	331.3
6463	279.6
6464	290.3
6465	188.8
6466	145.5
6467	178.5
6468	180.7
6469	172.8
6470	185.1
6471	175.7
6472	174.3
6473	155.1
6474	209.1
6475	281
6476	358.5
6477	8.1
6478	347.8
6479	319.7
6480	299.7
6481	295.5
6482	292.6
6483	285.7
6484	296.1
6485	294.8
6486	295.5
6487	295.8
6488	287.6
6489	251.2
6490	135.5
6491	191
6492	203.5
6493	206.2
6494	197.5
6495	182.4
6496	172.8
6497	178.3
6498	159.5
6499	273.4
6500	307.1
6501	286
6502	290.9
6503	294.8
6504	315.8
6505	309
6506	289.8
6507	0
6508	303.2
6509	336
6510	281.4
6511	297.1
6512	334.2
6513	126.7
6514	215
6515	212.5
6516	162.3
6517	191.3
6518	153.4
6519	179.1
6520	235
6521	295.1
6522	22.8
6523	9.6
6524	22.5
6525	32.6
6526	11.7
6527	45.1
6528	322.8
6529	2.3
6530	27.6
6531	350.9
6532	299.3
6533	289.8
6534	0
6535	0
6536	315.2
6537	309.9
6538	152.9
6539	186.1
6540	207.6
6541	188.4
6542	176.9
6543	168
6544	187.4
6545	240.7
6546	258.7
6547	278.4
6548	302.6
6549	14.6
6550	339.6
6551	19.1
6552	305.5
6553	302.4
6554	339.1
6555	330.2
6556	297.6
6557	317.4
6558	308.8
6559	296.8
6560	278.7
6561	352.8
6562	319
6563	151
6564	184.9
6565	192.1
6566	151.3
6567	184.7
6568	209.6
6569	255.5
6570	301.7
6571	271.4
6572	277.3
6573	353.3
6574	0.2
6575	15.2
6576	46.6
6577	12.8
6578	22.1
6579	15.8
6580	33.6
6581	16.5
6582	299.4
6583	348.4
6584	353.2
6585	22.8
6586	192.7
6587	152.7
6588	176.7
6589	180.1
6590	179.9
6591	188.1
6592	179.1
6593	172
6594	183.2
6595	83.2
6596	305.5
6597	295.4
6598	279.4
6599	301.5
6600	301.6
6601	288.2
6602	274.1
6603	281
6604	281.9
6605	268.9
6606	304.8
6607	278
6608	289.7
6609	263.1
6610	226.8
6611	254.9
6612	190.8
6613	138
6614	200.6
6615	203.1
6616	221.4
6617	227.9
6618	244.9
6619	283.1
6620	290.9
6621	274.6
6622	249.1
6623	265.2
6624	277.6
6625	280.6
6626	10.9
6627	295.5
6628	20.8
6629	49.9
6630	351.7
6631	294
6632	329.7
6633	40.4
6634	296
6635	300
6636	118.6
6637	300.4
6638	302
6639	296.6
6640	307.9
6641	294.1
6642	292.2
6643	288.9
6644	328.6
6645	9.6
6646	326.2
6647	316
6648	100.9
6649	121.3
6650	142.2
6651	123.1
6652	140.8
6653	153
6654	172.8
6655	184.2
6656	252.1
6657	234.8
6658	117.9
6659	170
6660	191.9
6661	187.2
6662	162.9
6663	160.8
6664	203.5
6665	214.4
6666	244.1
6667	280.7
6668	303.3
6669	358.4
6670	42.1
6671	44.5
6672	11.4
6673	31.9
6674	29.3
6675	339.2
6676	304.2
6677	310.8
6678	281.3
6679	284.9
6680	278.3
6681	277.3
6682	187.6
6683	175.2
6684	175
6685	168.6
6686	178.4
6687	167.6
6688	160.6
6689	151.7
6690	237.6
6691	315.3
6692	1.7
6693	27.2
6694	351.2
6695	1
6696	5.1
6697	26.3
6698	33.4
6699	37.5
6700	290
6701	270.5
6702	260.6
6703	284.7
6704	36.6
6705	93.3
6706	141.7
6707	158.5
6708	185
6709	185.3
6710	156.4
6711	162.7
6712	151.1
6713	139.1
6714	162.3
6715	244.5
6716	292.2
6717	349.9
6718	18.5
6719	349.5
6720	303.6
6721	310.8
6722	76.4
6723	53.7
6724	51.9
6725	91.2
6726	80.4
6727	158.5
6728	59.2
6729	149.1
6730	160.6
6731	179.6
6732	199.8
6733	184.3
6734	181
6735	176.9
6736	169
6737	160.7
6738	143.7
6739	298.6
6740	293.9
6741	309.6
6742	296.3
6743	295.5
6744	298.2
6745	301.1
6746	297.8
6747	300
6748	319.3
6749	290.5
6750	290.3
6751	292.8
6752	296.5
6753	294.7
6754	143.8
6755	167.5
6756	199
6757	196.6
6758	184.3
6759	164.5
6760	172.3
6761	193.5
6762	173.7
6763	260.9
6764	38.1
6765	30.2
6766	327.6
6767	348.5
6768	14.8
6769	28.4
6770	34.4
6771	27.3
6772	30.8
6773	27.6
6774	2.1
6775	15.2
6776	354.5
6777	39.9
6778	11.9
6779	155.9
6780	192.7
6781	204
6782	180.7
6783	175.6
6784	170
6785	300
6786	288
6787	318.4
6788	35.6
6789	274.7
6790	316
6791	22.1
6792	306.5
6793	305.2
6794	0
6795	327.7
6796	323.6
6797	311.5
6798	276.7
6799	278.4
6800	285.7
6801	302.4
6802	157.1
6803	170.4
6804	199
6805	188.4
6806	180.1
6807	169.6
6808	176.3
6809	160.7
6810	232.9
6811	286.2
6812	7.2
6813	300.7
6814	322.5
6815	309.5
6816	298.2
6817	295.7
6818	297.8
6819	299.3
6820	303.5
6821	309.9
6822	280.2
6823	291.8
6824	324.4
6825	310.5
6826	128.9
6827	135.5
6828	137.8
6829	167.3
6830	181.5
6831	175.5
6832	194.8
6833	162.9
6834	171.6
6835	323
6836	318.4
6837	293.9
6838	301.4
6839	294.6
6840	5.7
6841	24.9
6842	33.2
6843	8.5
6844	61.1
6845	296.7
6846	288
6847	295
6848	339.3
6849	64.8
6850	142.5
6851	154.3
6852	172.3
6853	202.1
6854	211.8
6855	167.2
6856	157.6
6857	140.9
6858	219.3
6859	277.2
6860	277.6
6861	294.8
6862	328.3
6863	317.8
6864	25
6865	259.7
6866	238.3
6867	244.5
6868	259.4
6869	245.1
6870	244.5
6871	256.4
6872	241.6
6873	245.4
6874	261.7
6875	274.9
6876	275.2
6877	280.8
6878	280.4
6879	282
6880	299.9
6881	303.8
6882	268.8
6883	273.8
6884	353.4
6885	24.8
6886	29.2
6887	28.3
6888	320.8
6889	313
6890	299.7
6891	359.9
6892	317.7
6893	310.3
6894	307.8
6895	306
6896	311.4
6897	81.7
6898	144.2
6899	178.6
6900	185.3
6901	167.8
6902	174
6903	171
6904	162.8
6905	175.2
6906	156.4
6907	75.1
6908	101.5
6909	106.6
6910	91.5
6911	125.6
6912	126.5
6913	142.5
6914	160.8
6915	181.7
6916	55.3
6917	305.4
6918	281
6919	284.4
6920	287.1
6921	277.5
6922	265.9
6923	238.5
6924	195.5
6925	263.2
6926	269.6
6927	264.6
6928	259.3
6929	257.4
6930	260.8
6931	285.7
6932	296.7
6933	293.6
6934	125
6935	166.6
6936	168.6
6937	233.7
6938	31.6
6939	156.8
6940	199.2
6941	143.1
6942	128.5
6943	180.9
6944	149.3
6945	165.8
6946	206.3
6947	307.9
6948	304.8
6949	294.1
6950	289.1
6951	288.2
6952	290.1
6953	295.1
6954	288.1
6955	290.2
6956	307.9
6957	312.2
6958	313.8
6959	357
6960	310.1
6961	313.5
6962	322.4
6963	324
6964	327.3
6965	321.1
6966	343.7
6967	354.1
6968	350.6
6969	31.4
6970	327.4
6971	297.6
6972	215.5
6973	194.9
6974	188.4
6975	234.3
6976	267.2
6977	310.7
6978	304.6
6979	320.3
6980	4.9
6981	47.3
6982	42.6
6983	39.4
6984	30.8
6985	7.3
6986	22.6
6987	39
6988	322.4
6989	305.1
6990	314.3
6991	309.3
6992	308.6
6993	334.2
6994	140.1
6995	187.7
6996	188.8
6997	215
6998	206
6999	182
7000	185.8
7001	179.2
7002	188.9
7003	58
7004	81.4
7005	106.4
7006	106.3
7007	108.3
7008	104.7
7009	115.5
7010	129.2
7011	161.1
7012	176.9
7013	183.2
7014	185.2
7015	173.9
7016	203.7
7017	199.5
7018	219
7019	167.6
7020	179.5
7021	139.7
7022	139.7
7023	195.6
7024	152.4
7025	175.4
7026	145.3
7027	68.7
7028	180.1
7029	196.6
7030	272
7031	284
7032	130
7033	148.5
7034	272
7035	273
7036	280.5
7037	279
7038	282.4
7039	281
7040	278.6
7041	281.2
7042	277.7
7043	278.2
7044	269.9
7045	248.9
7046	253.2
7047	255.8
7048	250.7
7049	274.3
7050	282.9
7051	314.6
7052	26.6
7053	38.7
7054	43
7055	15.7
7056	334.7
7057	311.3
7058	301.5
7059	283.7
7060	294.5
7061	312.8
7062	296.1
7063	8.3
7064	319.1
7065	305.7
7066	160.2
7067	208.3
7068	191.1
7069	179.9
7070	183.6
7071	191.7
7072	177.8
7073	191.1
7074	172.2
7075	308.5
7076	340.4
7077	170.5
7078	59.6
7079	66.7
7080	110.1
7081	125.6
7082	105.9
7083	105.4
7084	100.6
7085	107.5
7086	107.1
7087	103.3
7088	106.4
7089	117.2
7090	163.8
7091	172.2
7092	152.6
7093	157
7094	180.1
7095	181.4
7096	168.9
7097	175.2
7098	228.8
7099	267.3
7100	272.7
7101	1.8
7102	293.3
7103	292.9
7104	308.8
7105	299.5
7106	300.4
7107	46.3
7108	96.9
7109	117.1
7110	103.2
7111	126.3
7112	155.7
7113	172
7114	118
7115	104.5
7116	206.7
7117	205.3
7118	233.9
7119	253.2
7120	246.6
7121	255.6
7122	225.4
7123	271.2
7124	301.7
7125	354.1
7126	354.6
7127	86.4
7128	87.7
7129	81.2
7130	69.1
7131	71.8
7132	95.3
7133	78.4
7134	94.6
7135	92.4
7136	93.3
7137	85.9
7138	94.5
7139	121.9
7140	125.7
7141	125.7
7142	214.1
7143	178.2
7144	175.6
7145	166.7
7146	205.1
7147	171.5
7148	169.6
7149	104.2
7150	179.6
7151	51.1
7152	298.3
7153	317.7
7154	211.3
7155	272.1
7156	251.9
7157	263.8
7158	267.3
7159	278.7
7160	301.7
7161	298.2
7162	309
7163	310.1
7164	315
7165	299.4
7166	295.2
7167	280.5
7168	302
7169	296
7170	318
7171	310.9
7172	27.1
7173	51.9
7174	27.4
7175	32.4
7176	33.6
7177	302.6
7178	312.1
7179	305.2
7180	309.8
7181	321.7
7182	1.5
7183	29.1
7184	32.8
7185	99.8
7186	103.8
7187	138.6
7188	125.4
7189	126.1
7190	131.3
7191	132.6
7192	138.1
7193	134.1
7194	187
7195	77.6
7196	336.2
7197	341.7
7198	287.9
7199	296
7200	1.8
7201	18.5
7202	185.2
7203	156.7
7204	103.7
7205	191.1
7206	275.6
7207	292.1
7208	290.8
7209	287
7210	264.7
7211	189.7
7212	200.3
7213	182.4
7214	247.9
7215	262.3
7216	272
7217	78.1
7218	85.9
7219	61.1
7220	122.3
7221	169.7
7222	332.8
7223	289.2
7224	73
7225	68.2
7226	263.5
7227	285.4
7228	285.8
7229	275.8
7230	278.8
7231	283.3
7232	289.7
7233	290.4
7234	286
7235	269.6
7236	285.8
7237	291.6
7238	138.5
7239	296.4
7240	297.5
7241	298.5
7242	302
7243	318.2
7244	326
7245	342.9
7246	42.5
7247	41.1
7248	154.7
7249	141.4
7250	189.1
7251	190.1
7252	181.6
7253	202.2
7254	76.6
7255	285
7256	305.4
7257	309.2
7258	210.2
7259	159.8
7260	170.4
7261	198
7262	254.7
7263	260.5
7264	259.3
7265	282.6
7266	281.5
7267	308.4
7268	312.5
7269	322
7270	315.4
7271	308.7
7272	303
7273	311.7
7274	31.3
7275	38.5
7276	70
7277	94.4
7278	101.1
7279	117.9
7280	118.6
7281	102.7
7282	136.6
7283	147
7284	167.6
7285	190.4
7286	182.2
7287	190.2
7288	176.5
7289	200.8
7290	165.3
7291	62.2
7292	103.6
7293	97.2
7294	117.1
7295	138.1
7296	138.4
7297	158.9
7298	164.9
7299	163.2
7300	162.7
7301	87.9
7302	95.5
7303	91.4
7304	85
7305	95.3
7306	106.4
7307	117.9
7308	118.3
7309	124.4
7310	116.7
7311	111.3
7312	107.1
7313	113.9
7314	131.9
7315	158.7
7316	177.1
7317	184.7
7318	185.4
7319	179.5
7320	142.9
7321	184.8
7322	323.5
7323	351.2
7324	328.4
7325	272.4
7326	314
7327	83.3
7328	93.1
7329	94.1
7330	96.1
7331	110.4
7332	137.3
7333	159.1
7334	179.5
7335	166.1
7336	188.5
7337	319.5
7338	255.4
7339	305.7
7340	303.2
7341	310.9
7342	290.8
7343	301.2
7344	301.1
7345	297
7346	318.5
7347	317.7
7348	316.3
7349	302.7
7350	325.5
7351	336.8
7352	318.8
7353	4.4
7354	126.6
7355	157.5
7356	171.8
7357	180.6
7358	179.8
7359	175.1
7360	175.6
7361	161.6
7362	179.6
7363	26.5
7364	81.6
7365	101.3
7366	100.4
7367	100.7
7368	178.4
7369	93.1
7370	101.4
7371	74.1
7372	88.8
7373	131.5
7374	90.5
7375	96.8
7376	141.1
7377	98.5
7378	116.7
7379	160.7
7380	174.1
7381	180.6
7382	171.9
7383	205.7
7384	175.1
7385	193
7386	71.6
7387	10.3
7388	22.6
7389	307.5
7390	302.4
7391	315.4
7392	282
7393	294
7394	291.8
7395	329.1
7396	295.4
7397	303.9
7398	298
7399	302
7400	303.3
7401	307.3
7402	283.8
7403	209.9
7404	182.8
7405	188.1
7406	188.2
7407	165.9
7408	164.6
7409	198.2
7410	261.2
7411	329.3
7412	336.7
7413	342.7
7414	352.8
7415	283.5
7416	359.3
7417	16.7
7418	272.5
7419	19.3
7420	323.8
7421	277.1
7422	273.3
7423	319.9
7424	315.2
7425	290.2
7426	293.2
7427	178.5
7428	198.8
7429	190
7430	202.5
7431	194.6
7432	203.1
7433	191.4
7434	81.8
7435	292.5
7436	296
7437	302.1
7438	309.3
7439	319.8
7440	323.7
7441	309.8
7442	302.4
7443	309.7
7444	304.2
7445	302.5
7446	308.6
7447	298.2
7448	337.3
7449	346.9
7450	95.5
7451	140.1
7452	157.7
7453	171
7454	158.2
7455	176.1
7456	179.6
7457	164.4
7458	149.5
7459	172.7
7460	170.7
7461	166.8
7462	172.9
7463	174.5
7464	155.4
7465	170.7
7466	179.1
7467	199.8
7468	218.6
7469	257.3
7470	298.7
7471	196.8
7472	275.2
7473	299.9
7474	271
7475	197.2
7476	238.4
7477	180.1
7478	251.8
7479	264.2
7480	298.3
7481	314.2
7482	318.1
7483	16.7
7484	20.5
7485	30.2
7486	310.1
7487	321.3
7488	319.7
7489	324.1
7490	347.4
7491	318.5
7492	81.2
7493	125.9
7494	105.9
7495	127.6
7496	140.7
7497	154.8
7498	103.4
7499	184.7
7500	160.7
7501	128.2
7502	151.6
7503	126.6
7504	149.7
7505	238.5
7506	294.9
7507	270.1
7508	305.7
7509	309.2
7510	261.4
7511	340.2
7512	293.9
7513	310.7
7514	276.8
7515	291.6
7516	297.6
7517	310.2
7518	264
7519	232.3
7520	246.4
7521	209.6
7522	241.3
7523	250.3
7524	219.1
7525	181
7526	213.9
7527	189.5
7528	190.1
7529	236.1
7530	227.8
7531	265.8
7532	329
7533	313.9
7534	304.1
7535	300.2
7536	302.9
7537	313.1
7538	336
7539	318.1
7540	326.3
7541	321.4
7542	325.9
7543	324
7544	323.8
7545	325.1
7546	343.6
7547	242.4
7548	246.5
7549	259.1
7550	265.8
7551	283.5
7552	310.6
7553	302
7554	296.6
7555	304.9
7556	299.1
7557	325.5
7558	325.4
7559	318.2
7560	16.6
7561	25.5
7562	356.8
7563	14.9
7564	4.4
7565	350.9
7566	322
7567	264.7
7568	240.3
7569	280.8
7570	234.3
7571	227.5
7572	129.6
7573	120.7
7574	209.7
7575	205.5
7576	236.1
7577	291.4
7578	291.1
7579	313.2
7580	317.6
7581	316.2
7582	334.4
7583	348.4
7584	4.7
7585	353.6
7586	39
7587	58.8
7588	51.5
7589	97.6
7590	106
7591	99.1
7592	106.4
7593	98.8
7594	114.4
7595	132.1
7596	124.9
7597	118.8
7598	107.7
7599	102.7
7600	122.7
7601	112
7602	96
7603	93.7
7604	98.6
7605	99.9
7606	106.7
7607	108.5
7608	112
7609	107.2
7610	108.7
7611	105.4
7612	73.2
7613	71.8
7614	77.2
7615	6.3
7616	79.3
7617	53.1
7618	126
7619	135.7
7620	130.2
7621	136.3
7622	134.3
7623	133.7
7624	131.2
7625	133.3
7626	140.5
7627	120.3
7628	142.6
7629	117.6
7630	118.4
7631	128.8
7632	122.7
7633	109.8
7634	116.5
7635	122.3
7636	133.4
7637	164
7638	177.3
7639	164
7640	219.8
7641	187.4
7642	252.2
7643	184.8
7644	246
7645	165.5
7646	194.5
7647	172.2
7648	190.1
7649	145.3
7650	151.8
7651	43.1
7652	358.8
7653	339.4
7654	311.4
7655	312.4
7656	308.6
7657	274.7
7658	27.8
7659	283.2
7660	61.5
7661	104.4
7662	108
7663	104
7664	106.4
7665	114.3
7666	104.5
7667	117
7668	127.6
7669	134.4
7670	141.7
7671	158.9
7672	153
7673	164.9
7674	119.3
7675	109.1
7676	105.9
7677	119.9
7678	124.1
7679	105.4
7680	96.8
7681	98.2
7682	103.5
7683	73.3
7684	77.5
7685	91.4
7686	99.7
7687	88.9
7688	96.9
7689	340.6
7690	145.2
7691	101.3
7692	96.1
7693	121.9
7694	137.8
7695	105.2
7696	112.3
7697	102.7
7698	85.6
7699	84.8
7700	80.6
7701	67.7
7702	76.6
7703	75.4
7704	90.5
7705	89.8
7706	94.7
7707	107.2
7708	106.5
7709	101.3
7710	106.5
7711	99.3
7712	86.7
7713	86.1
7714	90.6
7715	99.1
7716	91.5
7717	89.2
7718	102.9
7719	110.8
7720	102.6
7721	87.9
7722	84.8
7723	112.9
7724	133.5
7725	144.3
7726	151
7727	144.9
7728	146.4
7729	161.5
7730	164.8
7731	298.3
7732	296.7
7733	280.1
7734	302.8
7735	341.1
7736	331.1
7737	351.6
7738	4.9
7739	86.5
7740	139
7741	132
7742	130.5
7743	123.8
7744	141.5
7745	107.6
7746	88.8
7747	73.6
7748	70.2
7749	80
7750	91.6
7751	117.1
7752	137.5
7753	151.4
7754	155.9
7755	122.8
7756	90.7
7757	87.5
7758	129.3
7759	123.8
7760	123.5
7761	83.6
7762	86.9
7763	79.4
7764	82
7765	88.3
7766	109.7
7767	109.7
7768	105.2
7769	104.8
7770	111.8
7771	156
7772	159.8
7773	101.7
7774	105
7775	111.2
7776	111.3
7777	118
7778	127
7779	128.9
7780	141.1
7781	143.8
7782	114
7783	123.2
7784	142.3
7785	102.6
7786	89.7
7787	105.8
7788	87.3
7789	86.3
7790	99.5
7791	111.8
7792	114.3
7793	119.4
7794	140.9
7795	151.5
7796	156.3
7797	158.7
7798	162.4
7799	149.6
7800	160.3
7801	165.3
7802	160.8
7803	162.7
7804	163.6
7805	157.9
7806	148
7807	153.9
7808	144.6
7809	126.6
7810	61.5
7811	285.5
7812	87.7
7813	279.9
7814	306.5
7815	300.1
7816	304.7
7817	249.4
7818	288.8
7819	302.9
7820	307.6
7821	308.2
7822	307.2
7823	299.4
7824	304.6
7825	302.1
7826	302.7
7827	311
7828	313.2
7829	340.7
7830	15.7
7831	23.6
7832	27.8
7833	22.2
7834	23.9
7835	273.1
7836	176.2
7837	139.6
7838	151.4
7839	154.5
7840	155.7
7841	147.4
7842	123
7843	41.2
7844	76.4
7845	68.9
7846	66.4
7847	81.8
7848	72.7
7849	78
7850	80.1
7851	76.7
7852	78.9
7853	81.2
7854	79.9
7855	85.5
7856	87.5
7857	92.1
7858	90.8
7859	91.3
7860	98.6
7861	108.2
7862	101.3
7863	106.4
7864	108.4
7865	147.9
7866	130.5
7867	94.6
7868	79.7
7869	242.3
7870	80
7871	57.4
7872	135.4
7873	53.1
7874	79.3
7875	108.8
7876	81
7877	142.9
7878	98.1
7879	46.7
7880	322.7
7881	344.5
7882	312.1
7883	306.9
7884	311.1
7885	305.5
7886	298.5
7887	19.7
7888	70.8
7889	24.7
7890	343
7891	19.1
7892	25.9
7893	357.1
7894	13.9
7895	331.8
7896	326.1
7897	302.9
7898	43
7899	305.6
7900	297.1
7901	341.2
7902	325.3
7903	336.2
7904	335.9
7905	315.9
7906	350.7
7907	341.3
7908	341.7
7909	343.6
7910	299.3
7911	318.4
7912	326.1
7913	318.1
7914	297.4
7915	320.6
7916	16.4
7917	353.9
7918	7.3
7919	357.4
7920	341.1
7921	2.3
7922	346.2
7923	358.8
7924	9.8
7925	37.5
7926	89.5
7927	173.1
7928	160.4
7929	109.4
7930	107.8
7931	114.2
7932	123.5
7933	153.5
7934	118.8
7935	120.4
7936	147.5
7937	153.3
7938	159.3
7939	158.1
7940	161.5
7941	87.3
7942	85.2
7943	88.3
7944	88.8
7945	85.9
7946	86.6
7947	50.7
7948	74.6
7949	60.4
7950	63.6
7951	75.5
7952	68.3
7953	74.1
7954	83.4
7955	113.5
7956	120.6
7957	111.1
7958	121.8
7959	118.1
7960	121
7961	95.2
7962	90.1
7963	78.8
7964	78.3
7965	78
7966	72.3
7967	82.4
7968	82.4
7969	85.4
7970	83.1
7971	77.2
7972	77.2
7973	83.8
7974	90.7
7975	87.5
7976	87.1
7977	82.8
7978	88.5
7979	91.8
7980	91.2
7981	93.1
7982	100.6
7983	97.3
7984	105.2
7985	98.4
7986	96.7
7987	100.1
7988	104.7
7989	131
7990	130.2
7991	117.6
7992	147.3
7993	170.4
7994	193.4
7995	125.4
7996	37.9
7997	137.1
7998	54.8
7999	41.3
8000	71.1
8001	76.9
8002	75.4
8003	117.9
8004	123.1
8005	114.4
8006	111.6
8007	111.2
8008	128.4
8009	128.5
8010	165.2
8011	165.4
8012	147
8013	149.8
8014	143.8
8015	130.5
8016	126.5
8017	118.4
8018	119.6
8019	113.4
8020	123.1
8021	116.3
8022	120.3
8023	155.2
8024	164.4
8025	163.8
8026	163
8027	160.3
8028	164.7
8029	155.3
8030	161.1
8031	134.4
8032	91.9
8033	142.7
8034	132.8
8035	74.2
8036	120.9
8037	147
8038	122.1
8039	159.2
8040	162.9
8041	168.7
8042	154.4
8043	158.4
8044	159.5
8045	158.7
8046	166.5
8047	160.8
8048	167.8
8049	164.2
8050	166.2
8051	165
8052	166.6
8053	163.8
8054	152.2
8055	154.8
8056	164.3
8057	157.2
8058	147.6
8059	129
8060	147.5
8061	154.8
8062	153.4
8063	158.4
8064	161.8
8065	155.4
8066	158.8
8067	159
8068	165.2
8069	167.1
8070	163.3
8071	163.7
8072	161.4
8073	163.5
8074	160.7
8075	157.2
8076	125
8077	95.6
8078	82.2
8079	301.8
8080	303
8081	290
8082	177.3
8083	295.7
8084	300
8085	305.5
8086	302.1
8087	301.5
8088	294.5
8089	303
8090	93.6
8091	306.7
8092	301.5
8093	310.8
8094	307.1
8095	345.9
8096	339.3
8097	5.9
8098	128.4
8099	130.7
8100	115.8
8101	148.7
8102	152.4
8103	151.9
8104	150.1
8105	163.3
8106	141.2
8107	88.9
8108	99.4
8109	110.7
8110	101.9
8111	103.5
8112	99.5
8113	103.6
8114	99
8115	100.5
8116	122.7
8117	147.5
8118	115.2
8119	94.3
8120	83.2
8121	84.7
8122	89.2
8123	91.7
8124	97.4
8125	126.2
8126	138.4
8127	137.2
8128	135.1
8129	130
8130	125.5
8131	162.3
8132	152.8
8133	161.2
8134	171
8135	171.3
8136	159.1
8137	164.1
8138	164.5
8139	162
8140	151.9
8141	166.3
8142	82.4
8143	75.1
8144	173
8145	287.7
8146	284.2
8147	291.8
8148	305.9
8149	286.5
8150	294.7
8151	286.1
8152	300.6
8153	302.3
8154	305.4
8155	322.3
8156	339.4
8157	338.3
8158	340.3
8159	308.2
8160	332.2
8161	314.7
8162	318.6
8163	320
8164	317.7
8165	355.1
8166	331.7
8167	316.8
8168	309.9
8169	312.9
8170	312
8171	325.3
8172	298.2
8173	296.6
8174	271.4
8175	296.5
8176	299.8
8177	307.8
8178	326.2
8179	337.4
8180	340.9
8181	344.4
8182	357.3
8183	344.8
8184	341.9
8185	340
8186	341.2
8187	314.5
8188	324.4
8189	328.7
8190	328.9
8191	318.1
8192	311.4
8193	300.9
8194	327.6
8195	301.2
8196	176.3
8197	175.8
8198	133.3
8199	155.3
8200	136.1
8201	92.6
8202	86.2
8203	285.3
8204	291.7
8205	300.9
8206	278.5
8207	265.8
8208	288.8
8209	290.7
8210	304.9
8211	310.1
8212	350.2
8213	337.7
8214	332.8
8215	306.5
8216	296.8
8217	299
8218	317.6
8219	297.9
8220	329.1
8221	275.7
8222	14.6
8223	299.2
8224	296
8225	298.6
8226	319.2
8227	338.5
8228	335.4
8229	335.7
8230	318.8
8231	335.8
8232	292.5
8233	287.4
8234	338.1
8235	34.9
8236	32.6
8237	38
8238	338.7
8239	61.8
8240	36.1
8241	29.7
8242	25.3
8243	346
8244	189.2
8245	186.8
8246	165.2
8247	167.6
8248	165.6
8249	69.8
8250	87.7
8251	347.6
8252	294.7
8253	325.1
8254	16.1
8255	328.1
8256	302.9
8257	304.8
8258	303
8259	304.8
8260	305.3
8261	322.5
8262	301.8
8263	306.5
8264	302.8
8265	319.3
8266	298.9
8267	322.9
8268	289.3
8269	325.2
8270	333.4
8271	320.5
8272	315.4
8273	340.7
8274	339.4
8275	347
8276	350
8277	341.3
8278	340.4
8279	340.5
8280	345
8281	355.4
8282	343.5
8283	343.8
8284	337.7
8285	327.6
8286	319.4
8287	336.8
8288	38.3
8289	349.1
8290	7.2
8291	93.9
8292	122.2
8293	95.9
8294	95.8
8295	88.6
8296	83.2
8297	81.4
8298	79.6
8299	79.4
8300	84.8
8301	119
8302	122.5
8303	146.8
8304	301.4
8305	303
8306	301.7
8307	139.3
8308	142.9
8309	26.5
8310	3.4
8311	3.3
8312	346.8
8313	268.7
8314	67.7
8315	49
8316	51
8317	117.1
8318	126.8
8319	143.4
8320	104.2
8321	123.3
8322	63
8323	8.3
8324	353.2
8325	331.6
8326	318.9
8327	336.1
8328	327.6
8329	12.3
8330	340.7
8331	344.6
8332	353.6
8333	318
8334	323.7
8335	328.6
8336	356.6
8337	315.6
8338	348.2
8339	354.2
8340	326.6
8341	9.6
8342	260.3
8343	30.6
8344	285
8345	54.2
8346	336.7
8347	19.3
8348	317.4
8349	328.1
8350	339.7
8351	321.1
8352	319.3
8353	302.9
8354	345.7
8355	41.2
8356	313.1
8357	310.3
8358	338
8359	320.6
8360	338.8
8361	296
8362	304.5
8363	310.3
8364	286.7
8365	205.9
8366	209.5
8367	155.1
8368	231.8
8369	236.8
8370	331.9
8371	339.8
8372	348.4
8373	337
8374	317.4
8375	321.7
8376	313
8377	330.7
8378	321.7
8379	278.1
8380	247.8
8381	277.6
8382	276.5
8383	197.8
8384	122.7
8385	22.9
8386	307.4
8387	345.2
8388	188.6
8389	136.6
8390	277.4
8391	119.6
8392	137.6
8393	151.2
8394	147.8
8395	129
8396	129.8
8397	117.9
8398	132.5
8399	148.3
8400	123
8401	143.1
8402	104.6
8403	114.7
8404	175.6
8405	79.4
8406	159.3
8407	273.5
8408	298.8
8409	314.2
8410	310.7
8411	287.8
8412	293.9
8413	256.6
8414	190.4
8415	176.2
8416	77.3
8417	82.9
8418	85.8
8419	91.4
8420	129
8421	154
8422	153.7
8423	159.7
8424	169.5
8425	167.6
8426	166.9
8427	172.6
8428	171.2
8429	130.1
8430	110.5
8431	113.4
8432	259.2
8433	262.5
8434	272.2
8435	269.7
8436	274.4
8437	230.6
8438	191
8439	273.1
8440	267.9
8441	106.2
8442	258.3
8443	293.7
8444	300.8
8445	301
8446	301
8447	299.1
8448	293.5
8449	292.7
8450	304.2
8451	299.6
8452	307.9
8453	326.4
8454	343.6
8455	351.3
8456	353.8
8457	332.3
8458	335.5
8459	72.2
8460	227.8
8461	212.3
8462	245.3
8463	258.4
8464	295.2
8465	277.3
8466	294.6
8467	320.4
8468	327.7
8469	316.6
8470	345.4
8471	344.8
8472	350.2
8473	347.5
8474	319.9
8475	313.6
8476	322.2
8477	312
8478	330.7
8479	324.3
8480	352.9
8481	317.7
8482	338.4
8483	5.5
8484	172.2
8485	166.8
8486	168.3
8487	147
8488	100.3
8489	88.9
8490	79.9
8491	84.7
8492	92.2
8493	91.8
8494	94
8495	90.6
8496	89.1
8497	83.9
8498	87.4
8499	91.5
8500	91.4
8501	95.9
8502	99.7
8503	92.4
8504	97.5
8505	101.5
8506	92
8507	88.3
8508	84.5
8509	84.3
8510	89.2
8511	85.7
8512	96.8
8513	98.9
8514	95.9
8515	105.3
8516	121.5
8517	98.6
8518	101
8519	109.3
8520	106.3
8521	97.7
8522	95.2
8523	101.3
8524	100.2
8525	98.4
8526	94.8
8527	89.2
8528	87.6
8529	85.3
8530	93.4
8531	98.8
8532	106.4
8533	98.6
8534	100.5
8535	86.5
8536	103.7
8537	85.1
8538	69.8
8539	90
8540	91.9
8541	98.5
8542	95.8
8543	105.9
8544	141.9
8545	128.1
8546	103.7
8547	91
8548	113
8549	108.3
8550	88.9
8551	89.4
8552	83.3
8553	94.2
8554	88.2
8555	96.9
8556	95.8
8557	90
8558	97.1
8559	115.4
8560	155.9
8561	165.1
8562	150.3
8563	187.4
8564	123.1
8565	334.1
8566	313.8
8567	320.3
8568	322.4
8569	347.4
8570	7.7
8571	132.7
8572	159.9
8573	279.7
8574	316.1
8575	168.2
8576	171.3
8577	19.9
8578	73.5
8579	85.4
8580	87.2
8581	92.5
8582	107.6
8583	123.9
8584	102.5
8585	93.4
8586	89.6
8587	96.6
8588	144.1
8589	158.9
8590	164.2
8591	174.8
8592	162.1
8593	278
8594	274
8595	280.8
8596	296.4
8597	306.7
8598	298.9
8599	297.4
8600	316.2
8601	314.7
8602	332.7
8603	315.9
8604	298.4
8605	288.3
8606	281.2
8607	298.1
8608	287
8609	305.2
8610	313.9
8611	324
8612	342.1
8613	351.9
8614	347.7
8615	341.6
8616	346.9
8617	322.3
8618	319.7
8619	346.7
8620	323.3
8621	356.9
8622	17.4
8623	40.1
8624	70.3
8625	75.8
8626	86.1
8627	88
8628	88.5
8629	91.3
8630	92.5
8631	95.3
8632	103
8633	106
8634	140.1
8635	96
8636	91.9
8637	90.2
8638	89.5
8639	91.7
8640	85.5
8641	80.1
8642	83.5
8643	80.9
8644	76.8
8645	100.2
8646	104.5
8647	85.8
8648	101
8649	113
8650	292.9
8651	359.1
8652	230.3
8653	195.2
8654	212
8655	325.4
8656	303.8
8657	306.4
8658	322
8659	353.2
8660	353.7
8661	352
8662	341
8663	329.1
8664	3.7
8665	13.1
8666	21.4
8667	15.2
8668	3
8669	354.2
8670	346.8
8671	348.3
8672	352.5
8673	347.1
8674	347.4
8675	346.1
8676	347.4
8677	338.8
8678	342
8679	307.4
8680	289.4
8681	318.9
8682	294.6
8683	313.9
8684	347
8685	0.5
8686	341.7
8687	340.6
8688	343.4
8689	336.1
8690	309.5
8691	316
8692	295.2
8693	334
8694	336.1
8695	331.1
8696	313
8697	323.9
8698	328.7
8699	317.8
8700	121.2
8701	133.8
8702	186.7
8703	171.9
8704	174.1
8705	159
8706	167
8707	167.5
8708	113.1
8709	151.9
8710	87.6
8711	83.1
8712	82.1
8713	91.5
8714	91.9
8715	79.8
8716	66.7
8717	98.7
8718	131.5
8719	91.1
8720	108.4
8721	102
8722	75.6
8723	104.5
8724	159.3
8725	183.4
8726	204.1
8727	247.6
8728	237.5
8729	182.7
8730	105.7
8731	264.8
8732	119.1
8733	247.1
8734	270.8
8735	276.4
8736	330
8737	330.3
8738	323.2
8739	298.5
8740	309.6
8741	313.6
8742	330
8743	352.3
8744	8.6
8745	350.8
8746	314.8
8747	318.6
8748	37.8
8749	232
8750	189
8751	217.9
8752	199.3
8753	135
8754	203.2
8755	232.9
8756	354.8
8757	318
8758	9
8759	6.6
8760	338.1
8761	272.9
8762	9.5
8763	310.1
8764	293.1
8765	298.4
8766	321.3
8767	299.9
8768	324.3
8769	328.4
8770	300.8
8771	319
8772	328.5
8773	274.6
8774	162.8
8775	143.8
8776	196.7
8777	111.5
8778	4.9
8779	5.2
8780	310.2
8781	321
8782	323.9
8783	305.1
8784	294.9