0
0
0
0
0
0.01
0.01
0.02
0.02
0.02
0.02
0.02
0.02
0.02
0.02
0.02
0.02
0.02
0.02
0.02
0.02
0.02
0.02
0.02
0.02
0.02
0.02
0.02
0.02
0.02
0.02
0.02
0.02
0.02
0.02
0.02
0.02
0.02
0.02
0.02
0.02
0.02
0.02
0.02
0.02
0.02
0.02
0.02
0.02
0.02
0.02
0.02
0.02
0.02
0.02
0.02
0.02
0.02
0.02
0.02
0.02
0.02
0.02
0.02
0.02
0.02
0.02
0.02
0.02
0.02
0.02
0.02
0.02
0.02
0.02
0.02
0.02
0.02
0.02
0.02
0.02
0.02
0.02
0.02
0.02
0.02
0.02
0.02
0.02
0.02
0.02
0.02
0.02
0.02
0.02
0.02
0.02
0.02
0.02
0.02
0.02
0.02
0.02
0.02
0.02
0.02
0.02
0.02
0.02
0.02
0.02
0.02
0.02
0.02
0.02
0.02
0.02
0.02
0.02
0.02
0.02
0.02
0.02
0.02
0.02
0.02
0.02
0.02
0.02
0.02
0.02
0.02
0.02
0.02
0.02
0.02
0.02
0.02
0.02
0.02
0.02
0.02
0.02
0.02
0.02
0.02
0.02
0.02
0.02
0.02
0.02
0.02
0.02
0.02
0.02
0.02
0.02
0.02
0.02
0.02
0.02
0.02
0.02
0.02
0.02
0.02
0.02
0.02
0.02
0.02
0.02
0.02
0.02
0.02
0.02
0.02
0.02
0.02
0.02
0.02
0.02
0.02
0.02
0.02
0.02
0.02
0.03
0.06
0.07
0.07
0.11
0.14
0.14
0.14
0.17
0.18
0.19
0.19
0.19
0.19
0.19
0.19
0.19
0.19
0.19
0.19
0.19
0.19
0.19
0.19
0.2
0.2
0.2
0.2
0.2
0.2
0.2
0.35
0.87
1.79
2.82
3.09
3.15
3.16
3.16
3.16
3.16
3.16
3.16
3.16
3.16
3.16
3.16
3.16
3.16
3.16
3.16
3.16
3.18
3.24
3.24
3.32
3.39
3.42
3.48
3.49
3.49
3.53
3.54
3.57
3.58
3.61
3.67
3.79
3.83
3.84
3.87
3.87
4
4.28
6.21
9.03
10.6
10.65
10.77
10.88
11.41
12.28
12.96
13.72
14.72
15.5
15.73
16.26
16.92
17.66
20.76
21.31
21.46
21.64
21.78
21.88
22.11
22.44
22.54
22.54
22.82
23.2
23.25
23.28
23.3
23.35
23.68
23.8
23.85
23.86
23.86
24.17
24.2
24.2
24.2
24.2
24.2
24.2
24.2
24.27
24.92
25.66
25.93
26.04
26.2
26.34
26.4
26.42
26.42
26.42
26.42
26.42
26.42
26.42
26.45
26.48
26.65
26.99
27.11
27.11
27.12
27.12
27.12
27.13
27.15
27.16
27.19
27.21
27.22
27.22
27.23
27.24
27.25
27.27
27.27
27.28
27.28
27.28
27.28
27.3
27.3
27.3
27.3
27.3
27.3
27.3
27.3
27.3
27.3
27.3
27.3
27.3
27.3
27.3
27.3
27.3
27.3
27.3
27.3
27.3
27.3
27.3
27.3
27.31
27.31
27.31
27.31
27.31
27.31
27.31
27.31
27.32
27.32
27.33
27.33
27.33
27.33
27.33
27.33
27.33
27.33
27.33
27.33
27.33
27.33
27.33
27.33
27.33
27.33
27.33
27.33
27.33
27.33
27.33
27.33
27.33
27.33
27.34
27.35
27.35
27.35
27.35
27.35
27.35
27.35
27.35
27.35
27.35
27.35
27.35
27.35
27.35
27.35
27.35
27.35
27.35
27.35
27.35
27.35
27.35
27.36
27.39
27.4
27.43
27.43
27.44
27.44
27.47
27.47
27.48
27.52
27.52
27.52
27.52
27.54
27.55
27.6
27.8
28.53
29.35
30.64
31.73
32.6
32.83
33.11
33.13
33.16
33.16
33.17
33.18
33.19
33.19
33.2
33.21
33.21
33.21
33.21
33.22
33.22
33.23
33.25
33.25
33.25
33.25
33.25
33.25
33.25
33.25
33.25
33.25
33.25
33.25
33.25
33.25
33.25
33.25
33.25
33.25
33.25
33.25
33.25
33.25
33.25
33.25
33.25
33.25
33.25
33.25
33.25
33.25
33.25
33.25
33.25
33.25
33.25
33.25
33.25
33.25
33.25
33.25
33.25
33.25
33.25
33.25
33.25
33.25
33.25
33.25
33.25
33.25
33.25
33.25
33.25
33.25
33.25
33.26
33.27
33.27
33.27
33.27
33.27
33.27
33.27
33.27
33.27
33.27
33.27
33.27
33.27
33.27
33.27
33.27
33.27
33.27
33.27
33.27
33.27
33.27
33.27
33.27
33.27
33.27
33.27
33.27
33.27
33.27
33.27
33.27
33.27
33.27
33.27
33.27
33.27
33.27
33.27
33.27
33.27
33.27
33.27
33.27
33.27
33.27
33.27
33.27
33.31
33.39
33.44
33.52
33.8
34.15
34.5
35.82
36.58
36.81
37.73
38.82
39.78
40.26
40.65
41.16
41.19
41.19
41.19
41.19
41.19
41.19
41.19
41.2
41.2
41.2
41.2
41.2
41.2
41.2
41.2
41.2
41.2
41.2
41.2
41.2
41.2
41.2
41.2
41.2
41.2
41.2
41.2
41.2
41.2
41.21
41.21
41.22
41.23
41.23
41.23
41.23
41.23
41.23
41.23
41.23
41.23
41.23
41.25
41.26
41.26
41.27
41.27
41.27
41.31
41.31
41.31
41.31
41.31
41.31
41.31
41.31
41.31
41.37
41.38
41.38
41.39
41.39
41.39
41.39
41.39
41.39
41.39
41.39
41.39
41.4
41.4
41.4
41.4
41.4
41.4
41.4
41.4
41.4
41.4
41.41
41.41
41.45
41.47
41.47
41.52
41.53
41.53
41.53
41.55
41.58
41.59
41.61
41.65
41.68
41.86
42.5
43.57
43.87
43.89
43.91
43.94
44.38
44.54
44.55
44.56
44.58
44.6
45.17
45.21
45.24
45.24
45.24
45.25
45.25
45.25
45.25
45.25
45.25
45.25
45.26
45.26
45.26
45.26
45.26
45.26
45.26
45.26
45.26
45.26
45.26
45.26
45.26
45.26
45.26
45.26
45.26
45.26
45.26
45.26
45.26
45.26
45.26
45.26
45.26
45.26
45.26
45.26
45.26
45.26
45.26
45.26
45.26
45.26
45.26
45.26
45.26
45.26
45.26
45.26
45.26
45.26
45.26
45.26
45.26
45.26
45.26
45.26
45.26
45.26
45.26
45.26
45.26
45.26
45.27
45.27
45.29
45.31
45.33
45.36
45.39
45.4
45.42
45.43
45.43
45.44
45.45
45.45
45.46
45.46
45.48
45.48
45.5
45.58
46.36
47.23
47.6
47.74
47.74
47.74
47.74
47.74
47.77
47.83
47.87
47.94
47.96
47.96
47.97
47.98
47.98
48
48
48
48
48
48.01
48.01
48.01
48.01
48.01
48.01
48.01
48.01
48.01
48.01
48.01
48.01
48.01
48.01
48.01
48.01
48.01
48.01
48.01
48.02
48.03
48.04
48.04
48.05
48.05
48.05
48.05
48.05
48.05
48.05
48.05
48.06
48.06
48.12
48.17
48.17
48.17
48.17
48.17
48.18
48.19
48.19
48.19
48.21
48.28
48.28
48.28
48.28
48.28
48.28
48.28
48.28
48.28
48.28
48.28
48.28
48.28
48.28
48.31
48.32
48.32
48.32
48.32
48.32
48.32
48.32
48.32
48.32
48.32
48.32
48.32
48.35
48.36
48.37
48.37
48.37
48.37
48.37
48.37
48.37
48.37
48.37
48.37
48.37
48.37
48.37
48.37
48.37
48.37
48.37
48.37
48.39
48.4
48.4
48.41
48.41
48.41
48.41
48.41
48.41
48.41
48.41
48.41
48.51
48.51
48.51
48.51
48.51
48.57
48.57
48.57
48.57
48.57
48.57
48.57
48.57
48.57
48.57
48.57
48.57
48.57
48.57
48.57
48.57
48.57
48.57
48.57
48.57
48.57
48.6
48.6
48.6
48.6
48.6
48.6
48.6
48.6
48.6
48.6
48.61
48.61
48.61
48.61
48.61
48.61
48.61
48.61
48.61
48.61
48.61
48.61
48.61
48.61
48.61
48.62
48.64
48.64
48.64
48.64
48.64
48.66
48.68
48.69
48.7
48.71
48.74
48.74
48.74
48.76
48.85
48.87
48.88
48.88
48.88
48.88
48.88
48.88
48.88
48.88
48.88
48.88
48.89
48.89
48.89
48.89
48.9
48.9
48.9
48.9
48.91
48.96
48.97
48.99
49.01
49.03
49.03
49.03
49.03
49.05
49.05
49.05
49.05
49.14
49.15
49.15
49.22
49.26
49.26
49.27
49.28
49.3
49.57
49.82
50.1
50.3
50.91
51.05
51.14
51.23
51.32
51.43
51.45
51.45
51.45
51.46
51.47
51.47
51.47
51.48
51.5
51.5
51.55
51.55
51.55
51.55
51.56
51.57
51.58
51.58
51.58
51.58
51.58
51.58
51.58
51.58
51.58
51.58
51.58
51.58
51.58
51.58
51.58
51.58
51.58
51.58
51.58
51.58
51.59
51.59
51.59
51.59
51.59
51.59
51.6
51.6
51.6
51.6
51.6
51.6
51.6
51.6
51.6
51.6
51.6
51.6
51.6
51.6
51.6
51.6
51.6
51.6
51.6
51.6
51.6
51.6
51.6
51.6
51.6
51.6
51.6
51.6
51.6
51.6
51.6
51.6
51.6
51.6
51.6
51.6
51.6
51.6
51.6
51.6
51.6
51.6
51.6
51.6
51.6
51.6
51.6
51.6
51.6
51.6
51.6
51.6
51.6
51.6
51.6
51.6
51.6
51.6
51.6
51.6
51.6
51.6
51.6
51.6
51.6
51.6
51.6
51.6
51.6
51.6
51.6
51.6
51.6
51.6
51.6
51.6
51.6
51.6
51.6
51.6
51.6
51.6
51.6
51.6
51.6
51.6
51.6
51.6
51.6
51.6
51.6
51.6
51.6
51.6
51.6
51.6
51.6
51.6
51.6
51.6
51.6
51.6
51.6
51.6
51.61
51.62
51.64
51.69
51.71
51.71
51.71
51.71
51.71
51.71
51.71
51.71
51.71
51.71
51.71
51.71
51.71
51.71
51.71
51.71
51.71
51.71
51.71
51.71
51.72
51.72
51.73
51.74
51.74
51.77
51.79
51.83
51.86
51.87
52.02
52.45
53.58
53.96
54.82
55.84
57.49
58.89
60.71
61.68
62.11
62.79
62.95
62.98
62.98
62.98
62.98
62.98
62.98
62.98
62.98
62.98
62.98
62.98
62.98
62.98
62.98
62.98
62.98
62.98
62.98
62.98
62.98
62.98
62.98
63.01
63.04
63.25
64.27
64.56
64.64
64.65
64.67
64.68
64.68
64.69
64.69
64.7
64.71
64.72
64.72
64.72
64.77
64.77
64.77
64.77
64.77
64.77
64.77
64.77
64.77
64.77
64.77
64.77
64.78
64.78
64.78
64.79
64.79
64.79
64.79
64.79
64.79
64.79
64.79
64.8
64.8
64.81
64.82
64.83
64.85
64.86
64.86
64.86
64.86
64.86
64.86
64.86
64.86
64.86
64.86
64.86
64.86
64.86
64.86
64.86
64.86
64.86
64.86
64.88
64.9
64.9
64.9
64.9
64.9
64.9
64.9
64.9
64.9
64.9
64.9
64.92
64.92
64.93
64.96
64.97
64.98
64.98
64.98
64.99
64.99
64.99
64.99
65.03
65.04
65.04
65.07
65.17
65.36
65.54
65.64
65.72
65.72
65.72
65.72
65.72
65.72
65.72
65.72
65.72
65.72
65.72
65.72
65.73
65.75
65.78
65.78
65.78
65.78
65.78
65.79
65.79
65.79
65.79
65.79
65.79
65.79
65.79
65.79
65.79
65.79
65.79
65.79
65.79
65.79
65.79
65.79
65.79
65.79
65.79
65.79
65.79
65.79
65.79
65.79
65.79
65.79
65.79
65.79
65.79
65.79
65.79
65.79
65.79
65.79
65.79
65.79
65.79
65.79
65.79
65.79
65.79
65.79
65.79
65.79
65.79
65.79
65.79
65.8
65.8
65.8
65.8
65.8
65.8
65.8
65.8
65.8
65.8
65.8
65.81
65.81
65.81
65.81
65.81
65.81
65.81
65.81
65.81
65.81
65.81
65.81
65.81
65.81
65.81
65.81
65.81
65.81
65.81
65.81
65.81
65.81
65.82
65.82
65.84
65.84
65.84
65.84
65.84
65.85
65.86
65.88
65.93
65.97
66.04
66.19
66.84
67.75
68.56
69.63
70.38
70.93
71.14
71.22
71.23
71.23
71.25
71.26
71.27
71.27
71.27
71.27
71.27
71.27
71.28
71.28
71.3
71.31
71.32
71.32
71.33
71.34
71.34
71.34
71.34
71.34
71.34
71.34
71.34
71.34
71.34
71.34
71.34
71.34
71.34
71.34
71.34
71.34
71.35
71.35
71.35
71.35
71.35
71.35
71.35
71.35
71.35
71.35
71.43
71.43
71.43
71.43
71.43
71.47
71.48
71.48
71.48
71.48
71.48
71.48
71.48
71.48
71.59
71.59
71.59
71.59
71.59
71.59
71.59
71.59
71.59
71.59
71.59
71.59
71.59
71.59
71.59
71.59
71.59
71.59
71.59
71.59
71.59
71.59
71.59
71.59
71.59
71.59
71.59
71.59
71.59
71.59
71.59
71.59
71.59
71.59
71.59
71.59
71.59
71.59
71.59
71.59
71.59
71.59
71.6
71.61
71.61
71.61
71.61
71.61
71.61
71.61
71.61
71.61
71.61
71.61
71.61
71.61
71.61
71.61
71.61
71.61
71.61
71.61
71.61
71.61
71.61
71.61
71.61
71.66
71.66
71.66
71.66
71.66
71.66
71.66
71.66
71.66
71.66
71.66
71.66
71.66
71.66
71.66
71.66
71.66
71.66
71.66
71.66
71.7
71.72
71.74
71.8
72.13
72.33
72.55
74.81
77.13
77.62
77.64
77.66
77.7
77.74
77.75
77.78
77.79
77.82
77.82
77.82
77.83
77.83
77.83
77.83
77.83
77.83
77.83
77.83
77.83
77.83
77.83
77.83
77.83
77.83
77.83
77.83
77.84
77.85
77.85
77.85
77.87
77.87
77.87
77.87
77.87
77.87
77.87
77.87
77.87
77.87
77.87
77.87
77.87
77.87
77.87
77.87
77.87
77.87
77.87
77.87
77.88
77.88
77.88
77.88
77.88
77.88
77.88
77.88
77.88
77.88
77.88
77.88
77.88
77.88
77.88
77.88
77.88
77.89
77.89
77.89
77.89
77.89
77.89
77.89
77.89
77.89
77.89
77.89
77.89
77.89
77.89
77.89
77.89
77.89
77.89
77.89
77.89
77.89
77.89
77.89
77.89
77.89
77.89
77.89
77.89
77.89
77.89
77.89
77.89
77.89
77.89
77.89
77.89
77.89
77.89
77.89
77.89
77.89
77.89
77.89
77.89
77.89
77.89
77.89
77.89
77.89
77.89
77.98
78.22
78.22
78.22
78.28
78.36
78.4
78.4
78.4
78.4
78.4
78.4
78.4
78.4
78.4
78.4
78.4
78.4
78.4
78.4
78.4
78.4
78.4
78.4
78.4
78.4
78.4
78.4
78.4
78.4
78.4
78.4
78.4
78.4
78.4
78.4
78.4
78.4
78.4
78.4
78.4
78.43
78.44
78.45
78.48
78.56
78.69
78.98
80.5
82.91
83.47
83.66
84.29
84.68
84.72
84.76
84.8
84.9
84.91
84.91
84.91
84.91
84.91
84.91
84.91
84.91
84.91
84.91
84.91
84.91
84.91
84.91
84.91
84.91
84.91
84.91
84.91
84.91
84.91
84.91
84.91
84.91
84.91
84.91
84.91
84.91
84.91
84.91
84.91
84.91
84.91
84.91
84.91
84.91
84.91
84.91
84.91
84.91
84.91
84.91
84.91
84.91
84.91
84.91
84.91
84.91
84.91
84.91
84.91
84.91
84.91
84.91
84.91
84.91
84.91
84.91
84.91
84.91
84.91
84.91
84.91
84.91
84.91
84.91
84.91
84.91
84.91
84.91
84.91
84.91
84.91
84.91
84.91
84.91
84.91
84.91
84.91
84.91
84.91
84.91
84.91
84.91
84.91
84.91
84.91
84.91
84.91
84.91
84.91
84.91
84.91
84.91
84.91
84.91
84.91
84.91
84.91
84.91
84.91
84.91
84.91
84.91
84.91
84.91
84.91
84.91
84.91
84.91
84.91
84.91
84.91
84.91
84.91
84.91
84.91
84.91
84.91
84.91
84.91
84.91
84.91
84.91
84.91
84.91
84.91
84.91
84.91
84.91
84.91
84.91
84.91
84.91
84.91
84.91
84.91
84.91
84.91
84.91
84.91
84.91
84.91
84.91
84.91
84.91
84.91
84.91
84.91
84.91
84.91
84.91
84.92
84.93
84.95
84.95
84.95
84.95
84.95
84.95
84.95
84.95
84.95
84.95
84.95
84.95
84.95
84.95
84.95
84.95
84.95
84.95
84.95
84.95
84.95
84.95
84.96
84.97
84.97
84.97
84.97
84.97
84.97
84.97
84.97
84.97
84.97
84.97
84.97
84.97
84.97
84.97
84.97
84.97
84.97
84.97
84.97
84.97
84.97
84.97
84.97
84.98
85
85.03
85.03
85.03
85.03
85.04
85.06
85.07
85.08
85.12
85.16
85.16
85.55
86.12
91.09
99.6
100.56
100.6
100.6
100.6
100.6
100.6
100.6
100.6
100.6
100.6
100.6
100.6
100.6
100.6
100.6
100.62
100.63
100.63
100.64
100.65
100.67
100.67
100.67
100.67
100.67
100.67
100.67
100.67
100.67
100.79
100.79
100.79
100.79
101.07
101.07
101.07
101.16
101.33
101.33
101.33
101.33
101.33
101.33
101.33
101.33
101.33
101.33
101.33
101.33
101.33
101.33
101.33
101.33
101.33
101.33
101.37
101.85
102.7
103.08
103.79
105.28
105.75
105.75
105.75
105.76
105.77
105.77
105.77
105.77
105.77
105.77
105.77
105.77
105.77
105.77
105.77
105.77
105.77
105.77
105.77
105.77
105.77
105.77
105.77
105.77
105.77
105.77
105.77
105.77
105.77
105.77
105.77
105.77
105.77
105.8
105.8
105.8
105.8
105.8
105.8
105.8
105.8
105.8
105.8
105.8
105.8
105.8
105.8
105.8
105.8
105.8
105.8
105.8
105.8
105.8
105.8
105.8
105.8
105.8
105.8
105.8
105.98
106.07
106.1
106.11
106.11
106.11
106.11
106.11
106.11
106.11
106.11
106.11
106.11
106.11
106.11
106.11
106.11
106.11
106.11
106.11
106.11
106.11
106.11
106.11
106.11
106.11
106.11
106.11
106.11
106.11
106.12
106.14
106.15
106.42
107.37
108.56
108.82
108.84
108.85
108.86
108.87
108.87
108.92
108.95
108.95
108.95
108.95
108.95
108.95
108.95
108.95
108.95
108.95
108.95
108.96
108.97
109
109.03
109.04
109.05
109.07
109.25
109.27
109.32
109.35
109.4
109.57
109.89
110.8
111.08
111.11
111.13
111.14
111.14
111.14
111.14
111.14
111.14
111.14
111.14
111.14
111.15
111.15
111.15
111.18
111.19
111.2
111.21
111.21
111.21
111.21
111.22
111.24
111.24
111.24
111.24
111.24
111.24
111.24
111.24
111.24
111.24
111.24
111.24
111.24
111.24
111.24
111.24
111.24
111.24
111.24
111.24
111.24
111.24
111.24
111.24
111.24
111.24
111.24
111.24
111.24
111.24
111.24
111.24
111.24
111.28
111.28
111.28
111.28
111.28
111.28
111.28
111.28
111.28
111.28
111.28
111.28
111.28
111.28
111.28
111.28
111.28
111.28
111.28
111.28
111.28
111.28
111.28
111.28
111.28
111.28
111.29
111.33
111.38
111.4
111.44
111.44
111.44
111.44
111.44
111.46
111.46
111.46
111.61
112.15
113.19
113.51
113.67
113.7
113.7
113.7
113.7
113.7
113.71
113.73
113.79
113.91
114.49
114.96
115.65
116.39
116.9
120.68
123.27
123.36
123.44
123.44
123.44
123.45
123.48
123.76
124.29
126.45
128.46
130.41
131.11
131.12
131.12
131.12
131.12
131.13
131.14
131.15
131.16
131.17
131.17
131.17
131.17
131.18
131.18
131.18
131.19
131.19
131.19
131.19
131.19
131.19
131.19
131.19
131.19
131.19
131.19
131.19
131.19
131.19
131.19
131.19
131.19
131.19
131.19
131.19
131.19
131.19
131.19
131.19
131.19
131.19
131.19
131.19
131.19
131.19
131.19
131.19
131.19
131.19
131.19
131.19
131.19
131.19
131.21
131.21
131.21
131.21
131.21
131.21
131.21
131.21
131.21
131.21
131.21
131.21
131.21
131.21
131.21
131.21
131.21
131.21
131.21
131.21
131.21
131.21
131.21
131.22
131.25
131.26
131.27
131.3
131.33
131.34
131.36
131.42
131.66
132.34
133.64
136.25
139.07
140.74
141.07
141.07
141.07
141.07
141.07
141.08
141.08
141.09
141.11
141.16
141.21
141.31
141.74
142.43
142.6
142.8
143.01
143.05
143.09
143.09
143.09
143.11
143.14
143.28
143.28
143.33
143.41
143.43
143.43
143.43
143.43
143.43
143.43
143.43
143.43
143.43
143.43
143.43
143.43
143.43
143.43
143.43
143.43
143.43
143.43
143.43
143.43
143.43
143.43
143.43
143.43
143.43
143.43
143.43
143.43
143.43
143.43
143.43
143.43
143.43
143.45
143.46
143.47
143.47
143.47
143.48
143.48
143.49
143.49
143.5
143.5
143.5
143.5
143.5
143.5
143.5
143.5
143.5
143.5
143.5
143.5
143.5
143.5
143.5
143.5
143.5
143.5
143.5
143.5
143.5
143.5
143.5
143.5
143.5
143.5
143.5
143.5
143.5
143.5
143.5
143.5
143.5
143.5
143.5
143.5
143.5
143.5
143.5
143.5
143.5
143.5
143.5
143.5
143.5
143.5
143.5
143.5
143.5
143.5
143.5
143.5
143.5
143.59
143.64
143.64
143.64
143.64
143.64
143.64
143.64
143.64
143.9
143.9
143.9
143.9
143.92
143.97
143.97
143.97
143.97
143.97
143.97
143.97
143.97
143.97
143.97
143.97
143.97
143.97
143.97
143.97
143.97
143.98
144
144.01
144.01
144.01
144.01
144.01
144.01
144.01
144.01
144.01
144.01
144.01
144.01
144.01
144.01
144.01
144.01
144.01
144.01
144.01
144.01
144.01
144.02
144.03
144.08
144.18
144.24
144.31
144.33
144.44
144.67
144.69
144.76
145.17
145.71
145.78
145.78
145.79
145.79
145.79
145.79
145.79
145.79
145.79
145.79
145.79
145.79
145.8
145.83
145.84
145.85
145.85
145.85
145.85
145.85
145.85
145.86
145.86
145.87
145.88
145.88
145.88
145.88
145.88
145.88
145.88
145.88
145.88
145.88
145.88
145.93
145.97
146
146.13
146.26
147.01
147.23
147.3
147.32
147.32
147.36
147.37
147.37
147.39
147.41
147.41
147.41
147.41
147.41
147.41
147.5
147.51
147.65
147.69
147.74
147.75
147.76
147.78
147.8
147.82
147.84
147.93
148.09
148.09
148.09
148.09
148.09
148.09
148.09
148.09
148.09
148.09
148.09
148.09
148.09
148.09
148.09
148.09
148.09
148.09
148.09
148.09
148.09
148.09
148.09
148.09
148.09
148.09
148.09
148.09
148.09
148.09
148.09
148.09
148.09
148.09
148.09
148.09
148.09
148.09
148.09
148.09
148.09
148.09
148.09
148.09
148.09
148.09
148.09
148.09
148.09
148.09
148.09
148.09
148.09
148.09
148.09
148.09
148.09
148.09
148.09
148.09
148.09
148.09
148.09
148.09
148.09
148.09
148.09
148.09
148.09
148.09
148.09
148.09
148.09
148.09
148.09
148.09
148.09
148.09
148.09
148.09
148.09
148.09
148.09
148.09
148.09
148.09
148.09
148.09
148.09
148.09
148.09
148.09
148.09
148.09
148.09
148.09
148.09
148.09
148.09
148.09
148.09
148.09
148.09
148.09
148.09
148.09
148.09
148.09
148.09
148.09
148.09
148.09
148.09
148.09
148.09
148.09
148.09
148.09
148.09
148.09
148.09
148.09
148.09
148.09
148.09
148.09
148.09
148.09
148.09
148.09
148.09
148.09
148.09
148.09
148.09
148.09
148.09
148.41
148.42
148.43
148.43
148.43
148.43
148.43
148.43
148.43
148.43
148.43
148.43
148.43
148.43
148.43
148.47
148.48
148.48
148.55
148.55
148.55
148.55
148.55
148.55
148.55
148.55
148.55
148.55
148.55
148.55
148.55
148.55
148.55
148.55
148.55
148.55
148.55
148.55
148.55
148.55
148.55
148.55
148.55
148.55
148.55
148.55
148.55
148.55
148.57
148.61
148.63
148.63
148.65
148.66
148.66
148.66
148.66
148.66
148.66
148.66
148.66
148.66
148.71
149.16
149.39
149.39
149.39
149.39
149.39
149.39
149.39
149.39
149.4
149.53
149.9
149.9
149.9
149.9
149.9
149.9
149.9
149.9
149.9
149.9
149.9
149.9
149.9
150.24
150.29
150.37
150.37
150.37
150.37
150.37
150.37
150.37
150.62
150.62
150.62
150.62
150.62
150.62
150.62
150.62
150.62
150.62
150.62
150.62
150.62
150.62
150.62
150.62
150.62
150.62
150.62
150.62
150.62
150.62
150.62
150.62
150.62
150.62
150.62
150.62
150.62
150.62
150.62
150.62
150.62
150.62
150.62
150.62
150.62
150.62
150.62
150.62
150.62
150.62
150.62
150.62
150.62
150.62
150.62
150.62
150.62
150.62
150.62
150.62
150.62
150.62
150.62
150.62
150.62
150.62
150.62
150.62
150.62
150.62
150.62
150.62
150.62
150.62
150.62
150.62
150.62
150.62
150.62
150.62
150.62
150.62
150.62
150.62
150.62
150.62
150.62
150.62
150.62
150.62
150.62
150.62
150.62
150.62
150.62
150.62
150.62
150.62
150.62
150.84
150.84
150.84
150.84
150.84
150.98
150.98
150.98
150.98
150.98
150.98
150.98
150.98
150.98
150.98
150.98
150.98
150.98
150.98
150.98
150.98
150.98
150.98
150.98
150.98
150.98
150.98
150.98
150.98
150.98
150.98
150.98
150.98
150.98
150.98
150.98
150.98
150.98
150.98
150.98
150.98
150.98
150.98
150.98
150.98
150.98
150.98
150.98
150.98
150.98
150.98
150.98
150.98
150.98
150.98
150.98
150.98
150.98
150.98
150.98
150.98
150.98
150.98
150.98
150.98
150.98
150.98
150.98
150.98
150.98
150.98
150.98
150.98
150.98
150.98
150.98
150.98
150.98
150.98
150.98
150.98
150.98
150.98
150.98
150.98
150.98
150.98
150.98
150.98
150.98
150.98
150.98
150.98
150.98
150.98
150.98
150.98
150.98
150.98
150.98
150.98
150.98
150.98
150.98
150.98
150.98
150.98
150.98
150.98
150.98
150.98
150.98
150.98
150.98
150.98
150.98
150.98
150.98
150.98
150.98
150.98
150.98
150.98
150.98
150.98
150.98
150.98
150.98
150.98
150.98
150.98
150.98
150.98
150.98
150.98
150.98
150.98
150.98
150.98
150.98
150.98
150.98
150.98
150.98
150.98
150.98
150.98
150.98
150.98
150.98
150.99
151
151
151
151
151
151
151
151
151
151
151
151
151
151
151
151
151
151
151
151
151.01
151.02
151.02
151.03
151.03
151.03
151.03
151.03
151.03
151.03
151.03
151.03
151.03
151.03
151.03
151.03
151.03
151.03
151.03
151.03
151.03
151.1
151.14
151.15
151.15
151.16
151.17
151.18
151.2
151.21
151.21
151.21
151.21
151.21
151.22
151.22
151.22
151.22
151.22
151.22
151.22
151.22
151.22
151.22
151.22
151.22
151.26
151.36
151.41
151.42
151.49
151.67
151.77
152.05
152.45
152.97
153.42
153.7
154.39
154.59
154.7
154.77
155.41
155.79
156.09
156.14
156.18
156.22
156.32
157.03
157.17
157.39
157.97
158
158.02
158.05
158.12
158.14
158.16
158.71
159.81
159.92
159.92
159.93
159.94
159.95
159.95
159.95
159.95
159.95
159.95
159.95
159.95
159.95
159.95
159.95
159.95
159.95
159.95
159.95
159.95
159.95
159.95
159.95
159.95
159.95
159.95
159.95
159.95
159.95
159.95
159.95
159.95
159.95
159.95
159.95
159.95
159.95
159.95
159.95
159.95
159.95
159.95
159.95
159.95
159.95
159.95
159.95
159.95
159.95
159.95
159.95
159.95
159.95
159.95
159.95
159.95
159.95
159.95
159.95
159.95
159.95
159.95
159.95
159.95
159.95
159.95
159.95
159.95
159.95
159.95
159.95
159.95
159.95
159.95
159.95
159.95
159.95
159.95
159.95
159.95
159.95
159.95
159.95
159.95
159.95
159.95
159.95
159.95
159.95
159.95
159.95
159.95
159.95
159.95
159.95
159.95
161.38
161.47
161.57
161.63
161.63
161.63
161.63
161.63
161.63
161.63
161.63
161.63
161.63
161.66
161.66
161.66
161.66
161.66
161.66
161.66
161.66
161.66
161.66
161.66
161.66
161.66
161.66
161.66
161.66
161.66
161.66
161.66
161.66
161.66
161.66
161.66
161.66
161.66
161.66
161.66
161.66
161.66
161.66
161.66
161.66
161.66
161.66
161.66
161.66
161.66
161.66
161.66
161.66
161.66
161.66
161.66
161.66
161.66
161.66
161.66
161.66
161.66
161.66
161.66
161.66
161.66
161.66
161.66
161.66
161.66
161.66
161.66
161.66
161.66
161.66
161.66
161.66
161.66
161.66
161.66
161.66
161.66
161.66
161.66
161.66
161.66
161.66
161.66
161.66
161.66
161.66
161.66
161.66
161.66
161.66
161.66
161.66
161.66
161.66
161.66
161.66
161.66
161.66
161.66
161.66
161.66
161.66
161.66
161.66
161.66
161.66
161.66
161.66
161.67
161.68
161.68
161.68
161.68
161.68
161.68
161.68
161.68
161.68
161.68
161.68
161.68
161.68
161.68
161.68
161.68
161.68
161.68
161.68
161.68
161.68
161.68
161.68
161.68
161.68
161.68
161.68
161.68
161.68
161.68
161.68
161.68
161.68
161.68
161.68
161.68
161.68
161.68
161.68
161.68
161.68
161.68
161.68
161.68
161.68
161.68
161.68
161.68
161.68
161.68
161.68
161.68
161.68
161.68
161.68
161.68
161.68
161.68
161.68
161.68
161.68
161.68
161.68
161.68
161.68
161.68
161.68
161.68
161.68
161.68
161.68
161.68
161.68
161.68
161.68
161.68
161.68
161.68
161.68
161.68
161.68
161.68
161.68
161.68
161.68
161.68
161.68
161.68
161.68
161.68
161.68
161.68
161.68
161.68
161.68
161.68
161.68
161.68
161.68
161.68
161.68
161.68
161.68
161.68
161.68
161.68
161.68
161.68
161.68
161.68
161.68
161.68
161.68
161.68
161.68
161.68
161.68
161.68
161.68
161.68
161.68
161.68
161.68
161.68
161.68
161.68
161.68
161.68
161.68
161.68
161.68
161.68
161.68
161.68
161.68
161.68
161.68
161.68
161.68
161.68
161.68
161.68
161.68
161.68
161.68
161.68
161.68
161.68
161.68
161.68
161.68
161.68
161.68
161.68
161.68
161.68
161.68
161.68
161.68
161.68
161.68
161.68
161.68
161.68
161.68
161.68
161.68
161.68
161.68
161.68
161.68
161.68
161.68
161.68
161.68
161.68
161.68
161.68
161.68
161.68
161.68
161.68
161.68
161.68
161.68
161.68
161.68
161.68
161.68
161.68
161.68
161.68
161.68
161.74
161.88
161.89
161.89
161.89
161.89
161.89
161.89
161.89
161.89
161.89
161.89
161.89
161.89
161.89
161.89
161.89
161.89
161.89
161.89
161.89
161.89
161.89
161.89
161.89
161.89
161.89
161.89
161.89
161.95
161.95
161.95
161.95
161.95
161.95
161.95
161.95
161.95
161.95
161.95
161.95
161.95
161.95
161.95
161.95
161.95
161.95
161.95
161.95
161.95
161.95
161.95
161.95
161.95
161.95
161.95
161.95
161.95
161.95
161.95
161.95
161.95
161.95
161.95
161.95
161.95
161.95
161.95
161.95
161.95
161.95
161.95
161.95
161.95
161.95
161.95
161.95
161.95
161.95
161.95
161.95
161.95
161.95
161.95
161.95
161.95
161.95
161.95
161.95
161.95
161.95
161.95
161.95
161.95
161.95
161.95
161.95
161.95
161.95
161.95
161.95
161.95
161.95
161.95
161.95
161.95
161.95
161.95
161.95
161.95
161.95
161.95
161.95
161.95
161.95
161.95
161.95
161.95
161.95
161.95
161.95
161.95
161.95
161.95
161.95
161.95
161.95
161.95
161.95
161.95
161.95
161.95
161.95
161.95
161.95
161.95
161.95
161.95
161.95
161.95
161.95
161.95
161.95
161.95
161.95
161.95
161.95
161.95
161.95
161.95
161.95
161.95
161.95
161.95
161.95
161.95
161.95
161.95
161.95
161.95
161.95
161.95
161.95
161.95
161.95
161.95
161.95
161.95
161.95
161.95
161.95
161.95
161.95
161.95
161.95
161.95
161.95
161.95
161.95
161.95
161.95
161.95
161.95
161.95
161.95
161.95
161.95
161.95
161.95
161.95
161.95
161.95
161.95
161.95
161.95
161.95
161.95
161.95
161.95
161.95
161.95
161.95
161.95
161.95
161.95
161.95
161.95
161.95
161.95
161.95
161.95
161.95
161.95
161.95
161.95
162.13
162.59
162.62
162.66
162.68
162.68
162.68
162.68
162.68
162.68
162.68
162.68
162.68
162.68
162.68
162.68
162.68
162.68
162.69
162.73
162.84
163
163.18
163.18
163.18
163.18
163.19
163.2
163.28
163.31
163.33
163.34
163.37
163.37
163.37
163.37
163.38
163.39
163.39
163.39
163.39
163.4
163.42
163.42
163.42
163.42
163.42
163.42
163.42
163.42
163.42
163.42
163.42
163.42
163.42
163.43
163.44
163.44
163.46
163.47
163.47
163.47
163.47
163.47
163.47
163.47
163.47
163.47
163.48
163.48
163.48
163.48
163.48
163.48
163.48
163.48
163.48
163.48
163.48
163.48
163.48
163.48
163.48
163.48
163.48
163.48
163.48
163.48
163.48
163.48
163.48
163.48
163.48
163.48
163.48
163.48
163.48
163.48
163.48
163.48
163.48
163.48
163.48
163.48
163.48
163.48
163.48
163.48
163.48
163.48
163.48
163.48
163.48
163.48
163.48
163.48
163.48
163.48
163.48
163.48
163.48
163.48
163.48
163.48
163.48
163.48
163.48
163.48
163.48
163.48
163.48
163.48
163.48
163.48
163.48
163.48
163.48
163.48
163.48
163.48
163.48
163.48
163.48
163.48
163.48
163.48
163.48
163.48
163.48
163.48
163.48
163.48
163.48
163.48
163.48
163.48
163.48
163.48
163.48
163.48
163.48
163.48
163.48
163.48
163.48
163.48
163.48
163.48
163.48
163.48
163.48
163.48
163.48
163.48
163.48
163.48
163.48
163.48
163.48
163.48
163.48
163.48
163.48
163.48
163.48
163.48
163.48
163.48
163.48
163.48
163.48
163.48
163.48
163.48
163.48
163.48
163.48
163.48
163.48
163.48
163.48
163.48
163.48
163.48
163.48
163.48
163.48
163.48
163.48
163.48
163.48
163.48
163.48
163.48
163.48
163.48
163.48
163.48
163.48
163.48
163.48
163.48
163.48
163.48
163.48
163.48
163.48
163.48
163.48
163.48
163.48
163.48
163.48
163.48
163.48
163.48
163.48
163.48
163.48
163.48
163.48
163.48
163.48
163.48
163.48
163.48
163.48
163.48
163.48
163.48
163.48
163.48
163.48
163.48
163.48
163.48
163.48
163.48
163.48
163.48
163.48
163.48
163.48
163.48
163.48
163.52
163.52
163.52
163.52
163.52
163.52
163.52
163.52
163.52
163.52
163.52
163.52
163.52
163.52
163.52
163.52
163.52
163.52
163.52
163.52
163.52
163.52
163.52
163.52
163.53
163.53
163.53
163.53
163.53
163.53
163.53
163.53
163.53
163.53
163.53
163.53
163.53
163.53
163.53
163.53
163.53
163.53
163.53
163.53
163.53
163.53
163.53
163.54
163.56
163.56
163.56
163.56
163.56
163.56
163.56
163.56
163.56
163.56
163.56
163.56
163.56
163.56
163.56
163.56
163.56
163.56
163.61
163.61
163.62
163.63
163.63
163.63
163.63
163.63
163.63
163.63
163.63
163.63
163.63
163.63
163.63
163.63
163.63
163.63
163.63
163.63
163.63
163.63
163.63
163.63
163.63
163.63
163.63
163.63
163.63
163.63
163.63
163.63
163.63
163.63
163.63
163.63
163.63
163.63
163.63
163.63
163.63
163.63
163.63
163.63
163.63
163.63
163.63
163.63
163.63
163.63
163.65
163.66
163.68
163.71
163.76
163.78
163.79
163.79
163.79
163.8
163.8
163.83
163.86
163.86
163.86
163.86
163.86
163.86
163.86
163.86
163.86
163.86
163.9
164.6
167.39
167.85
168.54
169.55
169.95
170.02
170.08
170.09
170.1
170.11
170.11
170.14
170.15
170.15
170.15
170.15
170.15
170.15
170.15
170.15
170.15
170.15
170.15
170.15
170.15
170.15
170.15
170.15
170.15
170.15
170.15
170.15
170.15
170.15
170.15
170.15
170.15
170.15
170.15
170.15
170.15
170.15
170.15
170.15
170.15
170.15
170.15
170.15
170.15
170.15
170.15
170.15
170.15
170.15
170.15
170.15
170.15
170.15
170.15
170.15
170.15
170.15
170.15
170.15
170.15
170.15
170.15
170.15
170.15
170.15
170.15
170.15
170.15
170.15
170.15
170.15
170.15
170.15
170.15
170.15
170.15
170.15
170.15
170.15
170.15
170.15
170.15
170.15
170.15
170.15
170.15
170.15
170.15
170.15
170.15
170.15
170.15
170.15
170.15
170.15
170.15
170.15
170.15
170.15
170.15
170.15
170.15
170.15
170.15
170.15
170.15
170.15
170.15
170.15
170.15
170.15
170.15
170.15
170.15
170.15
170.15
170.15
170.15
170.15
170.15
170.15
170.15
170.15
170.15
170.15
170.15
170.15
170.15
170.15
170.15
170.15
170.15
170.15
170.15
170.15
170.15
170.15
170.15
170.15
170.15
170.15
170.15
170.15
170.15
170.15
170.15
170.15
170.15
170.15
170.15
170.15
170.15
170.15
170.15
170.15
170.15
170.15
170.15
170.15
170.15
170.15
170.15
170.15
170.15
170.15
170.15
170.15
170.15
170.15
170.15
170.15
170.15
170.15
170.15
170.15
170.15
170.15
170.15
170.15
170.15
170.15
170.15
170.15
170.15
170.15
170.15
170.15
170.15
170.15
170.15
170.15
170.15
170.15
170.15
170.15
170.15
170.15
170.15
170.15
170.15
170.15
170.15
170.15
170.15
170.15
170.15
170.15
170.15
170.15
170.15
170.15
170.15
170.15
170.15
170.15
170.15
170.15
170.15
170.15
170.15
170.15
170.15
170.15
170.15
170.15
170.15
170.15
170.15
170.15
170.15
170.15
170.15
170.15
170.15
170.15
170.15
170.15
170.15
170.15
170.15
170.15
170.15
170.15
170.15
170.15
170.15
170.15
170.15
170.15
170.15
170.15
170.15
170.15
170.15
170.15
170.15
170.15
170.15
170.15
170.15
170.15
170.15
170.15
170.15
170.15
170.15
170.15
170.15
170.15
170.15
170.15
170.15
170.15
170.15
170.15
170.15
170.15
170.15
170.15
170.15
170.15
170.15
170.15
170.15
170.41
170.41
170.41
170.41
170.41
170.41
170.41
170.41
170.41
170.41
170.41
170.41
170.41
170.41
170.41
170.41
170.41
170.41
170.41
170.41
170.41
170.41
170.41
170.41
170.41
170.42
170.42
170.52
170.72
170.72
170.72
170.72
170.75
170.76
170.77
170.77
170.78
170.78
170.78
170.78
170.78
170.78
170.78
170.78
170.78
170.78
170.78
170.78
170.78
170.78
170.85
170.85
170.85
170.85
170.85
170.85
170.86
170.9
170.95
170.95
171.08
171.08
171.08
171.08
171.08
171.08
171.08
171.08
171.08
171.08
171.08
171.08
171.08
171.08
171.08
171.08
171.08
171.08
171.08
171.08
171.08
171.08
171.08
171.08
171.08
171.08
171.08
171.08
171.08
171.08
171.08
171.08
171.08
171.13
171.23
171.29
171.29
171.32
171.38
171.38
171.38
171.38
171.38
171.38
171.38
171.38
171.38
171.38
171.38
171.38
171.38
171.38
171.38
171.38
171.38
171.38
171.38
171.38
171.38
171.38
171.39
171.39
171.4
171.4
171.42
171.45
171.45
171.45
171.45
171.45
171.45
171.45
171.45
171.45
171.45
171.45
171.45
171.45
171.45
171.45
171.45
171.45
171.45
171.45
171.46
171.46
171.47
171.54
171.61
171.64
171.69
172.33
173.55
174.38
174.42
174.42
174.45
174.46
174.46
174.46
174.46
174.46
174.46
174.46
174.46
174.46
174.46
174.46
174.46
174.46
174.46
174.46
174.46
174.46
174.46
174.46
174.46
174.46
174.47
174.47
174.47
174.48
174.48
174.48
174.48
174.48
174.48
174.48
174.48
174.48
174.48
174.48
174.48
174.48
174.48
174.48
174.48
174.48
174.48
174.48
174.48
174.48
174.48
174.48
174.48
174.48
174.48
174.48
174.48
174.48
174.48
174.48
174.48
174.48
174.48
174.48
174.48
174.48
174.48
174.48
174.48
174.48
174.48
174.48
174.48
174.48
174.48
174.48
174.48
174.48
174.48
174.48
174.48
174.48
174.48
174.48
174.48
174.48
174.48
174.48
174.48
174.48
174.48
174.48
174.48
174.48
174.48
174.48
174.48
174.48
174.48
174.48
174.48
174.48
174.48
174.48
174.48
174.48
174.48
174.48
174.48
174.48
174.48
174.48
174.48
174.48
174.5
174.5
174.5
174.5
174.5
174.5
174.5
174.5
174.5
174.5
174.5
174.5
174.5
174.5
174.5
174.5
174.5
174.5
174.5
174.5
174.5
174.5
174.5
174.5
174.5
174.5
174.5
174.5
174.5
174.5
174.5
174.5
174.5
174.5
174.5
174.5
174.5
174.5
174.5
174.5
174.5
174.5
174.5
174.5
174.5
174.5
174.5
174.5
174.5
174.5
174.5
174.5
174.5
174.5
174.5
174.5
174.5
174.5
174.5
174.5
174.5
174.5
174.5
174.5
174.5
174.5
174.5
174.5
174.5
174.5
174.5
174.5
174.5
174.5
174.5
174.5
174.5
174.5
174.5
174.5
174.5
174.5
174.5
174.5
174.5
174.5
174.5
174.5
174.5
174.5
174.5
174.5
174.5
174.5
174.5
174.5
174.5
174.5
174.5
174.5
174.5
174.5
174.5
174.5
174.5
174.5
174.5
174.5
174.5
174.5
174.5
174.5
174.5
174.5
174.5
174.5
174.5
174.5
174.5
174.5
174.5
174.5
174.5
174.5
174.5
174.5
174.5
174.5
174.5
174.5
174.5
174.5
174.5
174.5
174.5
174.5
174.5
174.5
174.5
174.5
174.5
174.5
174.5
174.5
174.5
174.5
174.5
174.5
174.5
174.5
174.5
174.5
174.5
174.5
174.5
174.5
174.5
174.5
174.5
174.5
174.5
174.5
174.5
174.5
174.5
174.5
174.5
174.5
174.55
174.61
174.64
174.67
174.67
174.67
174.67
174.67
174.67
174.67
174.67
174.67
174.67
174.67
174.67
174.67
174.67
174.67
174.67
174.67
174.67
174.67
174.67
174.67
174.68
174.68
174.68
174.68
174.68
174.68
174.68
174.68
174.68
174.68
174.68
174.68
174.68
174.68
174.68
174.68
174.68
174.68
174.68
174.68
174.68
174.68
174.68
174.68
174.78
174.82
174.84
174.85
174.94
174.95
175.09
175.22
175.26
175.29
175.32
175.36
175.41
175.43
175.5
175.54
175.55
175.98
175.98
175.98
175.98
175.99
176.04
176.09
176.1
176.11
176.13
176.15
176.17
176.17
176.19
176.2
176.2
176.21
176.22
176.22
176.22
176.22
176.22
176.22
176.22
176.22
176.22
176.22
176.22
176.22
176.22
176.22
176.22
176.22
176.22
176.22
176.22
176.22
176.22
176.22
176.22
176.22
176.22
176.22
176.22
176.22
176.22
176.22
176.22
176.22
176.22
176.22
176.22
176.22
176.22
176.22
176.22
176.22
176.22
176.22
176.22
176.22
176.22
176.22
176.22
176.22
176.22
176.22
176.22
176.22
176.22
176.22
176.22
176.22
176.22
176.22
176.22
176.22
176.22
176.22
176.22
176.22
176.22
176.22
176.22
176.22
176.22
176.22
176.22
176.22
176.22
176.22
176.22
176.22
176.22
176.22
176.22
176.22
176.22
176.22
176.22
176.22
176.22
176.22
176.22
176.22
176.22
176.22
176.22
176.22
176.22
176.22
176.22
176.22
176.22
176.22
176.22
176.22
176.22
176.22
176.22
176.22
176.22
176.22
176.22
176.22
176.22
176.22
176.22
176.22
176.22
176.22
176.22
176.22
176.22
176.22
176.22
176.22
176.22
176.22
176.22
176.22
176.22
176.22
176.22
176.22
176.22
176.22
176.22
176.22
176.22
176.22
176.22
176.22
176.22
176.22
176.22
176.22
176.22
176.22
176.22
176.22
176.22
176.22
176.22
176.22
176.22
176.22
176.22
176.22
176.22
176.22
176.22
176.22
176.22
176.22
176.22
176.22
176.22
176.22
176.22
176.22
176.22
176.22
176.22
176.22
176.22
176.22
176.22
176.22
176.22
176.22
176.22
176.22
176.22
176.22
176.22
176.22
176.23
176.23
176.23
176.23
176.23
176.23
176.23
176.23
176.23
176.23
176.23
176.23
176.23
176.23
176.23
176.23
176.23
176.23
176.23
176.23
176.23
176.23
176.23
176.25
176.29
176.31
176.33
176.36
176.4
176.42
176.44
176.45
176.47
176.48
176.48
176.48
176.48
176.48
176.48
176.48
176.48
176.48
176.48
176.48
176.48
176.48
176.48
176.48
176.48
176.48
176.48
176.48
176.48
176.48
176.48
176.48
176.48
176.48
176.48
176.48
176.48
176.48
176.48
176.48
176.48
176.48
176.48
176.48
176.48
176.48
176.48
176.48
176.48
176.48
176.48
176.48
176.48
176.48
176.48
176.48
176.48
176.48
176.48
176.48
176.48
176.48
176.48
176.48
176.48
176.48
176.48
176.48
176.48
176.48
176.48
176.48
176.48
176.48
176.48
176.48
176.48
176.48
176.48
176.48
176.48
176.48
176.48
176.48
176.48
176.48
176.48
176.48
176.48
176.48
176.48
176.48
176.48
176.48
176.48
176.48
176.48
176.48
176.48
176.48
176.49
176.49
176.49
176.49
176.49
176.49
176.49
176.49
176.49
176.49
176.49
176.49
176.49
176.49
176.49
176.49
176.49
176.49
176.49
176.49
176.49
176.49
176.49
176.49
176.49
176.49
176.49
176.49
176.49
176.49
176.49
176.49
176.49
176.49
176.49
176.49
176.49
176.49
176.49
176.49
176.49
176.49
176.49
176.49
176.49
176.49
176.49
176.49
176.49
176.49
176.49
176.49
176.49
176.49
176.49
176.49
176.49
176.49
176.49
176.49
176.49
176.49
176.49
176.49
176.49
176.49
176.49
176.49
176.49
176.49
176.49
176.49
176.49
176.49
176.49
176.49
176.49
176.49
176.49
176.49
176.49
176.49
176.49
176.49
176.49
176.49
176.49
176.49
176.49
176.49
176.49
176.49
176.49
176.49
176.49
176.49
176.49
176.49
176.49
176.49
176.49
176.49
176.49
176.49
176.49
176.49
176.49
176.49
176.49
176.49
176.49
176.49
176.49
176.49
176.49
176.49
176.49
176.49
176.49
176.49
176.49
176.49
176.49
176.49
176.49
176.49
176.49
176.49
176.49
176.49
176.49
176.49
176.49
176.49
176.49
176.49
176.49
176.49
176.49
176.49
176.49
176.49
176.49
176.49
176.49
176.49
176.49
176.49
176.49
176.49
176.49
176.49
176.5
176.5
176.5
176.5
176.5
176.5
176.5
176.5
176.5
176.5
176.5
176.5
176.5
176.5
176.5
176.5
176.5
176.5
176.5
176.5
176.5
176.5
176.5
176.5
176.5
176.5
176.5
176.5
176.5
176.5
176.5
176.5
176.5
176.5
176.5
176.5
176.5
176.5
176.5
176.5
176.5
176.5
176.5
176.5
176.5
176.5
176.5
176.5
176.5
176.5
176.5
176.5
176.5
176.5
176.5
176.5
176.5
176.5
176.5
176.5
176.5
176.5
176.5
176.5
176.5
176.5
176.5
176.5
176.5
176.5
176.5
176.5
176.5
176.5
176.5
176.5
176.5
176.5
176.5
176.5
176.5
176.5
176.5
176.5
176.5
176.5
176.5
176.5
176.5
176.5
176.5
176.5
176.5
176.5
176.5
176.5
176.5
176.5
176.5
176.5
176.5
176.5
176.5
176.5
176.5
176.5
176.5
176.5
176.5
176.5
176.5
176.5
176.5
176.5
176.5
176.5
176.5
176.5
176.5
176.51
176.51
176.51
176.51
176.51
176.51
176.51
176.51
176.55
176.55
176.55
176.55
176.55
176.55
176.55
176.55
176.55
176.55
176.55
176.55
176.55
176.55
176.55
176.55
176.55
176.55
176.55
176.55
176.55
176.55
176.55
176.55
176.55
176.55
176.55
176.55
176.55
176.55
176.55
176.55
176.55
176.55
176.55
176.55
176.55
176.55
176.55
176.55
176.55
176.55
176.55
176.55
176.55
176.55
176.55
176.55
176.55
176.55
176.55
176.55
176.55
176.55
176.55
176.61
176.61
176.61
176.61
176.61
176.61
176.61
176.61
176.61
176.61
176.61
176.61
176.61
176.61
176.61
176.61
176.61
176.61
176.61
176.61
176.61
176.61
176.61
176.61
176.61
176.61
176.61
176.61
176.61
176.61
176.61
176.61
176.61
176.61
176.61
176.61
176.61
176.61
176.61
176.61
176.61
176.61
176.61
176.61
176.61
176.61
176.61
176.61
176.61
176.61
176.61
176.61
176.61
176.61
176.61
176.61
176.61
176.61
176.61
176.61
176.61
176.61
176.61
176.61
176.61
176.61
176.61
176.61
176.61
176.61
176.61
176.61
176.61
176.61
176.61
176.61
176.61
176.61
176.61
176.61
176.61
176.61
176.61
176.61
176.61
176.61
176.61
176.61
176.61
176.61
176.61
176.61
176.61
176.61
176.61
176.61
176.61
176.61
176.61
176.61
176.61
176.61
176.61
176.61
176.61
176.61
176.61
176.61
176.61
176.61
176.61
176.61
176.61
176.61
176.61
176.61
176.61
176.61
176.61
176.61
176.61
176.61
176.61
176.61
176.61
176.61
176.61
176.61
176.61
176.61
176.61
176.61
176.61
176.61
176.61
176.61
176.61
176.61
176.61
176.61
176.61
176.61
176.61
176.61
176.61
176.61
176.61
176.61
176.61
176.61
176.61
176.61
176.61
176.61
176.61
176.61
176.61
176.61
176.61
176.61
176.61
176.61
176.61
176.61
176.61
176.61
176.61
176.61
176.61
176.61
176.61
176.61
176.61
176.61
176.61
176.61
176.61
176.61
176.61
176.61
176.61
176.61
176.61
176.61
176.61
176.61
176.61
176.7
176.7
176.7
176.7
176.7
176.7
176.7
176.7
176.7
176.7
176.7
176.7
176.7
176.7
176.7
176.7
176.7
176.7
176.7
176.7
176.7
176.7
176.7
176.7
176.7
176.7
176.7
176.72
176.75
176.81
176.84
176.86
176.87
176.87
176.88
176.89
176.89
176.89
176.89
176.89
176.89
176.89
176.89
176.89
176.89
176.89
176.89
176.89
176.92
176.96
178.52
180.2
180.38
180.4
180.41
180.42
180.43
180.43
180.47
181.16
182.11
182.64
182.86
182.86
182.87
182.87
182.87
182.88
182.88
182.9
183.06
183.37
183.37
183.37
183.37
183.37
183.37
183.37
183.37
183.37
183.37
183.37
183.37
183.37
183.37
183.37
183.37
183.37
183.37
183.37
183.37
183.37
183.37
183.37
183.37
183.37
183.5
183.5
183.5
183.5
183.5
183.5
183.5
183.5
183.5
183.5
183.5
183.5
183.5
183.5
183.5
183.5
183.5
183.5
183.5
183.5
183.5
183.5
183.5
183.5
183.5
183.5
183.5
183.5
183.5
183.5
183.5
183.5
183.5
183.5
183.5
183.5
183.5
183.5
183.5
183.5
183.5
183.5
183.5
183.5
183.5
183.5
183.5
183.5
183.5
183.5
183.5
183.5
183.5
183.5
183.5
183.5
183.5
183.5
183.5
183.5
183.5
183.5
183.5
183.5
183.5
183.5
183.5
183.5
183.5
183.5
183.5
183.5
183.5
183.5
183.5
183.5
183.5
183.5
183.5
183.5
183.5
183.5
183.5
183.5
183.5
183.5
183.5
183.5
183.5
183.5
183.5
183.5
183.5
183.5
183.5
183.5
183.5
183.5
183.5
183.5
183.5
183.5
183.5
183.5
183.5
183.5
183.5
183.5
183.5
183.5
183.5
183.5
183.5
183.5
183.5
183.5
183.5
183.5
183.5
183.5
183.5
184.2
184.2
184.38
184.38
184.41
184.49
184.51
184.52
184.53
184.55
184.55
184.55
184.55
184.55
184.55
184.55
184.55
184.55
184.55
184.55
184.55
184.55
184.65
186.19
193.42
193.93
193.96
193.99
194.11
194.23
194.26
194.29
194.32
194.32
194.32
194.32
194.32
194.32
194.32
194.32
194.32
194.32
194.32
194.32
194.32
194.32
194.32
194.32
194.32
194.32
194.32
194.32
194.32
194.32
194.32
194.32
194.32
194.32
194.32
194.32
194.32
194.32
194.32
194.32
194.32
194.32
194.32
194.32
194.32
194.32
194.32
194.32
194.32
194.32
194.32
194.32
194.32
194.32
194.32
194.32
194.32
194.32
194.32
194.32
194.32
194.32
194.32
194.32
194.32
194.32
194.32
194.32
194.32
194.32
194.32
194.32
194.32
194.32
194.32
194.32
194.32
194.32
194.32
194.32
194.32
194.32
194.32
194.32
194.32
194.32
194.32
194.32
194.32
194.32
194.32
194.32
194.32
194.32
194.32
194.32
194.32
194.32
194.32
194.32
194.32
194.32
194.32
194.32
194.32
194.32
194.32
194.32
194.32
194.32
194.32
194.32
194.32
194.32
194.32
194.32
194.32
194.32
194.32
194.32
194.32
194.32
194.32
194.32
194.32
194.32
194.32
194.32
194.32
194.32
194.32
194.32
194.32
194.32
194.32
194.32
194.32
194.32
194.32
194.32
194.32
194.32
194.32
194.32
194.32
194.32
194.32
194.32
194.32
194.32
194.32
194.32
194.32
194.32
194.32
194.32
194.32
194.32
194.32
194.32
194.32
194.32
194.32
194.32
194.32
194.32
194.32
194.32
194.32
194.32
194.32
194.32
194.32
194.32
194.32
194.32
194.32
194.32
194.32
194.32
194.32
194.32
194.32
194.32
194.32
194.32
194.32
194.32
194.32
194.32
194.32
194.32
194.32
194.32
194.32
194.32
194.32
194.32
194.32
194.32
194.32
194.32
194.32
194.32
194.32
194.32
194.32
194.32
194.32
194.32
194.32
194.32
194.32
194.32
194.32
194.32
194.32
194.32
194.32
194.32
194.32
194.32
194.32
194.32
194.32
194.32
194.32
194.32
194.32
194.32
194.32
194.32
194.32
194.32
194.32
194.32
194.32
194.32
194.32
194.32
194.32
194.32
194.32
194.32
194.32
194.32
194.32
194.32
194.32
194.32
194.32
194.32
194.32
194.32
194.32
194.32
194.32
194.32
194.32
194.32
194.32
194.32
194.32
194.32
194.32
194.32
194.32
194.32
194.32
194.32
194.32
194.32
194.32
194.32
194.32
194.32
194.32
194.32
194.32
194.32
194.32
194.32
194.32
194.32
194.32
194.32
194.32
194.93
194.93
194.93
194.93
194.93
194.93
194.93
194.93
194.93
194.93
194.93
194.93
194.93
194.93
194.93
194.93
194.93
194.93
194.93
194.93
194.93
194.93
194.93
194.93
194.93
194.93
194.93
194.93
194.93
194.93
194.93
194.93
194.93
194.93
194.93
194.93
194.93
194.93
194.93
194.93
194.93
194.93
194.93
194.93
194.93
194.93
194.93
194.93
194.93
194.93
194.93
194.93
194.93
194.93
194.93
194.93
194.93
194.93
194.93
194.93
194.93
194.93
194.93
194.93
194.93
194.93
194.93
194.93
194.93
194.93
194.93
194.93
194.93
194.93
194.93
194.93
194.93
194.93
194.93
194.93
194.93
194.93
194.93
194.93
194.93
194.93
194.93
194.93
194.93
194.93
194.93
194.93
194.93
194.93
194.93
194.93
194.93
194.93
194.93
194.93
194.93
194.93
194.93
194.93
194.93
194.93
194.93
194.93
194.93
194.93
194.93
194.93
194.93
194.93
194.93
194.93
194.93
194.93
194.93
194.93
194.93
194.93
194.93
194.93
194.93
194.93
194.93
194.93
194.93
194.93
194.93
194.93
194.93
194.93
194.93
194.93
194.93
194.93
194.93
194.93
194.93
194.93
194.93
194.93
194.93
194.93
194.93
194.93
194.93
194.93
194.93
194.93
194.93
194.93
194.93
194.93
194.93
194.93
194.93
194.93
194.93
194.93
194.93
194.93
194.93
194.93
194.93
194.93
194.93
194.93
194.93
194.93
194.93
194.93
194.93
194.93
194.93
194.93
194.93
194.93
194.93
194.93
194.93
194.93
194.93
194.93
194.93
194.93
194.93
194.93
194.93
194.93
194.93
194.93
194.93
194.93
194.93
194.93
194.93
194.93
194.93
194.93
194.93
194.93
194.93
194.93
194.93
194.93
194.93
194.93
194.93
194.93
194.93
194.93
194.93
194.93
194.93
194.93
194.93
194.93
194.93
194.94
194.95
194.95
194.95
194.97
194.98
194.98
194.98
194.98
194.98
194.98
194.98
194.98
194.98
194.98
194.98
194.98
194.98
194.98
194.98
194.98
194.98
194.98
194.98
194.98
194.98
194.98
194.98
194.98
194.98
194.98
194.98
194.98
194.98
194.98
194.98
194.98
194.98
194.98
194.98
194.98
194.98
194.98
194.98
194.98
194.98
194.98
194.98
194.98
194.98
194.98
195
195.06
195.06
195.06
195.06
195.06
195.06
195.06
195.06
195.06
195.06
195.06
195.06
195.06
195.06
195.06
195.06
195.06
195.06
195.06
195.06
195.06
195.06
195.07
195.07
195.1
195.17
195.18
195.18
195.18
195.18
195.18
195.18
195.18
195.18
195.18
195.18
195.18
195.18
195.18
195.2
195.26
195.26
195.27
195.42
195.42
195.42
195.42
195.43
195.43
195.43
195.43
195.43
195.43
195.44
195.49
195.51
195.54
195.54
195.54
195.54
195.54
195.54
195.54
195.54
195.54
195.54
195.54
195.55
195.55
195.55
195.55
195.56
195.56
195.56
195.56
195.56
195.56
195.56
195.56
195.56
195.56
195.56
195.56
195.56
195.56
195.56
195.56
195.56
195.56
195.56
195.56
195.56
195.56
195.56
195.56
195.56
195.56
195.61
195.84
197.09
201.15
203.18
205.92
206.77
206.77
206.77
206.77
206.77
206.77
206.77
206.77
206.87
206.87
206.87
206.87
206.87
206.87
206.87
206.87
206.87
206.87
206.87
206.87
206.87
206.87
206.87
206.87
206.87
206.87
206.87
206.87
206.87
206.87
206.87
206.87
206.87
206.87
206.87
206.87
206.87
206.87
206.87
206.87
206.87
206.87
206.87
206.87
206.87
206.87
206.87
206.87
206.87
206.87
206.87
206.87
206.87
206.87
206.87
206.87
206.87
206.87
206.87
206.87
206.87
206.87
206.87
206.87
206.87
206.87
206.87
206.87
206.87
206.87
206.87
206.87
206.87
206.87
206.87
206.87
206.87
206.87
206.87
206.87
206.87
206.87
206.93
206.96
206.96
207.06
207.3
207.3
207.3
207.3
207.3
207.3
207.3
207.3
207.3
207.3
207.3
207.3
207.3
207.3
207.3
207.3
207.3
207.3
207.3
207.3
207.3
207.3
207.3
207.3
207.3
207.3
207.3
207.3
207.3
207.3
207.3
207.3
207.3
207.3
207.3
207.3
207.3
207.3
207.3
207.3
207.3
207.3
207.3
207.3
207.3
207.3
207.3
207.3
207.3
207.3
207.3
207.3
207.3
207.3
207.3
207.3
207.3
207.3
207.3
207.3
207.3
207.3
207.3
207.3
207.3
207.3
207.3
207.3
207.3
207.3
207.3
207.3
207.3
207.3
207.3
207.3
207.3
207.3
207.3
207.3
207.3
207.3
207.3
207.3
207.3
207.3
207.3
207.3
207.3
207.3
207.3
207.3
207.3
207.3
207.3
207.3
207.3
207.3
207.3
207.3
207.3
207.3
207.3
207.3
207.3
207.3
207.3
207.3
207.3
207.3
207.3
207.3
207.3
207.3
207.3
207.3
207.3
207.3
207.3
207.3
207.3
207.3
207.3
207.3
207.3
207.3
207.3
207.3
207.3
207.3
207.3
207.3
207.3
207.3
207.3
207.3
207.3
207.3
207.3
207.3
207.3
207.3
207.3
207.3
207.3
207.3
207.3
207.3
207.3
207.3
207.3
207.3
207.3
207.3
207.3
207.3
207.3
207.3
207.3
207.3
207.3
207.3
207.3
207.3
207.3
207.3
207.3
207.3
207.36
207.43
207.43
207.43
207.44
207.44
207.44
207.44
207.44
207.44
207.45
207.45
207.45
207.45
207.47
207.49
207.52
207.58
207.6
207.69
207.73
207.74
207.76
207.96
207.99
208.01
208.01
208.01
208.01
208.01
208.09
208.09
208.12
208.12
208.52
208.52
208.52
208.52
208.52
208.52
208.52
208.94
209.02
209.02
209.02
209.02
209.02
209.02
209.02
209.02
209.02
209.02
209.02
209.02
209.02
209.02
209.02
209.02
209.02
209.02
209.02
209.02
209.02
209.02
209.02
209.02
209.02
209.02
209.02
209.02
209.02
209.02
209.02
209.02
209.02
209.02
209.02
209.02
209.02
209.02
209.02
209.02
209.02
209.02
209.02
209.02
209.02
209.02
209.02
209.02
209.02
209.02
209.02
209.02
209.02
209.02
209.02
209.02
209.02
209.02
209.02
209.02
209.02
209.02
209.02
209.02
209.02
209.02
209.02
209.02
209.02
209.02
209.02
209.02
209.02
209.02
209.02
209.02
209.02
209.02
209.02
209.02
209.02
209.02
209.02
209.02
209.02
209.02
209.02
209.02
209.02
209.02
209.02
209.02
209.02
209.02
209.02
209.02
209.02
209.02
209.02
209.02
209.02
209.02
209.02
209.02
209.02
209.02
209.02
209.03
209.03
209.04
209.07
209.17
209.22
209.25
209.26
209.26
209.27
209.27
209.33
209.4
209.4
209.4
209.4
209.4
209.4
209.4
209.4
209.4
209.4
209.4
209.4
209.4
209.4
209.4
209.4
209.4
209.4
209.4
209.4
209.4
209.4
209.4
209.4
209.4
209.4
209.4
209.4
209.4
209.4
209.4
209.4
209.4
209.4
209.4
209.45
209.56
209.57
209.58
209.59
209.61
209.63
209.66
209.7
209.75
210.04
210.68
211.06
211.06
211.06
211.36
211.62
212.33
212.39
212.59
212.61
212.64
212.77
212.84
212.85
212.85
212.85
212.85
212.85
212.85
212.85
212.85
212.85
212.85
212.85
212.85
212.85
212.86
212.86
212.86
212.86
212.86
212.86
212.86
212.86
212.86
213.12
213.12
213.12
213.12
213.12
213.12
213.12
213.12
213.12
213.12
213.12
213.12
213.12
213.12
213.12
213.12
213.12
213.12
213.12
213.12
213.12
213.12
213.12
213.12
213.12
213.12
213.12
213.12
213.12
213.12
213.12
213.12
213.12
213.12
213.12
213.12
213.12
213.12
213.12
213.12
213.12
213.12
213.12
213.12
213.12
213.12
213.12
213.12
213.12
213.12
213.12
213.12
213.12
213.12
213.12
213.12
213.12
213.12
213.12
213.12
213.12
213.12
213.12
213.12
213.12
213.12
213.12
213.12
213.12
213.12
213.12
213.12
213.12
213.12
213.12
213.12
213.12
213.12
213.12
213.12
213.12
213.12
213.12
213.12
213.12
213.12
213.12
213.12
213.12
213.12
213.12
213.12
213.12
213.12
213.12
213.12
213.12
213.12
213.12
213.12
213.12
213.12
213.12
213.12
213.12
213.12
213.12
213.12
213.12
213.12
213.12
213.12
213.12
213.12
213.12
213.12
213.12
213.12
213.12
213.12
213.12
213.12
213.12
213.12
213.12
213.12
213.12
213.12
213.12
213.12
213.12
213.12
213.12
213.12
213.12
213.12
213.12
213.12
213.12
213.12
213.12
213.12
213.12
213.12
213.12
213.12
213.12
213.12
213.12
213.12
213.14
213.19
213.19
213.19
213.19
213.19
213.19
213.19
213.19
213.19
213.19
213.19
213.19
213.19
213.19
213.19
213.19
213.19
213.19
213.19
213.21
213.22
213.22
213.22
213.22
213.23
213.24
213.24
213.24
213.24
213.24
213.24
213.24
213.24
213.24
213.24
213.24
213.24
213.24
213.24
213.24
213.24
213.24
213.24
213.24
213.24
213.24
213.24
213.24
213.24
213.24
213.24
213.24
213.24
213.24
213.24
213.24
213.24
213.24
213.24
213.24
213.24
213.24
213.24
213.24
213.24
213.24
213.24
213.24
213.24
213.24
213.24
213.24
213.24
213.24
213.24
213.24
213.24
213.24
213.24
213.24
213.24
213.24
213.24
213.24
213.24
213.24
213.24
213.24
213.24
213.24
213.24
213.24
213.24
213.24
213.24
213.24
213.24
213.24
213.24
213.24
213.24
213.24
213.24
213.24
213.24
213.24
213.24
213.24
213.24
213.24
213.24
213.24
213.24
213.24
213.24
213.24
213.24
213.24
213.24
213.24
213.24
213.24
213.24
213.24
213.24
213.24
213.24
213.24
213.24
213.24
213.24
213.24
213.24
213.24
213.24
213.24
213.24
213.36
213.42
213.47
213.47
213.52
213.75
213.9
214
214.07
214.17
214.25
214.26
214.26
214.26
214.26
214.26
214.26
214.26
214.26
214.26
214.26
214.39
214.39
214.39
214.39
214.39
214.39
214.39
214.39
214.39
214.39
214.39
214.39
214.39
214.39
214.39
214.39
214.39
214.39
214.39
214.39
214.39
214.39
214.39
214.39
214.39
214.39
214.39
214.39
214.39
214.39
214.39
214.39
214.39
214.39
214.39
214.39
214.39
214.39
214.39
214.39
214.39
214.39
214.39
214.39
214.39
214.39
214.39
214.39
214.39
214.39
214.39
214.41
214.43
214.43
214.43
214.43
214.43
214.43
214.43
214.43
214.43
214.43
214.43
214.43
214.43
214.43
214.43
214.43
214.43
214.43
214.43
214.43
214.43
214.43
214.43
214.45
214.55
214.58
214.59
214.6
214.66
214.77
214.82
214.83
214.85
214.86
215.12
216.9
219.95
220.71
223.25
226.8
227.25
227.26
227.32
227.34
227.4
227.45
227.45
227.45
227.45
227.45
227.45
227.45
227.45
227.45
227.45
227.45
227.45
227.45
227.45
227.45
227.45
227.45
227.45
227.45
227.45
227.45
227.45
227.45
227.45
227.45
227.45
227.45
227.45
227.45
227.45
227.45
227.45
227.45
227.45
227.48
227.49
227.53
227.53
227.53
227.53
227.53
227.53
227.53
227.53
227.53
227.53
227.53
227.53
227.53
227.54
227.54
227.54
227.54
227.54
227.54
227.54
227.55
227.57
227.57
227.58
227.58
227.58
227.58
227.58
227.58
227.6
227.6
227.6
227.61
227.64
227.66
227.71
227.89
227.99
227.99
227.99
228.1
229.29
229.57
231.1
231.9
231.96
231.97
231.98
231.98
231.98
231.98
231.98
231.98
231.98
231.98
232
232.04
232.08
232.09
232.17
232.38
233.15
235.26
236.58
236.91
238.11
239.75
239.85
239.91
239.96
240.01
240.01
240.02
240.02
240.02
240.02
240.02
240.02
240.05
240.07
240.12
240.66
242
244.64
246.85
247.85
248.13
248.35
248.44
248.49
248.49
248.49
248.49
248.49
248.49
248.49
248.49
248.49
248.49
248.49
248.49
248.49
248.49
248.49
248.49
248.49
248.49
248.49
248.49
248.49
248.5
248.5
248.5
248.5
248.51
248.51
248.51
248.51
248.52
248.52
248.72
249.48
249.56
249.61
249.61
249.92
249.92
249.92
250.08
250.08
250.3
250.67
250.69
250.72
250.94
251.14
251.32
251.94
253.3
254.08
255.23
255.99
256.57
256.82
257.23
257.51
257.73
257.77
257.79
258.02
258.25
258.63
259.01
259.23
259.3
259.32
259.32
259.33
259.34
259.35
259.37
259.37
259.42
259.42
259.43
259.43
259.47
259.51
259.51
259.52
259.52
259.52
259.52
259.52
259.52
259.52
259.53
259.54
259.54
259.54
259.54
259.54
259.54
259.55
259.55
259.55
259.55
259.57
259.58
259.59
259.61
259.62
259.62
259.62
259.62
259.62
259.62
259.62
259.62
259.62
259.63
259.63
259.63
259.63
259.63
259.63
259.63
259.63
259.63
259.63
259.63
259.63
259.63
259.64
259.64
259.84
260.03
260.17
260.17
260.17
260.25
260.69
261.14
261.67
262.07
262.43
262.58
262.66
262.72
262.86
263.1
263.15
263.33
263.71
264.73
265.54
266.02
266.02
266.02
266.04
266.05
266.07
266.08
266.1
266.38
267.9
269.38
270.67
271.41
271.98
272.03
272.04
272.04
272.04
272.04
272.05
272.05
272.05
272.05
272.05
272.08
272.09
272.1
272.1
272.11
272.18
272.22
272.24
272.24
272.24
272.24
272.24
272.24
272.24
272.24
272.24
272.24
272.29
272.29
272.29
272.29
272.29
272.29
272.29
272.41
272.41
272.41
272.98
272.98
273.32
273.32
273.32
273.32
273.32
273.44
273.69
273.7
273.72
273.72
273.72
273.72
273.72
273.72
273.72
273.72
273.72
273.72
273.72
273.72
273.72
273.72
273.72
273.9
274.05
274.23
274.35
274.35
274.42
274.42
274.99
275.58
275.9
275.9
275.9
275.9
275.9
275.9
275.9
275.9
275.91
275.91
275.91
275.91
275.91
275.91
275.92
275.92
275.94
275.95
275.95
275.95
275.95
275.95
275.95
276.03
276.65
276.92
277.01
277.03
277.08
277.09
277.12
277.13
277.15
277.18
277.18
277.18
277.18
277.19
277.21
277.24
277.71
279.43
280.22
280.3
280.32
280.32
280.32
280.34
280.35
280.39
280.39
280.41
280.43
280.43
280.43
280.43
280.43
280.43
280.45
280.55
280.85
281.56
282.22
282.56
283.09
284.46
285.96
286.84
286.94
286.94
286.94
286.94
286.95
286.95
286.96
287.01
287.14
287.69
288.1
288.15
288.93
290.28
290.32
290.36
290.37
290.38
290.4
290.44
290.44
290.45
290.45
290.45
290.45
290.45
290.46
290.5
291.94
293.84
294.2
294.94
295.27
295.3
295.48
295.62
296.48
296.71
296.77
296.79
296.79
296.79
296.79
296.89
296.96
296.96
296.96
296.96
296.96
296.96
296.96
296.96
296.98
296.98
296.98
296.98
296.98
296.98
296.98
296.98
296.98
296.98
296.98
296.98
296.98
296.98
296.98
296.98
296.98
296.98
296.98
296.98
296.98
296.98
296.99
296.99
297.01
297.01
297.02
297.02
297.02
297.02
297.02
297.02
297.02
297.02
297.02
297.02
297.02
297.02
297.02
297.02
297.02
297.02
297.02
297.02
297.02
297.02
297.44
297.59
297.6
297.61
297.61
297.62
297.62
297.62
297.62
297.62
297.62
297.62
297.62
297.62
297.62
297.62
297.62
297.62
297.62
297.62
297.62
297.62
297.62
297.62
297.63
297.67
297.71
297.74
297.81
297.83
297.86
297.86
297.86
297.87
297.87
297.88
297.88
297.88
297.89
297.89
297.89
297.89
297.89
297.89
297.89
297.89
298.13
298.31
298.53
298.64
298.76
298.85
298.86
298.89
298.89
298.89
298.92
298.94
298.95
298.96
298.96
298.97
298.99
299.01
299.04
299.04
299.04
299.04
299.04
299.04
299.04
299.04
299.04
299.04
299.06
299.06
299.06
299.06
299.07
299.11
299.16
299.19
299.24
299.47
300.01
300.29
300.87
302.4
303.94
304.71
305.85
305.95
306.51
307.98
309.25
309.55
309.57
309.57
309.67
311.51
314.54
317.36
318.93
319.45
320.11
320.88
321.05
321.3
321.49
321.64
321.72
321.76
321.76
321.76
321.76
321.76
321.76
322.1
322.1
322.1
322.22
322.48
322.48
322.49
322.49
322.49
322.49
322.49
322.49
322.49
322.49
322.49
322.49
322.49
322.49
322.49
322.49
322.49
322.49
322.49
322.49
322.49
322.49
322.49
322.49
322.51
322.51
322.51
322.51
322.51
322.51
322.51
322.51
322.51
322.51
322.52
322.52
322.52
322.52
322.52
322.52
322.52
322.52
322.54
322.54
322.54
322.7
322.92
323
323.03
323.05
323.05
323.05
323.06
323.07
323.07
323.08
323.1
323.19
323.29
323.32
323.33
323.33
323.38
323.61
323.61
323.61
323.61
323.61
323.61
323.61
323.61
323.61
323.61
323.61
323.61
323.61
323.61
323.61
323.61
323.61
323.65
323.65
323.65
323.65
323.66
323.66
323.66
323.66
323.66
323.66
323.66
323.66
323.66
323.98
324.01
324.13
324.29
324.37
324.39
324.39
324.39
324.39
324.43
324.52
324.98
325.51
325.57
325.58
325.59
325.62
325.66
325.67
325.72
325.73
325.73
325.73
325.73
325.73
325.73
325.73
325.73
325.73
325.73
325.73
325.73
325.73
325.73
325.81
325.84
325.85
325.85
325.85
325.87
325.87
325.88
325.88
325.88
325.88
325.88
325.88
325.88
325.88
325.9
325.91
325.98
326.17
326.2
326.2
326.21
326.23
326.24
326.25
326.28
326.28
326.28
326.29
326.29
326.29
326.29
326.29
326.3
326.3
326.3
326.3
326.3
326.32
326.32
326.32
326.32
326.33
326.33
326.33
326.33
326.33
326.34
326.35
326.36
326.36
326.36
326.36
326.36
326.36
326.36
326.36
326.38
326.38
326.38
326.38
326.38
326.38
326.38
326.38
326.38
326.42
326.43
326.43
326.46
326.46
326.46
326.46
326.46
326.46
326.46
326.46
326.46
326.46
326.46
326.46
326.46
326.46
326.46
326.46
326.46
326.46
326.46
326.46
326.46
326.46
326.48
326.49
326.49
326.49
326.49
326.51
326.51
326.51
326.52
326.53
326.53
326.53
326.53
326.53
326.54
326.54
326.54
326.54
326.54
326.54
326.54
326.54
326.56
326.56
326.56
326.56
326.56
326.56
326.57
326.57
326.57
326.57
326.57
326.57
326.57
326.57
326.57
326.57
326.57
326.57
326.57
326.57
326.57
326.57
326.57
326.57
326.57
326.6
326.61
326.62
326.63
326.63
326.63
326.63
326.64
326.65
326.66
326.67
326.67
326.67
326.68
326.7
326.7
326.7
326.71
326.71
326.73
326.82
326.96
327.19
327.33
327.45
327.49
327.49
327.49
327.49
327.51
327.52
327.53
327.56
327.56
327.57
327.57
327.57
327.57
327.57
327.58
327.58
327.58
327.58
327.58
327.58
327.58
327.58
327.58
327.58
327.59
327.59
327.59
327.6
327.6
327.64
327.64
327.64
327.64
327.64
327.64
327.64
327.67
327.73
327.73
327.74
327.75
327.75
327.75
327.75
327.75
327.75
327.77
327.77
327.77
327.77
327.77
327.77
327.77
327.77
327.77
327.77
327.77
327.77
327.77
327.77
327.77
327.77
327.77
327.77
327.78
327.78
327.78
327.78
327.78
327.78
327.78
327.78
327.79
327.8
327.8
327.8
327.8
327.8
327.8
327.8
327.8
327.8
327.8
327.8
327.8
327.8
327.8
327.8
327.8
327.8
327.8
327.8
327.8
327.8
327.8
327.81
327.81
327.81
327.81
327.81
327.81
327.81
327.81
327.82
327.84
327.94
328.56
329.14
329.7
330.56
330.94
331.22
331.36
331.5
331.67
331.71
331.71
331.71
331.71
331.71
331.71
331.71
331.71
331.71
331.71
