0
0
0
0
0
0
0
0
0
0
1.09
1.09
2.18
6.55
8.74
8.74
8.74
9.83
10.92
10.92
10.92
10.92
10.92
10.92
10.92
10.92
10.92
10.92
10.92
10.92
10.92
10.92
10.92
10.92
10.92
10.92
10.92
10.92
10.92
10.92
10.92
10.92
10.92
10.92
10.92
10.92
10.92
10.92
10.92
10.92
10.92
10.92
10.92
10.92
10.92
10.92
10.92
10.92
10.92
10.92
10.92
10.92
10.92
10.92
10.92
10.92
10.92
10.92
10.92
10.92
10.92
10.92
10.92
10.92
10.92
10.92
10.92
10.92
10.92
10.92
10.92
10.92
10.92
10.92
10.92
10.92
10.92
10.92
10.92
10.92
10.92
10.92
10.92
10.92
10.92
10.92
10.92
10.92
10.92
10.92
10.92
10.92
10.92
10.92
10.92
10.92
10.92
10.92
10.92
10.92
10.92
10.92
10.92
10.92
10.92
10.92
10.92
10.92
10.92
10.92
10.92
10.92
10.92
10.92
10.92
10.92
10.92
10.92
10.92
10.92
10.92
10.92
10.92
10.92
10.92
12.01
12.01
12.01
12.01
12.01
12.01
12.01
12.01
12.01
12.01
12.01
12.01
12.01
12.01
12.01
12.01
12.01
12.01
12.01
12.01
13.11
13.11
13.11
13.11
13.11
13.11
15.29
15.29
15.29
17.48
17.48
19.66
20.09
20.53
20.97
21.41
21.84
21.84
21.84
21.84
21.84
21.84
21.84
21.84
21.84
21.84
21.84
21.84
21.84
21.84
21.84
21.84
21.84
21.84
21.84
21.84
21.84
21.84
21.84
21.84
21.84
21.84
21.84
21.84
21.84
21.84
21.84
21.84
21.84
21.84
21.84
21.84
21.84
21.84
21.84
21.84
21.84
21.84
21.84
21.84
21.84
21.84
22.94
22.94
22.94
22.94
22.94
22.94
22.94
22.94
22.94
22.94
22.94
22.94
22.94
22.94
22.94
22.94
22.94
22.94
22.94
22.94
22.94
22.94
22.94
22.94
22.94
22.94
22.94
22.94
22.94
22.94
22.94
22.94
22.94
22.94
22.94
22.94
22.94
22.94
22.94
22.94
22.94
22.94
22.94
22.94
22.94
22.94
22.94
22.94
22.94
22.94
22.94
22.94
22.94
22.94
22.94
22.94
22.94
22.94
22.94
22.94
22.94
22.94
22.94
22.94
22.94
22.94
22.94
22.94
22.94
22.94
22.94
22.94
22.94
22.94
22.94
22.94
22.94
22.94
22.94
22.94
22.94
22.94
22.94
22.94
22.94
22.94
22.94
22.94
22.94
22.94
22.94
22.94
22.94
22.94
22.94
23.15
23.37
23.59
23.59
23.59
23.59
23.59
23.59
23.59
23.59
23.59
23.59
23.59
23.68
23.76
23.85
23.93
24.03
24.03
24.03
24.03
24.03
24.03
24.03
24.03
24.03
24.03
24.03
24.03
24.03
24.03
24.03
24.03
24.03
24.03
24.03
24.03
24.03
24.03
24.03
24.03
24.03
24.03
24.03
24.03
24.03
25.12
25.12
25.12
26.21
26.21
26.21
26.21
26.21
26.21
26.21
26.21
26.21
26.21
26.21
28.4
28.4
28.4
28.4
28.4
28.4
28.4
28.4
28.4
28.4
28.4
28.4
28.4
28.4
28.4
28.4
28.4
28.4
28.4
28.4
28.4
28.4
28.4
28.4
28.4
28.4
28.4
28.4
28.4
28.4
28.4
28.4
28.4
28.4
28.4
28.4
28.4
28.4
28.4
28.4
30.58
30.58
30.58
30.58
30.58
30.58
30.58
30.58
30.58
30.58
30.58
30.58
30.58
30.58
30.58
30.58
30.58
30.58
30.58
30.58
30.58
30.58
30.58
30.58
30.58
30.58
30.58
30.58
30.58
30.58
30.58
30.58
30.58
30.58
30.58
30.58
30.58
30.58
30.58
30.58
30.58
30.58
30.58
30.58
30.58
30.58
30.58
30.58
30.58
30.58
30.58
30.58
30.58
30.58
30.58
30.58
31.67
31.67
31.67
31.67
31.67
31.67
31.67
31.67
31.67
31.67
31.67
31.67
31.67
31.67
31.67
31.67
31.67
31.67
31.67
31.67
31.67
31.67
31.67
31.67
31.67
31.67
31.67
31.67
31.67
31.67
31.67
31.67
31.67
31.67
31.67
31.67
31.67
31.67
31.67
31.67
31.67
31.67
31.67
31.67
31.67
31.67
31.67
31.67
31.67
31.67
31.67
31.67
31.67
31.67
31.67
31.67
31.67
31.67
31.67
31.67
31.67
31.67
31.67
31.67
31.67
31.67
31.67
31.67
31.67
31.67
31.67
31.67
31.67
31.67
31.67
31.67
31.67
31.67
31.67
31.67
31.67
31.67
31.67
31.67
31.67
31.67
31.67
31.67
31.67
31.67
31.67
31.67
31.67
31.67
31.67
31.67
31.67
31.67
31.67
31.67
31.67
31.67
31.67
31.67
31.67
31.67
31.67
31.67
31.67
31.67
31.67
31.67
31.67
31.67
31.67
31.67
31.67
31.67
31.67
31.67
31.67
31.67
31.67
31.67
31.67
31.67
31.67
31.67
31.67
31.67
31.67
31.67
31.67
31.67
31.67
31.67
31.67
31.67
31.67
31.67
31.67
31.67
31.67
31.67
31.67
31.67
31.67
31.67
31.67
31.67
31.67
31.67
31.67
31.67
31.67
31.67
31.67
31.67
31.67
31.67
31.67
31.67
31.67
31.67
31.67
31.67
31.67
31.67
31.67
31.67
31.67
31.67
31.67
31.67
31.67
31.67
31.67
31.67
31.67
31.67
31.67
31.67
31.67
31.67
31.67
31.67
31.67
31.67
31.67
31.67
31.67
31.67
31.67
32.77
32.77
32.77
32.77
37.13
39.32
39.32
39.32
40.41
41.5
41.5
41.5
41.5
41.5
41.5
41.5
41.5
41.5
41.5
41.5
41.5
41.5
41.5
41.5
41.5
41.5
41.5
41.5
41.5
41.5
41.5
41.5
41.5
41.5
41.5
41.5
41.5
41.5
41.5
41.5
41.5
41.5
41.5
41.5
41.5
41.5
41.5
41.5
41.5
41.5
41.5
41.5
41.5
41.5
41.5
41.5
41.5
41.5
41.5
41.5
41.5
41.5
41.5
41.5
41.5
41.5
41.5
41.5
41.5
41.5
41.5
41.5
41.5
41.5
41.5
41.5
41.5
41.5
41.5
41.5
41.5
41.5
41.5
41.5
41.5
41.5
41.5
41.5
41.5
41.5
41.5
41.5
41.5
41.5
41.5
41.5
41.5
41.5
41.5
41.5
41.5
41.5
41.5
41.5
41.5
41.5
41.5
41.5
41.5
41.5
41.5
41.5
41.5
41.5
41.5
41.5
41.5
41.5
41.5
41.5
41.5
41.5
41.5
41.5
41.5
41.5
41.5
41.5
41.5
41.5
41.5
41.5
41.5
41.5
41.5
41.5
41.5
41.5
41.5
41.5
41.5
41.5
41.5
41.5
41.5
41.5
41.5
41.5
41.5
41.5
41.5
41.5
41.5
41.5
41.5
41.5
41.5
41.5
41.5
41.5
41.5
41.5
41.5
41.5
41.5
41.5
41.5
41.5
41.5
41.5
41.5
41.5
41.5
41.5
41.5
41.5
41.5
41.5
41.5
41.5
41.5
41.5
41.5
41.5
41.5
41.5
41.5
41.5
41.5
41.5
41.5
41.5
41.5
41.5
41.5
41.5
41.5
41.5
41.5
41.5
41.5
41.5
41.5
41.5
41.5
41.5
41.5
41.5
41.5
41.5
41.5
41.5
41.5
41.5
41.5
41.5
41.5
41.5
41.5
41.5
41.5
41.5
41.5
41.5
41.5
41.5
41.5
41.5
41.5
41.5
41.5
41.5
41.5
41.5
41.5
41.5
41.5
41.5
41.5
41.5
41.5
41.5
41.5
41.5
41.5
41.5
41.5
41.5
41.5
41.5
41.5
41.5
41.5
41.5
41.5
41.5
41.5
41.5
41.5
41.5
41.5
41.5
41.5
41.5
41.5
41.5
41.5
41.5
41.5
41.5
41.5
41.5
41.5
41.5
41.5
41.5
41.5
41.5
41.5
41.5
41.5
41.5
41.5
41.5
41.5
41.5
41.5
41.5
41.5
41.5
41.5
41.5
41.5
41.5
41.5
41.5
41.5
41.5
41.5
41.5
41.5
41.5
41.5
41.5
41.5
41.5
41.5
41.5
41.5
41.5
41.5
41.5
41.5
41.5
41.5
41.5
41.5
41.5
41.5
41.5
41.5
41.5
41.5
41.5
41.5
41.5
41.5
41.5
41.5
41.5
41.5
42.11
42.11
42.11
42.11
42.11
42.11
42.11
42.11
42.11
42.11
42.11
42.11
42.11
42.11
42.11
42.11
42.11
42.11
42.11
42.11
42.11
42.72
42.72
42.72
42.72
42.72
42.72
42.72
42.72
42.72
42.72
42.72
42.72
42.72
42.72
42.72
42.72
42.72
42.72
42.72
42.72
42.72
42.72
42.72
42.72
42.72
42.72
42.72
42.72
42.72
42.72
42.72
42.72
42.72
43.33
43.33
43.33
43.33
43.33
43.33
43.33
43.33
43.33
43.33
43.33
43.33
43.33
43.33
43.33
43.33
43.33
43.33
43.33
43.33
43.33
43.33
43.33
43.33
43.33
43.33
43.33
43.33
43.33
43.33
43.94
43.94
43.94
43.94
44.55
44.55
44.55
44.55
44.55
44.55
44.55
44.55
44.55
44.55
44.55
44.55
44.55
44.55
44.55
44.55
44.55
44.55
44.55
44.55
44.55
44.55
44.55
44.55
44.55
44.55
44.55
44.55
44.55
44.55
44.55
44.55
44.55
44.55
44.55
44.55
44.55
45.16
45.16
45.16
45.16
45.16
45.16
45.16
45.16
45.16
45.16
45.16
45.16
45.16
45.16
45.16
45.16
45.16
45.16
45.16
45.16
45.16
45.16
45.16
45.16
45.16
45.16
45.16
45.16
45.16
45.16
45.16
45.16
45.16
45.16
45.16
45.16
45.16
45.16
45.16
45.16
45.16
45.16
45.16
45.16
45.16
45.16
45.16
45.16
45.16
45.16
45.16
45.16
45.16
45.16
45.16
45.16
45.16
45.16
45.16
45.16
45.16
45.16
45.16
45.16
45.77
45.77
45.77
45.77
45.77
45.77
45.77
45.77
46.38
46.38
46.38
46.38
47.6
47.6
47.6
47.6
47.6
47.6
47.6
47.6
47.6
47.6
47.6
47.6
47.6
47.6
47.6
47.6
48.82
48.82
48.82
48.82
48.82
50.04
50.04
50.04
50.04
50.04
50.04
50.04
50.04
50.04
52.48
53.7
53.7
53.7
53.7
53.7
53.7
53.7
53.7
53.7
53.7
53.7
53.7
53.7
54.31
54.31
54.31
54.31
54.31
54.31
54.31
54.31
54.31
54.31
54.31
54.31
54.31
54.31
54.31
54.31
54.31
54.31
54.31
54.31
54.31
54.31
54.31
54.31
54.31
54.31
54.31
54.31
54.31
54.31
54.31
54.31
54.31
54.31
54.31
54.31
54.31
54.31
54.31
54.31
54.31
54.31
54.31
54.31
54.31
54.31
54.31
54.31
54.31
54.31
54.31
54.31
54.31
54.31
54.31
54.31
54.31
54.31
54.31
54.31
54.31
54.31
54.31
54.31
54.31
54.31
54.31
54.31
54.31
54.31
54.31
54.31
54.31
54.31
54.31
54.31
54.31
54.31
54.31
54.31
54.31
54.31
54.31
54.31
54.31
54.31
54.31
54.31
54.31
54.31
54.31
54.31
54.31
54.31
54.31
54.31
54.31
54.31
54.31
54.31
54.31
54.31
54.31
54.31
54.31
54.31
54.31
54.31
54.31
54.31
54.31
54.31
54.31
54.31
54.31
54.31
54.31
54.31
54.31
54.31
54.31
54.31
54.31
54.31
54.31
54.31
54.31
54.31
54.31
54.31
54.31
54.31
54.31
54.31
54.31
54.31
54.31
54.31
54.31
54.31
54.31
54.31
54.31
54.31
54.31
54.31
54.31
54.31
54.31
54.31
54.31
54.31
54.31
54.31
54.31
54.31
54.31
54.31
54.31
54.31
54.31
54.31
54.31
54.31
54.31
54.31
54.92
54.92
54.92
54.92
54.92
54.92
54.92
54.92
54.92
54.92
54.92
54.92
54.92
54.92
54.92
54.92
54.92
54.92
54.92
54.92
54.92
54.92
54.92
54.92
54.92
54.92
54.92
54.92
54.92
54.92
54.92
54.92
54.92
54.92
54.92
54.92
54.92
54.92
54.92
54.92
54.92
54.92
54.92
54.92
54.92
54.92
54.92
54.92
54.92
54.92
54.92
54.92
54.92
54.92
54.92
54.92
54.92
54.92
54.92
54.92
54.92
54.92
54.92
54.92
54.92
54.92
54.92
54.92
54.92
54.92
54.92
54.92
54.92
54.92
54.92
54.92
54.92
54.92
54.92
54.92
54.92
54.92
54.92
54.92
54.92
54.92
54.92
54.92
54.92
54.92
54.92
54.92
54.92
54.92
54.92
54.92
54.92
54.92
54.92
54.92
55.6
55.6
55.6
55.6
55.6
55.6
55.6
55.6
55.6
55.6
55.6
55.6
55.6
55.6
55.6
55.6
55.6
55.6
55.6
55.6
55.6
55.6
55.6
55.6
55.6
55.6
55.6
55.6
55.6
55.6
55.6
55.6
55.6
55.6
55.6
55.6
55.6
55.6
55.6
55.6
55.6
55.6
55.6
55.6
55.6
55.6
55.6
55.6
55.6
55.6
55.6
55.6
55.6
55.6
55.6
55.6
55.6
55.6
55.6
55.6
55.6
55.6
55.6
55.6
55.6
55.6
55.6
55.6
55.6
55.6
55.6
55.6
55.6
55.6
55.6
55.6
55.6
55.6
55.6
55.6
55.6
55.6
55.6
55.6
55.6
55.6
55.6
55.6
55.6
55.6
55.6
55.6
55.6
55.6
55.6
55.6
55.6
55.6
55.6
55.6
55.6
55.6
55.6
55.6
55.6
55.6
55.6
55.6
55.6
55.6
55.6
55.6
55.6
55.6
55.6
55.6
55.6
55.6
55.74
55.87
56.01
56.01
56.01
56.01
56.01
56.01
56.01
56.01
56.01
56.01
56.01
56.01
56.01
56.01
56.01
56.01
56.01
56.01
56.01
56.07
56.12
56.18
56.23
56.29
56.29
56.29
56.29
56.29
56.29
56.29
56.29
56.29
56.29
56.29
56.29
56.29
56.29
56.29
56.29
56.29
56.29
56.29
56.29
56.29
56.29
56.29
56.29
56.29
56.29
56.29
56.29
56.29
56.29
56.29
56.29
56.29
56.29
56.29
56.29
56.29
56.29
56.29
56.29
56.29
56.29
56.29
56.29
56.29
56.29
56.29
56.29
56.29
56.29
56.29
56.29
56.29
56.29
56.29
56.29
56.29
56.29
56.29
56.29
56.29
56.29
56.29
56.29
56.29
56.29
56.29
56.29
56.29
56.29
56.29
56.29
56.29
56.29
56.29
56.29
56.29
56.29
56.29
56.29
56.29
56.29
56.29
56.29
56.29
56.29
56.29
56.29
56.29
56.29
56.29
56.29
56.29
56.29
56.29
56.29
56.29
56.29
56.29
56.29
56.29
56.29
56.29
56.29
56.29
56.29
56.29
56.29
56.29
56.29
56.29
56.29
56.29
56.29
56.29
56.29
56.29
56.29
56.29
56.29
56.29
56.29
56.29
56.29
56.29
56.29
56.29
56.29
56.29
56.29
56.29
56.29
56.29
56.29
56.29
56.29
56.29
56.29
56.29
56.29
56.29
56.29
56.29
56.29
56.29
56.29
56.29
56.29
56.29
56.29
56.29
56.29
56.29
56.29
56.29
56.29
56.29
56.29
56.29
56.29
56.29
56.29
56.29
56.29
56.29
56.29
56.29
56.29
56.29
56.29
56.29
56.29
56.29
56.29
56.29
56.29
56.29
56.29
56.29
56.29
56.29
56.29
56.29
56.29
56.29
56.29
56.29
56.29
56.42
56.56
56.7
56.84
56.98
56.98
56.98
56.98
56.98
56.98
56.98
56.98
56.98
56.98
56.98
56.98
56.98
56.98
56.98
56.98
56.98
56.98
56.98
56.98
56.98
56.98
56.98
56.98
57.66
59.03
60.4
60.95
61.5
62.05
62.6
63.15
63.15
63.15
63.15
63.15
63.15
63.15
63.15
63.15
63.15
63.15
63.15
63.15
63.15
63.15
64.52
64.52
64.52
64.52
64.52
64.52
64.52
64.52
64.52
64.52
65.89
67.26
67.26
67.26
67.26
67.26
67.26
67.26
68.63
68.63
68.63
68.63
68.63
68.63
68.63
68.63
68.63
68.63
68.63
68.63
68.63
68.63
68.63
68.63
68.63
68.63
68.63
68.63
68.63
68.63
68.63
70.01
70.01
70.01
70.01
71.38
72.75
72.75
74.12
74.12
74.12
74.12
74.12
74.12
74.12
74.12
74.12
74.12
74.12
74.12
74.12
74.12
74.12
74.12
75.49
76.86
76.86
78.24
78.24
78.92
78.92
78.92
78.92
78.92
78.92
78.92
78.92
78.92
78.92
78.92
78.92
78.92
78.92
78.92
78.92
78.92
78.92
78.92
78.92
78.92
78.92
78.92
78.92
78.92
78.92
78.92
78.92
78.92
78.92
78.92
78.92
78.92
78.92
78.92
78.92
78.92
78.92
78.92
78.92
78.92
78.92
78.92
78.92
78.92
78.92
78.92
78.92
78.92
78.92
78.92
78.92
78.92
78.92
78.92
78.92
78.92
78.92
78.92
78.92
78.92
78.92
78.92
78.92
78.92
78.92
78.92
78.92
78.92
78.92
78.92
78.92
78.92
78.92
79.61
79.61
79.61
79.61
79.61
79.61
79.61
79.61
79.61
79.61
80.98
80.98
80.98
80.98
80.98
80.98
80.98
80.98
80.98
80.98
80.98
82.35
83.72
83.72
83.72
83.72
86.46
86.46
86.46
86.46
86.46
86.46
86.46
86.46
86.46
86.46
86.46
87.84
87.84
89.21
91.95
91.95
93.32
93.32
93.32
94.69
94.69
96.07
96.07
96.07
96.34
96.61
96.89
97.16
97.44
97.44
97.44
97.44
97.44
97.44
97.44
97.44
97.44
97.44
98.81
98.81
100.18
101.55
102.92
102.92
102.92
103.19
103.47
103.74
104.02
104.3
104.3
104.3
104.3
104.3
104.3
104.3
104.3
104.3
104.3
104.3
104.3
104.3
104.3
104.3
104.3
104.3
104.3
104.3
104.3
104.3
104.3
104.3
104.3
104.3
104.3
104.98
104.98
104.98
104.98
104.98
104.98
104.98
104.98
104.98
104.98
104.98
104.98
104.98
104.98
104.98
104.98
104.98
104.98
104.98
104.98
104.98
104.98
104.98
104.98
104.98
104.98
104.98
104.98
104.98
104.98
104.98
104.98
104.98
104.98
104.98
104.98
104.98
104.98
104.98
104.98
105.12
105.26
105.4
105.54
105.68
105.68
105.68
105.68
105.68
105.68
105.68
105.68
105.68
105.68
105.68
105.68
105.68
105.68
105.68
105.68
105.68
105.68
105.68
105.68
105.68
105.68
105.68
105.68
105.68
105.68
105.68
105.68
105.68
105.68
105.68
105.68
105.68
105.68
105.68
105.68
105.68
105.68
105.68
105.68
105.68
105.68
105.68
105.68
107.08
107.08
108.47
108.47
108.47
108.47
108.47
108.47
108.47
108.47
108.47
108.47
108.47
108.47
108.47
108.47
108.47
109.87
109.87
111.27
111.27
112.66
112.66
112.66
112.66
114.06
114.06
115.46
115.46
115.46
115.46
115.46
115.46
115.46
115.46
115.46
115.46
115.46
115.46
115.46
115.46
115.46
115.46
115.46
115.46
115.46
115.46
115.46
115.46
115.46
115.46
115.46
115.46
115.46
115.46
115.46
115.46
115.46
115.46
115.46
115.46
115.46
115.46
115.46
115.46
115.46
115.46
115.46
115.46
115.46
115.46
115.46
115.46
115.46
115.46
116.86
116.86
116.86
116.86
116.86
116.86
116.86
116.86
116.86
116.86
116.86
116.86
116.86
116.86
116.86
116.86
116.86
116.86
116.86
116.86
116.86
116.86
116.86
116.86
116.86
116.86
116.86
116.86
116.86
117.69
118.53
119.37
120.2
121.05
121.05
121.05
121.05
121.05
121.05
121.05
121.05
121.05
121.05
121.05
121.05
122.44
122.44
122.44
122.44
122.44
122.44
122.44
122.44
122.44
122.44
122.44
122.44
122.44
122.44
122.44
122.44
122.44
122.44
122.44
122.44
122.44
122.44
122.44
122.44
122.44
122.44
123.84
123.84
123.84
123.84
123.84
123.84
123.84
123.84
123.84
123.84
123.84
123.84
123.84
123.84
123.84
123.84
123.84
123.84
123.84
123.84
123.84
123.84
123.84
123.84
123.84
123.84
123.84
123.84
123.84
123.84
123.84
123.84
123.84
123.84
123.84
123.84
123.84
123.84
123.84
123.84
123.84
123.84
123.84
123.84
123.84
123.84
123.84
123.84
123.84
123.84
123.84
123.84
123.84
123.84
123.84
123.84
123.84
123.84
123.84
123.84
123.84
123.84
123.84
123.84
123.84
123.84
123.84
123.84
123.84
123.84
123.84
123.84
123.84
123.84
123.84
123.84
123.84
123.84
123.84
123.84
123.84
123.84
123.84
123.84
123.84
123.84
123.84
123.84
123.84
123.84
123.84
123.84
123.84
123.84
123.84
123.84
123.84
123.84
123.84
123.84
123.84
123.84
123.84
123.84
123.84
123.84
123.84
123.84
123.84
123.84
123.84
123.84
123.84
123.84
123.84
123.84
123.84
123.84
123.84
123.84
124.54
124.54
124.54
124.54
124.54
124.54
124.54
124.54
124.54
124.54
124.54
124.54
124.54
124.54
124.54
124.54
124.54
124.54
124.54
124.54
124.54
124.54
124.54
124.54
124.54
125.24
125.24
125.24
125.24
125.94
125.94
125.94
125.94
125.94
125.94
125.94
125.94
125.94
125.94
125.94
125.94
125.94
125.94
125.94
125.94
125.94
125.94
125.94
125.94
125.94
125.94
125.94
125.94
125.94
125.94
125.94
125.94
125.94
125.94
125.94
125.94
125.94
125.94
125.94
125.94
125.94
125.94
125.94
125.94
126.63
126.63
126.63
127.33
127.33
127.33
127.33
127.33
127.33
127.33
127.33
127.33
127.33
127.33
127.33
127.33
127.33
127.33
127.33
127.33
127.33
127.33
127.47
127.61
127.75
127.89
128.03
128.03
128.03
128.03
128.03
128.03
128.03
128.03
128.03
128.03
128.03
128.03
128.03
128.03
128.03
128.03
128.03
128.03
128.03
128.03
128.03
128.03
128.03
128.03
128.03
128.03
128.03
128.03
128.03
128.03
128.03
128.03
128.03
128.03
128.03
128.03
128.03
128.03
128.03
128.03
128.03
128.03
128.03
128.03
128.03
128.03
128.03
128.03
128.03
128.03
129.43
129.43
129.43
129.43
130.83
130.83
130.83
130.83
130.83
130.83
130.83
130.83
132.22
133.62
135.02
136.41
136.41
136.41
136.41
136.41
136.41
136.41
136.41
137.81
137.81
137.81
137.81
137.81
137.81
137.81
137.81
137.81
137.81
137.81
137.81
137.81
137.81
137.81
137.81
137.81
137.81
137.81
137.81
137.81
137.81
137.81
137.81
137.81
137.81
139.21
139.21
139.21
139.21
139.85
139.85
139.85
139.85
139.85
139.85
140.51
141.7
141.7
141.7
142.74
143.55
143.55
144.24
144.24
144.24
144.24
144.24
144.24
144.24
144.24
144.24
144.24
144.24
144.24
144.24
144.24
144.24
144.24
144.24
144.24
144.24
144.24
144.24
144.24
144.24
144.24
144.24
144.24
144.24
144.24
144.24
144.24
144.24
144.24
144.24
144.24
144.24
144.24
144.24
144.24
144.24
144.24
144.24
144.24
144.24
144.24
144.24
144.24
144.24
144.24
144.24
144.24
144.24
144.24
144.24
144.24
144.24
144.24
144.24
144.24
144.24
144.24
144.24
144.24
144.24
144.24
144.24
144.24
144.24
144.24
144.24
144.24
144.24
144.24
144.24
144.24
144.24
144.24
144.24
144.24
144.24
144.24
144.24
144.24
144.24
144.24
144.24
144.24
144.24
144.24
144.24
144.24
144.24
144.24
144.24
144.24
144.24
144.24
144.24
144.24
144.24
144.24
144.24
144.24
144.24
144.24
144.24
144.24
144.24
144.24
144.24
145.36
145.97
145.97
145.97
145.97
145.97
145.97
145.97
145.97
145.97
145.97
145.97
145.97
145.97
145.97
145.97
145.97
145.97
145.97
145.97
145.97
145.97
145.97
145.97
145.97
145.97
145.97
145.97
145.97
145.97
145.97
145.97
145.97
145.97
145.97
145.97
145.97
145.97
145.97
145.97
145.97
145.97
145.97
145.97
145.97
145.97
145.97
145.97
145.97
145.97
145.97
145.97
145.97
145.97
145.97
145.97
145.97
145.97
145.97
145.97
145.97
145.97
145.97
145.97
145.97
145.97
145.97
145.97
145.97
145.97
145.97
145.97
145.97
145.97
145.97
145.97
145.97
145.97
145.97
145.97
145.97
145.97
145.97
145.97
145.97
145.97
145.97
145.97
145.97
145.97
145.97
145.97
145.97
145.97
145.97
145.97
145.97
145.97
145.97
145.97
145.97
145.97
145.97
145.97
145.97
145.97
145.97
145.97
145.97
145.97
145.97
145.97
145.97
145.97
145.97
145.97
145.97
145.97
145.97
145.97
145.97
145.97
145.97
145.97
145.97
145.97
145.97
145.97
145.97
145.97
145.97
145.97
145.97
145.97
145.97
145.97
145.97
145.97
145.97
145.97
145.97
145.97
145.97
145.97
145.97
145.97
145.97
145.97
145.97
145.97
145.97
145.97
145.97
145.97
145.97
145.97
145.97
145.97
145.97
145.97
145.97
145.97
145.97
145.97
145.97
145.97
145.97
145.97
145.97
145.97
145.97
145.97
145.97
145.97
145.97
145.97
145.97
145.97
145.97
145.97
145.97
146.53
146.53
146.53
146.53
146.53
146.53
146.53
146.53
146.53
146.53
147.19
147.19
149.42
156.94
157.8
159.12
159.12
159.12
159.12
159.12
159.12
159.12
159.12
159.12
159.12
159.12
159.12
159.12
159.12
159.12
159.12
159.12
159.12
160.29
161.66
161.66
161.66
161.66
161.66
161.66
161.66
161.66
161.66
161.66
161.66
161.66
161.66
161.66
161.66
161.66
161.66
161.66
161.66
161.66
161.66
161.66
161.66
161.66
161.66
161.66
161.66
161.66
161.66
161.66
161.66
161.66
161.66
161.66
161.66
161.66
161.66
161.66
161.66
161.66
161.66
161.66
161.66
161.66
161.66
161.66
161.66
161.66
161.66
161.66
161.66
161.66
161.66
161.66
161.66
161.66
161.66
162.78
162.78
162.78
162.78
162.78
162.78
162.78
163.37
170.33
173.55
174.24
174.24
174.24
174.24
174.24
174.24
174.24
174.24
174.24
174.24
174.24
174.24
174.24
174.24
174.24
174.24
174.24
174.24
174.24
174.24
174.24
174.24
174.24
174.24
174.24
174.24
174.24
174.24
174.24
174.87
174.87
174.87
174.87
174.87
174.87
174.87
174.87
174.87
174.87
174.87
174.87
174.87
174.87
174.87
174.87
174.87
175.51
175.51
175.51
175.51
175.51
175.51
175.51
175.51
175.51
175.51
175.51
175.51
175.51
175.51
175.51
175.51
175.51
175.51
175.51
175.51
175.51
175.51
175.51
175.51
175.51
175.51
175.51
175.51
175.51
175.51
175.51
175.51
175.51
176.04
176.04
176.04
176.04
176.04
176.04
176.04
176.04
176.04
176.04
176.04
176.04
176.04
176.04
176.04
176.04
176.04
176.04
176.04
176.04
176.04
176.04
176.04
176.04
176.04
176.04
176.04
176.04
176.04
176.04
176.04
176.04
176.04
176.04
176.04
176.04
176.04
176.04
176.04
176.04
176.04
176.04
176.04
176.04
176.04
176.04
176.04
176.04
176.04
176.04
176.04
176.04
176.04
176.04
176.04
176.04
176.78
176.78
176.78
176.78
176.78
176.78
176.78
176.78
176.78
176.78
176.78
176.78
176.78
176.78
176.78
176.78
176.78
176.78
176.78
176.78
176.78
176.78
176.78
176.78
176.78
176.78
182.19
182.19
182.19
184.42
184.42
184.42
184.42
186.86
193.24
196.41
200.42
200.42
200.42
200.42
200.42
200.93
202.46
202.46
202.96
202.96
202.96
202.96
202.96
202.96
202.96
202.96
202.96
202.96
202.96
202.96
202.96
202.96
202.96
202.96
202.96
202.96
202.96
202.96
202.96
202.96
202.96
202.96
202.96
202.96
202.96
202.96
202.96
202.96
202.96
202.96
202.96
202.96
202.96
202.96
202.96
203.47
203.47
203.47
204.49
204.49
204.49
204.49
204.49
205.5
205.5
205.5
205.5
205.5
206.01
206.01
206.01
206.01
207.28
208.81
209.31
209.31
209.31
209.31
209.31
209.31
209.31
209.31
209.31
209.31
209.31
209.31
209.31
209.31
209.31
209.31
209.31
209.31
209.31
209.31
209.31
209.31
209.31
209.31
209.31
209.31
209.31
209.31
209.31
209.31
209.31
209.31
209.31
210.58
210.58
210.58
210.58
210.58
210.58
210.58
210.58
210.58
210.58
210.58
210.58
210.58
210.58
210.58
210.58
210.58
210.58
210.58
210.58
210.58
210.58
210.58
210.58
210.58
210.58
210.58
210.58
210.58
210.58
210.58
210.58
210.58
210.58
210.58
210.58
210.58
210.58
210.58
210.58
210.58
210.58
210.58
210.58
210.58
210.58
210.58
210.58
211.6
212.87
214.14
214.14
214.14
214.65
214.65
215.92
216.43
216.43
216.43
216.43
216.43
216.43
216.43
216.43
216.43
216.43
216.43
216.43
216.93
216.93
216.93
216.93
216.93
216.93
216.93
216.93
216.93
216.93
216.93
216.93
216.93
216.93
216.93
216.93
216.93
216.93
216.93
216.93
216.93
216.93
216.93
216.93
216.93
216.93
216.93
217.7
217.7
217.7
218.97
218.97
219.47
219.47
219.47
219.47
219.47
219.47
219.47
219.47
219.47
219.47
219.47
219.47
219.47
219.47
219.47
219.47
219.47
219.47
219.47
219.47
219.47
219.47
219.47
219.47
219.47
219.47
219.47
219.47
219.47
219.47
219.47
219.47
219.47
219.47
219.47
219.47
219.47
219.47
219.47
219.47
219.47
219.47
219.47
219.47
219.47
219.47
219.47
219.47
219.47
219.47
219.47
219.47
219.47
219.47
219.47
219.47
219.47
219.47
219.47
219.47
219.47
219.47
219.47
219.47
219.47
219.47
219.47
219.47
219.47
219.47
219.47
219.47
219.47
219.47
219.47
219.47
219.47
219.47
219.47
219.47
219.47
219.47
219.47
219.47
219.47
219.47
219.47
219.47
219.47
219.47
219.47
219.47
219.47
219.47
219.47
219.47
219.47
219.47
219.47
219.47
219.47
219.47
219.47
219.47
219.47
219.47
219.47
219.47
219.47
219.47
219.47
219.47
219.47
219.47
219.47
219.47
219.47
219.47
220.49
220.49
220.49
220.49
220.49
220.49
220.49
220.49
220.49
220.49
220.49
220.49
220.49
220.49
220.49
220.49
220.49
220.49
220.49
220.49
220.49
220.49
220.49
220.49
220.49
220.49
220.49
220.49
220.49
220.49
220.49
220.49
220.49
220.49
220.49
220.49
220.49
220.49
220.49
220.49
220.49
220.49
220.49
220.49
220.49
220.49
221
225.32
225.32
225.32
225.82
225.82
227.09
229.63
229.63
229.63
230.14
230.14
230.14
230.14
230.14
230.14
230.14
230.14
230.14
230.14
230.14
230.14
230.14
230.14
230.9
232.68
232.68
232.68
232.68
232.68
232.68
232.68
232.68
232.68
232.68
232.68
232.68
232.68
232.68
232.68
232.68
232.68
232.68
232.68
232.68
232.68
232.68
232.68
232.68
232.68
232.68
232.68
232.68
232.68
232.68
232.68
232.68
232.68
232.68
232.68
232.68
232.68
232.68
232.68
232.68
232.68
232.68
232.68
232.68
232.68
232.68
232.68
232.68
232.68
232.68
232.68
232.68
232.68
232.68
232.68
232.68
232.68
232.68
232.68
232.68
232.68
232.68
232.68
232.68
232.68
232.68
232.68
232.68
232.68
232.68
232.68
232.68
232.68
232.68
232.68
232.68
232.68
232.68
232.68
232.68
232.68
232.68
233.44
233.44
234.97
234.97
234.97
234.97
234.97
234.97
234.97
234.97
234.97
234.97
234.97
234.97
234.97
234.97
234.97
234.97
234.97
234.97
234.97
234.97
234.97
234.97
234.97
234.97
234.97
234.97
234.97
234.97
234.97
234.97
234.97
234.97
234.97
234.97
234.97
234.97
234.97
234.97
234.97
234.97
234.97
234.97
234.97
234.97
234.97
234.97
234.97
234.97
234.97
234.97
234.97
234.97
234.97
234.97
234.97
234.97
234.97
234.97
234.97
234.97
234.97
234.97
234.97
234.97
234.97
234.97
234.97
234.97
234.97
234.97
234.97
234.97
234.97
234.97
234.97
234.97
234.97
234.97
234.97
234.97
234.97
234.97
235.73
235.73
235.73
235.73
235.73
235.73
235.73
235.73
235.73
235.73
235.73
235.73
235.73
235.73
235.73
235.73
235.73
235.73
235.73
235.73
235.73
235.73
235.73
235.73
235.73
235.73
236.24
236.24
236.24
236.24
236.24
236.24
236.24
236.24
236.24
236.24
236.24
236.24
236.24
236.24
236.24
236.24
236.24
236.24
236.24
236.24
236.24
236.24
236.24
236.24
236.75
236.75
236.75
236.75
236.75
236.75
236.75
236.75
236.75
236.75
236.75
236.75
236.75
236.75
236.75
236.75
236.75
236.75
236.75
236.75
236.75
236.75
237.51
237.51
237.51
237.51
237.51
237.51
237.51
238.27
238.27
238.27
238.27
238.27
238.27
238.27
238.27
238.27
238.27
238.27
238.27
238.27
238.27
238.27
238.27
238.78
239.29
239.79
240.3
240.81
241.57
242.08
242.08
242.08
242.08
242.08
242.08
242.08
242.08
242.08
242.08
242.08
242.08
242.08
242.08
242.08
242.08
242.08
242.08
242.08
242.08
242.08
242.08
242.08
242.08
242.08
242.08
242.08
242.08
242.08
242.08
242.08
242.08
242.08
242.08
242.08
242.08
242.08
242.08
242.08
242.84
242.84
242.84
242.84
242.84
242.84
242.84
243.6
243.6
243.6
243.6
243.6
243.6
243.6
243.6
243.6
243.6
243.6
243.6
243.6
243.6
243.6
243.6
243.6
243.6
243.6
243.6
243.6
243.6
243.6
243.6
243.6
243.6
243.6
243.6
243.6
243.6
243.6
243.6
243.6
243.6
243.6
243.6
243.6
243.6
243.6
243.6
243.6
243.6
243.6
243.6
243.6
243.6
243.6
243.6
243.6
243.6
243.6
243.6
244.11
244.11
244.11
245.64
247.41
249.45
249.45
250.21
250.21
250.21
250.21
250.21
250.21
250.21
250.21
250.21
250.21
250.21
250.21
250.21
250.21
250.21
250.21
250.21
250.21
250.21
250.21
250.21
250.21
250.21
250.21
250.21
250.21
250.21
250.21
250.21
250.21
250.21
250.21
250.21
250.21
250.21
250.21
250.21
250.21
250.21
250.21
250.21
250.21
250.21
250.21
250.21
250.21
250.21
250.21
250.21
250.21
250.21
250.21
250.21
250.21
250.21
250.21
250.21
250.21
250.21
250.21
250.21
250.21
250.21
250.21
250.21
250.21
250.21
250.21
250.21
250.21
250.21
250.21
250.21
250.21
250.21
250.21
250.21
250.21
250.21
250.21
250.97
250.97
251.73
251.73
251.73
251.73
251.73
251.73
251.73
251.73
251.73
251.73
251.73
253
253
253
253
254.02
255.8
257.07
257.07
257.07
259.61
260.11
262.4
262.4
263.92
266.46
267.48
267.48
267.48
267.48
267.48
267.48
267.48
267.48
267.48
267.48
267.48
267.48
267.48
267.48
267.48
267.48
267.48
267.48
267.48
267.48
267.48
267.48
267.48
267.48
267.48
267.48
267.48
267.48
267.48
267.48
267.48
267.48
267.48
267.48
267.48
267.48
267.48
267.48
267.48
267.48
267.48
267.48
267.48
267.48
267.48
267.48
267.48
267.48
267.48
267.48
267.48
267.48
267.48
267.48
267.48
267.48
267.48
267.48
267.48
267.48
267.48
267.48
267.48
267.48
267.48
267.48
267.48
267.48
267.48
267.48
267.48
267.48
267.48
267.48
267.48
267.48
267.48
267.48
267.48
267.48
267.48
267.48
267.48
267.48
267.48
267.48
267.48
267.48
267.48
267.48
267.48
267.48
267.48
267.48
267.48
267.48
267.48
267.48
267.48
267.48
267.48
267.48
267.48
267.48
267.48
267.48
267.48
267.48
267.48
267.48
267.48
267.48
267.48
267.48
267.48
267.48
267.48
267.48
267.48
267.48
267.48
267.48
267.48
267.48
267.48
267.48
267.48
267.48
267.48
267.48
267.48
267.48
267.48
267.48
267.48
270.78
272.31
272.31
272.31
272.31
272.31
272.31
272.31
272.31
273.07
274.34
274.34
274.34
274.34
274.34
274.34
277.13
277.13
280.18
280.18
280.18
280.18
280.18
280.18
280.18
280.18
280.18
280.18
280.18
280.18
280.18
280.18
280.18
280.18
280.18
280.18
280.18
280.18
280.18
280.18
280.18
280.18
280.18
280.18
280.18
280.18
280.18
280.18
280.18
280.18
280.18
280.18
280.18
280.18
280.18
280.18
280.18
280.18
280.18
280.18
280.18
280.18
280.18
280.18
280.18
280.18
280.18
280.18
280.18
280.18
280.18
280.18
280.18
280.18
280.18
280.18
280.18
280.18
280.18
280.18
280.18
280.18
280.18
280.18
280.18
280.18
280.18
280.18
280.18
280.18
280.18
280.18
280.18
280.18
280.18
280.18
280.18
280.18
280.18
280.18
280.18
280.18
280.18
280.18
280.18
280.18
280.18
280.18
280.18
280.18
280.18
280.18
280.18
280.18
280.18
280.18
280.18
280.18
280.18
280.18
280.18
280.18
280.18
280.18
280.18
280.18
280.18
280.18
280.18
280.18
280.18
280.18
280.18
280.18
280.18
280.18
280.18
280.18
280.18
280.18
280.18
280.18
280.18
280.18
280.18
280.18
280.18
280.18
280.18
280.18
280.18
280.18
280.18
280.18
280.18
280.18
280.18
280.18
280.18
280.18
280.18
280.18
280.18
280.18
280.18
280.18
280.18
280.18
280.18
280.18
280.18
280.18
280.18
280.18
280.18
280.18
280.18
280.18
280.18
280.18
280.18
280.18
280.18
280.18
280.18
280.18
280.18
280.18
280.18
280.18
280.18
280.18
280.18
280.18
280.18
280.18
280.18
280.18
280.18
280.18
280.18
280.18
280.18
280.18
280.18
280.18
280.18
280.18
280.18
280.18
280.18
280.18
280.18
280.18
280.18
280.18
280.18
280.18
280.18
280.18
280.18
280.18
280.18
280.18
280.18
280.18
280.18
280.18
280.18
280.18
280.18
280.18
280.18
280.18
280.18
280.18
280.18
280.18
280.18
280.18
280.18
280.18
280.18
280.18
280.18
280.18
280.18
280.18
280.18
280.18
280.18
280.18
280.18
280.18
280.18
280.18
280.18
280.18
280.18
280.18
280.18
280.18
280.18
280.18
280.18
280.18
280.18
280.18
280.18
280.18
280.18
280.18
280.18
280.18
280.18
280.18
280.18
280.18
280.18
280.18
280.18
280.18
280.18
280.18
280.18
280.18
280.18
280.18
280.18
280.18
280.18
280.18
280.18
280.18
280.18
280.18
280.18
280.18
280.18
280.18
280.18
280.18
280.18
280.18
280.18
280.18
280.18
280.18
280.18
280.18
280.18
280.18
280.18
280.18
280.18
280.18
280.18
280.18
280.18
280.18
280.18
280.18
280.18
280.18
280.18
280.18
280.18
280.18
280.18
280.18
280.18
280.18
280.18
280.18
280.18
280.18
280.18
280.18
280.18
280.18
280.18
280.18
280.18
280.18
280.18
280.18
280.18
280.18
280.18
280.18
280.18
280.18
280.18
280.18
280.18
280.18
280.18
280.18
280.18
280.18
280.18
280.18
280.18
280.18
280.18
280.18
280.18
280.18
280.18
280.18
280.18
280.18
280.18
280.18
280.18
280.18
280.18
280.18
280.18
280.18
280.18
280.18
280.18
280.18
280.18
280.18
280.18
280.18
280.18
280.18
280.18
280.18
280.18
280.18
280.18
280.18
280.18
280.18
280.18
280.18
280.18
280.18
280.18
280.18
280.18
280.18
280.18
280.18
280.18
280.18
280.18
280.18
280.18
280.18
280.18
280.18
280.18
280.18
280.18
280.18
280.18
280.18
280.18
280.18
280.18
280.18
280.18
280.18
280.18
280.18
280.18
280.18
280.18
280.18
280.18
280.18
280.18
280.18
280.18
280.18
280.18
280.18
280.18
280.18
280.18
280.18
280.18
280.18
280.18
280.18
280.18
280.18
280.18
280.18
280.18
280.18
280.18
280.18
280.18
280.18
280.18
280.18
280.18
280.18
280.18
280.76
281.35
281.91
282.82
282.82
282.82
282.82
282.82
282.82
282.82
282.82
282.82
282.82
282.82
282.82
282.82
282.82
282.82
282.82
282.82
282.82
282.82
282.82
282.82
282.82
282.82
282.82
282.82
282.82
282.82
282.82
282.82
282.82
282.82
282.82
282.82
282.82
282.82
282.82
282.82
282.82
282.82
282.82
282.82
282.82
282.82
282.82
282.82
282.82
282.82
282.82
282.82
282.82
282.82
282.82
282.82
282.82
282.82
282.82
282.82
282.82
282.82
282.82
282.82
282.82
282.82
282.82
282.82
282.82
282.82
282.82
282.82
282.82
282.82
282.82
282.82
282.82
282.82
282.82
282.82
282.82
282.82
282.82
282.82
282.82
282.82
282.82
282.82
282.82
282.82
282.82
282.82
282.82
282.82
282.82
282.82
282.82
282.82
282.82
282.82
282.82
282.82
282.82
282.82
282.82
282.82
282.82
282.82
282.82
282.82
282.82
282.82
282.82
282.82
282.82
282.82
282.82
282.82
282.82
282.82
282.82
282.82
282.82
282.82
282.82
282.82
282.82
282.82
282.82
282.82
282.82
282.82
282.82
282.82
282.82
283.86
283.86
283.86
283.86
283.86
283.86
283.86
283.86
283.86
283.86
283.86
283.86
283.86
284.96
284.96
284.96
284.96
284.96
284.96
284.96
284.96
284.96
284.96
284.96
284.96
284.96
284.96
284.96
284.96
284.96
284.96
284.96
284.96
284.96
284.96
284.96
284.96
284.96
284.96
284.96
284.96
284.96
284.96
284.96
284.96
284.96
284.96
284.96
284.96
284.96
284.96
284.96
284.96
284.96
284.96
284.96
284.96
284.96
284.96
284.96
284.96
284.96
284.96
284.96
284.96
284.96
284.96
284.96
284.96
284.96
284.96
284.96
284.96
284.96
284.96
284.96
284.96
284.96
284.96
284.96
284.96
285.54
285.54
285.54
285.54
285.54
285.54
285.54
285.54
285.54
285.54
285.54
285.54
285.54
285.54
285.54
285.54
285.54
285.54
285.54
285.54
285.54
285.54
285.54
285.54
285.54
285.54
285.54
285.54
285.54
285.54
285.54
285.54
285.54
285.54
285.54
285.54
285.54
285.54
285.54
285.54
285.54
285.54
285.54
285.54
285.54
285.54
285.54
285.54
285.54
285.54
285.54
285.54
285.54
285.54
285.54
285.54
285.54
285.54
285.54
285.54
285.54
285.54
285.54
285.54
285.54
285.54
285.54
285.54
285.54
285.54
285.54
285.54
285.54
285.54
285.54
285.54
285.54
285.54
285.54
285.54
285.54
285.54
285.54
285.54
285.54
285.54
285.54
285.54
285.54
285.54
285.54
285.54
285.54
285.54
285.54
285.54
286.17
286.17
286.17
286.17
286.17
286.17
286.17
286.17
286.17
286.17
286.17
286.17
286.17
286.17
286.17
286.17
286.17
286.17
286.17
286.17
286.17
286.17
286.17
286.17
286.17
286.17
286.17
286.68
286.68
286.68
286.68
286.68
286.68
286.68
286.68
286.68
286.68
286.68
286.68
286.68
286.68
286.68
286.68
286.68
286.68
286.68
286.68
286.68
286.68
286.68
286.68
286.68
286.68
286.68
286.68
286.68
286.68
286.68
286.68
286.68
286.68
286.68
286.68
286.68
286.68
286.68
286.68
286.68
286.68
286.68
286.68
286.68
286.68
286.68
286.68
286.68
286.68
286.68
286.68
286.68
286.68
286.68
286.68
286.68
286.68
286.68
286.68
286.68
286.68
286.68
286.68
286.68
286.68
286.68
286.68
286.68
286.68
286.68
286.68
286.68
286.68
286.68
286.68
286.68
286.68
286.68
286.68
286.68
286.68
286.68
286.68
286.68
286.68
286.68
286.68
286.68
286.68
286.68
286.68
286.68
286.68
286.68
286.68
286.68
286.68
286.68
286.68
286.68
286.68
286.68
286.68
286.68
286.68
286.68
286.68
286.68
286.68
286.68
286.68
286.68
286.68
286.68
286.68
286.68
286.68
286.68
286.68
286.68
286.68
286.68
286.68
286.68
286.68
286.68
286.68
286.68
286.68
286.68
286.68
286.68
286.68
286.68
286.68
286.68
286.68
286.68
286.68
286.68
286.68
286.68
286.68
286.68
286.68
286.68
286.68
286.68
286.68
286.68
286.68
286.68
286.68
286.68
286.68
286.68
286.68
286.68
286.68
286.68
286.68
286.68
286.68
286.68
286.68
286.68
286.68
286.68
286.68
286.68
286.68
286.68
286.68
286.68
286.68
286.68
286.68
286.68
286.68
286.68
286.68
286.68
286.68
286.68
286.68
286.68
286.68
286.68
286.68
286.68
286.68
286.68
286.68
286.68
286.68
286.68
286.68
286.68
286.68
286.68
286.68
286.68
286.68
286.68
286.68
286.68
286.68
286.68
286.68
286.68
286.68
286.68
286.68
286.68
286.68
286.68
286.68
286.68
286.68
286.68
286.68
286.68
286.68
286.68
286.68
286.68
286.68
286.68
286.68
286.68
286.68
286.68
286.68
286.68
286.68
286.68
286.68
286.68
286.68
286.68
286.68
286.68
286.68
286.68
286.68
286.68
286.68
286.68
286.68
286.68
286.68
286.68
286.68
286.68
286.68
286.68
286.68
286.68
286.68
286.68
286.68
286.68
286.68
286.68
286.68
286.68
286.68
286.68
286.68
286.68
286.68
286.68
286.68
286.68
286.68
286.68
286.68
286.68
286.68
286.68
286.68
286.68
286.68
286.68
286.68
286.68
286.68
286.68
286.68
286.68
286.68
286.68
286.68
286.68
286.68
286.68
286.68
286.68
286.68
286.68
286.68
286.68
286.68
286.68
286.68
286.68
286.68
286.68
286.68
286.68
286.68
286.68
286.68
286.68
286.68
286.68
286.68
286.68
286.68
286.68
286.68
286.68
286.68
286.68
286.68
286.68
286.68
286.68
286.68
286.68
286.68
286.68
286.68
286.68
286.68
286.68
286.68
286.68
286.68
286.68
286.68
286.68
286.68
286.68
286.68
286.68
286.68
286.68
286.68
286.68
286.68
286.68
286.68
286.68
286.68
286.68
286.68
286.68
286.68
286.68
286.68
286.68
286.68
286.68
286.68
286.68
286.68
286.68
286.68
286.68
286.68
286.68
286.68
286.68
286.68
286.68
286.68
286.68
286.68
286.68
286.68
286.68
286.68
286.68
286.68
286.68
286.68
286.68
286.68
286.68
286.68
286.68
286.68
286.68
286.68
286.68
286.68
286.68
286.68
286.68
286.68
286.68
286.68
286.68
286.68
286.68
286.68
286.68
286.68
286.68
286.68
286.68
286.68
286.68
286.68
286.68
286.68
286.68
286.68
286.68
286.68
286.68
286.68
286.68
286.68
286.68
286.68
286.68
286.68
286.68
286.68
286.68
286.68
286.68
286.68
286.68
286.68
286.68
286.68
286.68
286.68
286.68
286.68
286.68
286.68
286.68
286.68
286.68
286.68
286.68
286.68
286.68
286.68
286.68
286.68
286.68
286.68
286.68
286.68
286.68
286.68
286.68
286.68
286.68
286.68
286.68
286.68
286.68
286.68
286.68
286.68
286.68
286.68
286.68
286.68
286.68
286.68
286.68
286.68
286.68
286.68
286.68
286.68
286.68
286.68
286.68
286.68
286.68
286.68
286.68
286.68
286.68
286.68
286.68
286.68
286.68
286.68
286.68
286.68
286.68
286.68
286.68
286.68
286.68
286.68
286.68
286.68
286.68
286.68
286.68
286.68
286.68
286.68
286.68
286.68
286.68
286.68
286.68
286.68
286.68
286.68
286.68
286.68
286.68
286.68
286.68
286.68
286.68
286.68
286.68
286.68
286.68
286.68
286.68
286.68
286.68
286.68
286.68
286.68
286.68
286.68
286.68
286.68
286.68
286.68
286.68
286.68
286.68
286.68
286.68
286.68
286.68
286.68
286.68
286.68
286.68
286.68
286.68
286.68
286.68
286.68
286.68
286.68
286.68
286.68
286.68
286.68
286.68
286.68
286.68
286.68
286.68
286.68
286.68
286.68
286.68
286.68
286.68
286.68
286.68
286.68
286.68
286.68
286.68
286.68
286.68
286.68
286.68
286.68
286.68
286.68
286.68
286.68
286.68
286.68
286.68
286.68
286.68
286.68
286.68
286.68
286.68
286.68
286.68
286.68
286.68
286.68
286.68
286.68
286.68
286.68
286.68
286.68
286.68
286.68
286.68
286.68
286.68
286.68
286.68
286.68
286.68
286.68
286.68
286.68
286.68
286.68
286.68
286.68
286.68
286.68
286.68
286.68
286.68
286.68
286.68
286.68
286.68
286.68
286.68
286.68
286.68
286.68
286.68
286.68
286.68
286.68
286.68
286.68
286.68
286.68
286.68
286.68
286.68
286.68
286.68
286.68
286.68
286.68
286.68
286.68
286.68
286.68
286.68
286.68
286.68
286.68
286.68
286.68
286.68
286.68
286.68
286.68
286.68
286.68
286.68
286.68
286.68
286.68
286.68
286.68
286.68
286.68
286.68
286.68
286.68
286.68
286.68
286.68
286.68
286.68
286.68
286.68
286.68
286.68
286.68
286.68
286.68
286.68
287.6
287.6
287.6
287.6
287.6
287.6
287.6
287.6
287.6
287.6
287.6
287.6
287.6
287.6
287.6
287.6
288.18
288.18
288.18
288.18
288.18
288.18
288.18
288.18
288.18
288.18
288.18
288.18
288.18
288.18
288.18
288.18
288.18
288.18
288.18
288.18
288.18
288.18
288.18
288.18
288.18
288.18
288.18
288.18
288.18
288.18
288.18
288.18
288.18
288.18
288.18
288.18
288.18
288.18
288.18
288.18
288.18
288.18
288.18
288.18
288.18
288.18
288.18
288.18
288.18
288.18
288.18
288.18
288.18
288.18
288.18
288.18
288.18
288.18
288.18
288.18
288.18
288.18
288.18
288.18
288.18
288.18
288.18
288.18
288.18
288.18
288.18
288.18
288.18
288.18
288.18
288.18
288.18
288.18
288.18
288.18
288.18
288.18
288.18
288.18
288.18
288.18
288.18
288.18
288.18
288.18
288.18
288.18
288.18
288.18
288.18
288.18
288.18
288.18
288.18
288.18
288.18
288.18
288.18
288.18
288.18
288.18
288.18
288.18
288.18
288.18
288.18
288.18
288.18
288.18
288.18
288.18
288.18
288.18
288.18
288.18
288.18
288.18
288.18
288.18
288.18
288.18
288.18
288.18
288.18
288.18
288.18
288.18
288.18
288.18
288.18
288.18
288.18
288.18
288.18
288.18
288.18
288.18
288.18
288.18
288.18
288.18
288.18
288.18
288.18
288.18
288.18
288.18
288.18
288.18
288.18
288.18
288.18
288.18
288.18
288.18
288.18
288.18
288.18
288.18
288.18
288.18
288.18
288.18
288.18
288.18
288.18
288.18
288.18
288.18
288.18
288.18
288.18
288.18
288.18
288.18
288.18
288.18
288.18
288.18
288.18
288.18
288.18
288.18
288.18
288.18
288.18
288.18
288.18
288.18
288.18
288.18
288.18
288.18
288.18
288.18
288.18
288.18
288.18
288.18
288.18
288.18
288.18
288.18
288.18
288.18
288.18
288.18
288.18
288.18
288.18
288.18
288.18
288.18
288.18
288.18
288.18
288.18
288.18
288.18
288.18
288.18
288.18
288.18
288.18
288.18
288.18
288.18
288.18
288.18
288.18
288.18
288.18
288.18
288.18
288.18
288.18
288.18
288.18
288.18
288.18
288.18
288.18
288.18
288.18
288.18
288.18
288.18
288.18
288.18
288.18
288.18
288.18
288.18
288.18
288.18
288.18
288.18
288.18
288.18
288.18
290.77
290.77
291.94
292.6
292.6
292.6
292.6
292.6
292.6
292.6
292.6
292.6
292.6
292.6
292.6
292.6
292.6
292.6
292.6
292.6
292.6
292.6
292.6
292.6
292.6
292.6
292.6
292.6
292.6
292.6
292.6
292.6
292.6
292.6
292.6
292.6
292.6
292.6
292.6
292.6
292.6
292.6
292.6
292.6
292.6
292.6
292.6
292.6
292.6
292.6
292.6
292.6
292.6
292.6
292.6
292.6
292.6
292.6
292.6
292.6
292.6
292.6
292.6
292.6
292.6
292.6
292.6
292.6
292.6
292.6
292.6
292.6
292.6
292.6
292.6
292.6
292.6
292.6
292.6
292.6
292.6
292.6
292.6
292.6
292.6
292.6
292.6
292.6
292.6
292.6
292.6
292.6
292.6
292.6
292.6
292.6
292.6
292.6
292.6
292.6
292.6
292.6
292.6
292.6
292.6
292.6
292.6
292.6
292.6
292.6
292.6
292.6
292.6
292.6
292.6
292.6
292.6
292.6
292.6
292.6
292.6
292.6
292.6
292.6
292.6
292.6
292.6
292.6
292.6
292.6
292.6
292.6
292.6
292.6
292.6
292.6
292.6
292.6
292.6
292.6
292.6
292.6
292.6
292.6
292.6
292.6
292.6
292.6
292.6
292.6
292.6
292.6
292.6
292.6
292.6
292.6
292.6
292.6
292.6
292.6
292.6
292.6
292.6
292.6
292.6
292.6
292.6
292.6
294.48
295.22
295.22
297.81
298.9
298.9
298.9
298.9
298.9
298.9
298.9
298.9
301.9
306.34
306.34
306.34
306.34
306.34
306.34
306.34
306.34
306.34
306.34
306.34
306.34
306.34
306.34
306.34
306.34
306.34
306.34
306.34
306.34
306.34
306.34
306.34
306.34
306.34
306.34
306.34
306.34
306.34
306.34
306.34
306.34
306.34
306.34
306.34
306.34
306.34
306.34
306.34
306.34
306.34
306.34
306.34
306.34
306.34
306.34
306.34
306.34
306.34
306.34
306.34
306.34
306.34
306.34
306.34
306.34
306.34
306.34
306.34
306.34
306.34
306.34
306.34
306.34
306.34
306.34
306.34
306.34
306.34
306.34
306.34
306.34
306.34
306.34
306.34
306.34
306.34
306.34
306.34
306.34
306.34
306.34
306.34
306.34
306.34
306.34
306.34
306.34
306.34
306.34
306.34
306.34
306.34
306.34
306.34
306.34
306.34
306.34
306.34
306.34
306.34
306.34
306.34
306.34
306.34
306.34
306.34
306.34
306.34
306.34
306.34
306.34
306.34
306.34
306.34
306.34
306.34
306.34
306.34
306.34
306.34
306.34
306.34
306.34
306.34
306.34
306.34
306.34
306.34
306.34
306.34
306.34
306.34
306.34
306.34
306.34
306.34
306.34
306.34
306.34
306.34
306.34
306.34
306.34
306.34
306.34
306.34
306.34
306.34
306.34
306.34
306.34
306.34
306.34
306.98
306.98
307.87
307.87
307.87
307.87
307.87
307.87
307.87
307.87
307.87
307.87
307.87
307.87
307.87
307.87
307.87
307.87
307.87
307.87
307.87
307.87
307.87
307.87
307.87
307.87
307.87
307.87
307.87
307.87
307.87
307.87
307.87
307.87
307.87
307.87
307.87
307.87
307.87
307.87
307.87
307.87
307.87
307.87
307.87
307.87
307.87
307.87
307.87
307.87
307.87
307.87
307.87
307.87
307.87
307.87
307.87
307.87
307.87
307.87
307.87
307.87
307.87
307.87
307.87
307.87
307.87
307.87
307.87
307.87
307.87
307.87
307.87
307.87
307.87
307.87
307.87
307.87
307.87
307.87
307.87
307.87
307.87
307.87
307.87
307.87
307.87
307.87
307.87
307.87
307.87
307.87
307.87
307.87
307.87
307.87
307.87
307.87
307.87
307.87
307.87
307.87
307.87
307.87
307.87
307.87
307.87
307.87
307.87
307.87
307.87
307.87
307.87
307.87
307.87
307.87
307.87
307.87
307.87
307.87
307.87
307.87
307.87
307.87
307.87
307.87
307.87
307.87
307.87
307.87
307.87
307.87
307.87
307.87
307.87
307.87
307.87
307.87
307.87
307.87
307.87
307.87
307.87
307.87
307.87
307.87
307.87
307.87
307.87
307.87
307.87
307.87
307.87
307.87
307.87
307.87
307.87
307.87
307.87
307.87
307.87
307.87
307.87
307.87
307.87
307.87
307.87
307.87
307.87
307.87
307.87
307.87
307.87
307.87
307.87
307.87
307.87
307.87
307.87
307.87
307.87
307.87
307.87
307.87
307.87
307.87
307.87
307.87
307.87
307.87
307.87
307.87
309.06
309.95
309.95
309.95
309.95
309.95
310.48
310.48
310.48
310.48
310.48
310.48
310.48
310.48
310.48
310.48
310.48
310.48
310.48
310.48
310.48
310.48
310.48
310.48
310.48
310.48
310.48
310.48
310.48
310.48
310.48
310.48
310.48
310.48
310.48
310.48
310.48
311.02
311.02
311.02
311.96
311.96
311.96
311.96
311.96
311.96
311.96
311.96
311.96
311.96
311.96
311.96
311.96
311.96
311.96
311.96
311.96
311.96
311.96
311.96
311.96
311.96
311.96
311.96
311.96
311.96
311.96
311.96
314.32
314.32
315.38
315.38
315.38
315.38
316.63
316.63
316.63
316.63
316.63
316.63
316.63
316.63
316.63
316.63
316.63
316.63
316.63
316.63
316.63
316.63
316.63
316.63
316.63
316.63
316.63
316.63
316.63
316.63
316.63
316.63
316.63
316.63
316.63
316.63
316.63
316.63
316.63
316.63
316.63
316.63
316.63
316.63
316.63
316.63
316.63
316.63
316.63
316.63
316.63
316.63
316.63
316.63
316.63
316.63
316.63
316.63
316.63
316.63
316.63
316.63
316.63
316.63
316.63
316.63
316.63
316.63
316.63
316.63
316.63
316.63
316.63
316.63
316.63
316.63
316.63
316.63
316.63
316.63
316.63
316.63
316.63
316.63
316.63
316.63
316.63
316.63
316.63
316.63
316.63
316.63
316.63
316.63
316.63
316.63
316.63
316.63
316.63
316.63
316.63
316.63
316.63
316.63
316.63
316.63
316.63
316.63
316.63
316.63
316.63
316.63
316.63
316.63
316.63
316.63
316.63
316.63
316.63
316.63
316.63
316.63
316.63
316.63
316.63
316.63
316.63
316.63
316.63
316.63
316.63
316.63
316.63
316.63
316.63
316.63
316.63
316.63
316.63
316.63
316.63
316.63
316.63
316.63
316.63
316.63
316.63
316.63
316.63
316.63
316.63
316.63
316.63
316.63
316.63
316.63
316.63
316.63
316.63
316.63
316.63
316.63
316.63
316.63
316.63
316.63
316.63
316.63
316.63
316.63
316.63
316.63
316.63
316.63
316.63
316.63
316.63
316.63
316.63
316.63
316.63
316.63
316.63
316.63
316.63
316.63
316.63
316.63
316.63
316.63
316.63
316.63
316.63
316.63
316.63
316.63
316.63
316.63
316.63
316.63
316.63
316.63
316.63
316.63
316.63
316.63
316.63
316.63
316.63
316.63
316.63
316.63
316.63
316.63
316.63
316.63
316.63
316.63
316.63
316.63
316.63
316.63
316.63
316.63
316.63
316.63
316.63
316.63
316.63
316.63
316.63
316.63
316.63
316.63
316.63
316.63
316.63
316.63
316.63
316.63
316.63
316.63
316.63
316.63
316.63
316.63
316.63
316.63
316.63
316.63
316.63
316.63
317.98
317.98
317.98
317.98
317.98
317.98
317.98
317.98
317.98
317.98
317.98
317.98
317.98
317.98
317.98
317.98
317.98
317.98
317.98
317.98
317.98
317.98
317.98
317.98
317.98
317.98
317.98
317.98
317.98
317.98
317.98
317.98
317.98
317.98
317.98
317.98
317.98
317.98
317.98
317.98
317.98
317.98
317.98
317.98
317.98
317.98
317.98
317.98
317.98
317.98
317.98
317.98
317.98
317.98
317.98
317.98
317.98
317.98
317.98
317.98
317.98
317.98
317.98
317.98
317.98
317.98
317.98
317.98
317.98
317.98
317.98
317.98
317.98
317.98
317.98
317.98
317.98
317.98
317.98
317.98
317.98
317.98
317.98
317.98
317.98
317.98
317.98
317.98
317.98
317.98
317.98
317.98
317.98
317.98
317.98
317.98
317.98
317.98
317.98
317.98
317.98
317.98
317.98
317.98
317.98
317.98
317.98
317.98
317.98
317.98
317.98
317.98
317.98
317.98
317.98
317.98
317.98
317.98
317.98
317.98
317.98
317.98
317.98
317.98
317.98
317.98
317.98
317.98
317.98
317.98
317.98
317.98
317.98
317.98
317.98
317.98
317.98
317.98
317.98
317.98
317.98
317.98
317.98
317.98
317.98
317.98
317.98
317.98
317.98
317.98
317.98
317.98
317.98
317.98
317.98
317.98
317.98
317.98
317.98
317.98
317.98
317.98
317.98
317.98
317.98
317.98
317.98
317.98
317.98
317.98
317.98
317.98
317.98
317.98
317.98
317.98
317.98
317.98
317.98
317.98
317.98
317.98
317.98
317.98
317.98
317.98
317.98
317.98
317.98
317.98
317.98
317.98
317.98
317.98
317.98
317.98
317.98
317.98
317.98
317.98
317.98
317.98
317.98
317.98
317.98
317.98
317.98
317.98
317.98
317.98
317.98
317.98
317.98
317.98
317.98
317.98
317.98
317.98
317.98
317.98
317.98
317.98
317.98
317.98
317.98
317.98
317.98
317.98
317.98
317.98
317.98
317.98
317.98
317.98
317.98
317.98
317.98
317.98
317.98
317.98
317.98
317.98
317.98
317.98
317.98
317.98
317.98
317.98
317.98
317.98
317.98
317.98
317.98
317.98
317.98
317.98
317.98
317.98
317.98
317.98
317.98
317.98
317.98
317.98
317.98
317.98
317.98
317.98
317.98
317.98
317.98
317.98
317.98
317.98
317.98
317.98
317.98
317.98
317.98
317.98
317.98
317.98
317.98
317.98
317.98
317.98
317.98
317.98
317.98
317.98
317.98
317.98
317.98
317.98
317.98
317.98
317.98
317.98
317.98
317.98
317.98
317.98
317.98
317.98
317.98
317.98
317.98
317.98
317.98
317.98
317.98
317.98
317.98
317.98
317.98
317.98
317.98
317.98
317.98
317.98
317.98
317.98
317.98
317.98
317.98
317.98
317.98
317.98
317.98
317.98
317.98
317.98
317.98
317.98
317.98
318.99
318.99
318.99
318.99
318.99
318.99
318.99
318.99
318.99
318.99
318.99
318.99
318.99
318.99
318.99
318.99
318.99
318.99
318.99
318.99
318.99
318.99
318.99
318.99
318.99
318.99
318.99
318.99
318.99
318.99
318.99
318.99
318.99
318.99
318.99
318.99
318.99
318.99
318.99
318.99
318.99
318.99
318.99
318.99
318.99
318.99
318.99
318.99
318.99
318.99
318.99
318.99
318.99
318.99
318.99
318.99
318.99
318.99
318.99
318.99
318.99
318.99
318.99
318.99
318.99
318.99
318.99
318.99
318.99
318.99
318.99
318.99
318.99
318.99
318.99
318.99
318.99
318.99
318.99
318.99
318.99
318.99
318.99
318.99
318.99
318.99
318.99
318.99
318.99
318.99
318.99
318.99
318.99
318.99
318.99
320.64
320.64
320.64
320.64
320.64
320.64
320.64
320.64
320.64
320.64
320.64
320.64
320.64
320.64
320.64
320.64
320.64
320.64
320.64
320.64
320.64
320.64
320.64
320.64
320.64
320.64
320.64
320.64
320.64
320.64
320.64
320.64
320.64
320.64
320.64
320.64
320.64
320.64
320.64
320.64
320.64
320.64
320.64
321.18
322.06
322.06
322.06
322.06
323.49
326.43
327.09
327.09
327.09
327.09
327.09
327.09
327.09
327.09
327.09
327.09
327.09
327.09
327.09
327.09
327.09
327.09
327.09
327.09
327.09
327.09
327.09
327.09
327.09
327.09
327.09
327.09
327.09
327.09
327.09
327.09
327.09
327.09
327.09
327.09
327.09
327.09
327.09
327.09
327.09
327.09
327.09
327.09
327.09
327.09
327.09
327.09
327.09
327.09
327.09
327.09
327.65
328.26
328.26
328.26
328.26
329.13
329.13
329.13
329.13
329.13
329.13
330.12
330.12
330.12
330.12
330.12
330.12
330.12
330.12
330.12
330.12
330.12
330.12
330.12
330.12
330.12
330.12
330.12
330.12
330.12
330.12
330.12
330.12
330.12
330.12
330.12
330.12
330.12
330.12
330.12
330.12
330.12
330.12
330.12
330.12
330.12
330.12
330.12
330.12
330.12
330.12
330.12
330.12
330.12
330.12
330.12
330.12
330.12
330.12
330.12
330.12
330.12
330.12
330.12
330.12
330.12
330.12
330.12
330.12
330.12
330.12
330.12
330.12
330.12
330.12
330.12
330.12
330.12
330.12
330.12
330.12
330.12
330.12
330.12
330.12
330.12
330.12
330.12
330.12
330.12
330.12
330.12
330.12
330.12
330.12
330.12
330.12
330.12
330.12
330.12
330.12
330.12
330.12
330.12
330.12
330.12
330.12
330.12
330.12
330.12
330.12
330.12
330.12
330.12
330.12
330.12
330.12
330.12
330.12
330.12
330.12
330.12
330.12
330.12
330.12
330.12
330.12
330.12
330.12
330.12
330.12
330.12
330.12
330.12
330.12
330.12
330.12
330.12
330.12
330.12
330.12
330.12
330.12
330.12
330.12
330.12
330.12
330.12
330.12
330.12
330.12
330.12
330.12
330.12
330.12
330.12
330.12
330.12
330.12
330.12
330.12
330.12
330.12
330.12
330.12
330.12
330.12
330.12
330.12
330.12
330.12
330.12
330.12
330.12
330.12
330.12
330.12
330.12
330.12
330.12
330.12
330.12
330.12
330.12
330.12
330.12
330.12
330.12
330.12
330.12
330.12
330.12
330.12
330.12
330.12
330.12
330.12
330.12
330.12
332.02
332.71
334.41
334.41
337.71
345.13
345.76
345.76
345.76
345.76
345.76
345.76
345.76
345.76
345.76
345.76
345.76
345.76
345.76
345.76
345.76
345.76
345.76
345.76
345.76
345.76
345.76
345.76
345.76
345.76
345.76
345.76
345.76
345.76
345.76
345.76
345.76
345.76
345.76
345.76
345.76
345.76
345.76
345.76
345.76
345.76
345.76
345.76
345.76
345.76
345.76
345.76
345.76
345.76
345.76
345.76
345.76
345.76
345.76
345.76
345.76
345.76
345.76
345.76
345.76
345.76
345.76
345.76
345.76
345.76
345.76
345.76
345.76
345.76
345.76
345.76
345.76
345.76
345.76
345.76
345.76
345.76
345.76
345.76
345.76
345.76
345.76
345.76
345.76
345.76
345.76
345.76
345.76
345.76
345.76
345.76
345.76
345.76
345.76
345.76
345.76
345.76
345.76
345.76
345.76
345.76
345.76
345.76
345.76
345.76
345.76
345.76
345.76
345.76
345.76
345.76
345.76
345.76
345.76
345.76
345.76
345.76
345.76
345.76
345.76
345.76
345.76
345.76
345.76
345.76
345.76
345.76
345.76
345.76
345.76
345.76
345.76
345.76
345.76
345.76
345.76
345.76
345.76
345.76
345.76
345.76
345.76
345.76
345.76
345.76
345.76
345.76
345.76
345.76
345.76
345.76
345.76
345.76
345.76
345.76
345.76
345.76
345.76
345.76
345.76
345.76
345.76
345.76
345.76
345.76
345.76
345.76
345.76
345.76
345.76
345.76
345.76
345.76
345.76
345.76
345.76
345.76
345.76
345.76
345.76
345.76
345.76
345.76
345.76
345.76
345.76
345.76
345.76
345.76
345.76
345.76
345.76
345.76
345.76
345.76
345.76
345.76
345.76
345.76
345.76
345.76
345.76
345.76
345.76
345.76
345.76
345.76
345.76
345.76
345.76
345.76
345.76
345.76
345.76
345.76
345.76
345.76
345.76
345.76
345.76
345.76
345.76
345.76
345.76
345.76
345.76
345.76
345.76
345.76
345.76
345.76
345.76
345.76
345.76
345.76
345.76
345.76
345.76
345.76
345.76
345.76
345.76
345.76
345.76
345.76
345.76
345.76
345.76
345.76
345.76
345.76
345.76
345.76
345.76
345.76
345.76
345.76
345.76
345.76
345.76
345.76
345.76
346.4
346.4
346.4
346.4
349.42
350.06
352.44
354.07
355.75
355.75
355.75
355.75
355.75
355.75
355.75
355.75
355.75
355.75
355.75
355.75
355.75
355.75
355.75
355.75
355.75
355.75
356.56
356.56
356.56
356.56
356.56
356.56
356.56
356.56
356.56
356.56
356.56
356.56
356.56
356.56
356.56
356.56
356.56
356.56
356.56
356.56
356.56
356.56
356.56
356.56
356.56
356.56
356.56
356.56
356.56
356.56
356.56
356.56
356.56
356.56
356.56
356.56
356.56
356.56
356.56
356.56
356.56
356.56
356.56
356.56
356.56
356.56
356.56
356.56
356.56
356.56
356.56
356.56
356.56
356.56
356.56
356.56
358.87
358.87
358.87
360.8
360.8
360.8
360.8
360.8
360.8
360.8
360.8
360.8
360.8
360.8
360.8
360.8
360.8
360.8
360.8
361.84
362.4
362.4
362.4
362.4
362.4
362.4
362.4
362.4
362.4
362.4
362.4
362.4
362.4
362.4
362.4
362.4
362.4
362.4
362.4
362.4
362.4
362.4
362.4
362.4
362.4
362.4
362.4
362.4
362.4
362.4
362.4
362.4
362.4
363.26
363.26
363.26
363.26
363.26
363.26
363.26
363.26
363.26
363.26
363.26
364.03
365.17
366.31
366.31
368.17
368.75
369.38
370.38
372.2
373.27
373.78
373.78
373.78
373.78
373.78
375.46
375.46
375.46
375.46
375.46
375.46
375.46
375.46
375.46
375.46
375.46
375.46
375.46
375.46
375.46
375.46
375.46
375.46
375.46
375.46
375.46
375.46
375.46
375.46
375.46
375.46
375.46
375.46
375.46
375.46
375.46
375.46
375.46
375.46
375.46
375.46
375.46
375.99
375.99
376.57
376.57
376.57
376.57
376.57
376.57
376.57
376.57
376.57
376.57
376.57
376.57
376.57
376.57
376.57
376.57
376.57
376.57
376.57
376.57
376.57
376.57
376.57
376.57
376.57
376.57
376.57
376.57
376.57
376.57
376.57
376.57
376.57
376.57
376.57
376.57
376.57
376.57
376.57
376.57
376.57
376.57
376.57
376.57
376.57
376.57
376.57
376.57
376.57
376.57
376.57
376.57
376.57
376.57
376.57
376.57
376.57
376.57
376.57
376.57
376.57
376.57
376.57
376.57
376.57
376.57
376.57
376.57
376.57
376.57
376.57
376.57
376.57
376.57
376.57
376.57
376.57
376.57
376.57
376.57
376.57
376.57
376.57
376.57
376.57
376.57
376.57
376.57
376.57
376.57
376.57
376.57
376.57
376.57
376.57
376.57
376.57
376.57
376.57
376.57
376.57
376.57
376.57
376.57
376.57
376.57
376.57
376.57
376.57
376.57
376.57
376.57
376.57
376.57
376.57
376.57
376.57
376.57
376.57
376.57
376.57
376.57
376.57
376.57
376.57
376.57
376.57
376.57
376.57
376.57
376.57
376.57
376.57
376.57
376.57
376.57
376.57
376.57
376.57
376.57
376.57
376.57
376.57
376.57
376.57
376.57
376.57
376.57
376.57
376.57
376.57
376.57
376.57
376.57
376.57
376.57
376.57
376.57
376.57
376.57
376.57
376.57
376.57
376.57
376.57
376.57
376.57
376.57
376.57
376.57
376.57
376.57
376.57
376.57
376.57
376.57
376.57
376.57
376.57
376.57
376.57
376.57
376.57
376.57
376.57
376.57
376.57
376.57
376.57
376.57
376.57
376.57
376.57
376.57
376.57
376.57
376.57
376.57
376.57
376.57
376.57
376.57
376.57
376.57
376.57
376.57
376.57
376.57
376.57
376.57
376.57
376.57
376.57
376.57
376.57
376.57
376.57
376.57
376.57
376.57
376.57
376.57
376.57
376.57
376.57
376.57
376.57
376.57
376.57
376.57
376.57
376.57
376.57
376.57
376.57
376.57
376.57
376.57
376.57
376.57
376.57
376.57
376.57
376.57
376.57
376.57
376.57
376.57
376.57
376.57
376.57
376.57
376.57
376.57
376.57
376.57
376.57
376.57
376.57
376.57
376.57
376.57
376.57
376.57
376.57
376.57
376.57
376.57
376.57
376.57
376.57
376.57
376.57
376.57
376.57
376.57
376.57
376.57
376.57
376.57
376.57
376.57
376.57
376.57
376.57
376.57
376.57
376.57
376.57
376.57
376.57
376.57
376.57
376.57
376.57
376.57
376.57
376.57
376.57
376.57
376.57
376.57
376.57
376.57
376.57
376.57
376.57
376.57
376.57
376.57
376.57
376.57
376.57
376.57
376.57
376.57
376.57
376.57
376.57
376.57
376.57
376.57
376.57
376.57
376.57
376.57
376.57
376.57
376.57
376.57
376.57
376.57
376.57
376.57
376.57
376.57
376.57
376.57
376.57
376.57
376.57
376.57
376.57
376.57
376.57
376.57
376.57
376.57
376.57
376.57
376.57
376.57
376.57
376.57
376.57
376.57
376.57
376.57
376.57
376.59
376.59
376.6
376.61
376.65
376.66
376.72
376.89
376.97
377.11
377.15
377.15
377.16
377.19
377.2
377.21
377.25
377.8
379.2
379.81
380.17
380.3
380.43
380.56
380.6
380.68
380.71
380.72
380.72
380.73
380.73
380.76
380.76
380.76
380.76
380.76
380.76
380.76
380.76
380.76
380.76
380.76
380.76
380.76
380.76
380.76
380.76
380.76
380.76
380.76
380.76
380.76
380.76
380.76
380.76
380.76
380.77
380.77
380.77
380.8
380.81
380.94
381.66
382.91
384.49
384.57
384.62
384.62
384.62
384.65
384.92
385.59
386.84
387.37
387.92
388.64
389.57
390.5
393.15
395.43
396.9
397.12
397.21
397.21
397.23
397.24
397.3
398.02
399.06
399.46
399.82
400.52
401.59
402.88
403.07
403.09
403.1
403.11
403.11
403.11
403.11
403.11
403.12
403.12
403.12
403.12
403.13
403.14
403.14
403.14
403.14
403.14
403.14
403.14
403.14
403.14
403.14
403.14
403.14
403.14
403.14
403.14
403.14
403.14
403.14
403.14
403.14
403.14
403.14
403.14
403.14
403.14
403.14
403.14
403.14
403.14
403.14
403.14
403.14
403.14
403.14
403.14
403.14
403.14
403.14
403.14
403.14
403.14
403.14
403.14
403.16
403.2
403.24
403.25
403.27
403.27
403.27
403.27
403.27
403.27
403.28
403.28
403.28
403.28
403.33
403.42
403.72
403.77
403.79
403.79
403.83
404.58
405.17
405.35
405.97
407
408.52
409.3
409.43
410.24
411.02
411.18
411.18
411.18
411.65
412.43
413.68
414.31
414.62
414.71
414.78
414.89
415.24
415.71
415.87
415.87
415.87
415.87
415.87
415.87
415.87
415.87
415.87
415.87
415.87
415.87
415.95
416.18
416.49
416.81
417.74
418.22
419
419.39
419.93
420.09
420.56
420.83
421.34
422.13
423.38
423.69
423.69
423.69
423.69
423.69
423.69
423.69
423.81
424
425.56
427.28
427.91
427.91
427.91
427.91
427.91
428
428.07
431.81
432.13
434.01
437.45
439.32
439.63
439.63
439.63
439.63
439.63
439.63
439.63
439.63
439.63
439.63
439.63
439.63
439.63
439.95
439.95
439.95
439.95
439.95
439.95
439.95
439.95
439.95
439.95
439.95
439.95
439.95
440.02
440.16
440.4
441.23
441.38
441.89
442.33
442.7
442.88
443.25
444.16
444.53
444.53
446.18
447.46
448.38
448.75
448.93
448.93
449.17
449.66
450.09
450.28
450.4
450.58
450.58
450.67
450.76
451.32
451.32
451.32
451.37
451.47
453.15
453.51
453.69
453.84
454.25
455.19
455.81
455.84
455.86
456.36
456.47
457.37
458.1
459.75
