0
0
0
0
0
0
0
0
0
0
0
0
0
0
0
0
0
0
0
0
0
0
0
0
0
0
0
0
0
0
0
0
0
0
0
0
2.18
2.18
2.18
2.18
2.18
2.18
2.18
2.18
2.18
2.18
2.18
2.18
2.18
2.18
2.18
2.18
2.18
2.18
2.18
2.18
2.18
2.18
2.18
2.18
2.18
2.18
4.37
4.37
4.37
4.37
8.74
10.92
10.92
13.11
15.29
15.29
15.29
15.29
15.29
15.29
15.29
15.29
15.29
15.29
15.29
15.29
15.29
17.48
17.48
17.48
17.48
17.48
17.48
17.48
17.48
17.48
17.48
17.48
17.48
17.48
17.48
17.48
17.48
17.48
17.52
17.56
17.6
17.65
17.91
18.35
18.78
19.22
19.66
19.66
19.66
19.66
19.66
19.66
19.66
19.66
19.66
19.66
19.66
19.66
19.66
19.66
19.66
20.75
20.75
20.75
20.75
20.75
21.84
21.84
21.84
21.84
21.84
21.84
21.84
21.84
21.84
21.84
21.84
21.84
21.84
21.84
21.84
21.84
21.84
21.84
21.84
21.84
21.84
21.84
21.84
21.84
21.84
21.84
21.84
21.84
24.03
24.03
24.03
24.03
24.03
24.03
24.03
24.03
24.03
24.03
24.03
24.03
24.03
24.03
24.03
24.03
24.03
25.12
25.12
25.12
25.12
25.12
25.12
25.12
25.12
25.12
25.12
25.12
25.12
25.12
25.12
25.12
25.12
25.12
25.12
25.12
25.12
25.12
25.12
25.12
25.12
25.12
25.12
25.12
25.12
25.12
25.12
25.12
25.12
25.12
25.12
25.12
25.12
25.12
25.12
25.12
25.12
25.12
25.12
25.12
25.12
25.12
25.12
25.12
25.12
25.12
25.12
25.12
25.12
25.12
25.12
25.12
25.12
25.12
25.12
25.12
25.12
25.12
25.12
25.12
25.12
25.12
25.12
25.12
25.12
25.12
25.12
25.12
25.12
25.12
25.12
25.12
25.12
26.21
26.21
26.21
26.21
26.21
27.31
27.31
27.31
27.31
27.31
27.31
27.31
27.31
27.31
27.31
27.31
27.31
27.31
27.31
27.31
27.31
27.31
27.31
27.31
27.31
27.32
27.33
27.34
27.34
27.35
27.36
27.42
27.56
27.63
27.66
27.71
27.71
27.79
27.79
27.79
27.79
27.81
27.84
27.84
27.86
27.86
27.86
27.86
27.86
27.89
27.89
27.89
27.89
27.89
27.89
27.89
27.89
27.91
27.91
27.94
27.94
27.96
27.96
27.99
28.07
28.09
28.17
28.24
28.35
28.37
28.37
28.37
28.42
28.42
28.42
28.42
28.42
28.42
28.42
28.42
28.42
28.42
28.42
28.42
28.45
28.45
28.5
28.52
28.52
28.52
28.52
28.52
28.52
28.52
28.52
28.52
28.55
28.55
28.55
28.55
28.55
28.55
28.55
28.55
28.55
28.55
28.55
28.55
28.55
28.55
28.55
28.55
28.55
28.55
28.55
28.55
28.55
28.55
28.55
28.55
28.55
28.55
28.55
28.55
28.55
28.55
28.55
28.55
28.55
28.55
28.55
28.55
28.55
28.55
28.55
28.55
28.55
28.55
28.55
28.55
28.55
28.55
28.55
28.55
28.55
28.55
28.55
28.55
28.55
28.55
28.55
28.55
28.55
28.55
28.55
28.55
28.55
28.55
28.55
28.55
28.55
28.55
28.55
28.55
28.55
28.55
28.55
28.55
28.55
28.55
28.55
28.55
28.55
28.55
28.55
28.55
28.55
28.55
28.55
28.55
28.55
28.55
28.55
28.55
28.55
28.55
28.55
28.55
28.55
28.55
28.55
28.55
28.55
28.55
28.55
28.55
28.55
28.55
28.55
28.55
28.55
28.55
28.55
28.55
28.55
28.55
28.55
28.55
28.55
28.55
28.55
28.55
28.55
28.55
28.55
28.55
28.55
28.55
28.55
28.55
28.55
28.55
28.55
28.55
28.55
28.55
28.55
28.55
28.55
28.55
28.55
28.55
28.55
28.55
28.55
28.55
28.55
28.55
28.55
28.55
28.55
28.55
28.55
28.55
28.55
28.55
28.55
28.55
28.55
28.55
28.55
28.55
28.55
28.55
28.55
28.55
28.55
28.55
28.55
28.55
28.55
28.55
28.55
28.55
28.55
28.55
28.55
28.55
28.55
28.55
28.55
28.55
28.55
28.55
28.55
28.55
28.55
28.55
28.55
28.55
28.55
28.55
28.55
28.55
28.55
28.55
28.55
28.55
28.55
28.55
28.55
28.55
28.55
28.55
28.55
28.55
28.55
28.55
28.55
28.55
28.55
28.55
28.55
28.55
28.55
28.55
28.55
28.55
28.55
28.55
28.55
28.55
28.55
28.55
28.55
28.55
28.55
28.55
28.55
28.55
28.55
28.55
28.55
28.55
28.55
28.55
28.55
28.55
28.55
28.55
28.55
28.55
28.55
28.55
28.55
28.55
28.55
28.55
28.55
28.55
28.55
28.55
28.55
28.55
28.55
28.55
28.55
28.55
28.55
28.55
28.55
28.55
28.55
28.55
28.55
28.55
28.55
28.55
28.55
28.55
28.55
28.55
28.55
28.55
28.55
28.55
28.55
28.55
28.55
28.55
28.55
28.55
28.55
28.55
28.55
28.55
28.55
28.55
28.55
28.55
28.55
28.55
28.55
28.55
28.55
28.55
28.55
28.55
28.55
28.55
28.55
28.55
28.55
28.55
28.55
28.55
28.55
28.55
28.55
28.55
28.55
28.55
28.55
28.55
28.55
28.55
28.55
28.55
28.55
28.55
28.55
28.55
28.55
28.55
28.55
28.55
28.55
28.55
28.55
28.55
28.55
28.55
28.55
28.55
28.55
28.55
28.55
28.55
28.55
28.55
28.55
28.55
28.55
28.55
28.55
28.55
28.55
28.55
28.55
28.55
28.55
28.55
28.55
28.55
28.55
28.55
28.55
28.55
28.55
28.55
28.55
28.55
28.55
28.55
28.55
28.55
28.55
28.55
28.55
28.55
28.55
28.55
28.55
28.55
28.55
28.55
28.55
28.55
28.55
28.55
28.55
28.55
28.55
28.55
28.55
28.55
28.55
28.55
28.55
28.55
28.55
28.55
28.55
28.55
28.55
28.55
28.55
28.55
28.55
28.55
28.55
28.55
28.55
28.55
28.55
28.55
28.55
28.55
28.55
28.55
28.55
28.55
28.55
28.55
28.55
28.55
28.55
28.55
28.55
28.55
28.55
28.55
28.55
28.55
28.55
28.55
28.55
28.55
28.55
28.55
28.55
28.55
28.55
28.55
28.55
28.55
28.55
28.55
28.55
28.55
28.55
28.55
28.55
28.55
28.55
28.55
28.55
28.55
28.55
28.55
28.55
28.55
28.55
28.55
28.55
28.55
28.55
28.55
28.55
28.55
28.55
28.55
28.55
28.55
28.55
28.55
28.55
28.55
28.55
28.55
28.55
28.55
28.55
28.55
28.55
28.55
28.55
28.55
28.55
28.55
28.55
28.55
28.55
28.55
28.55
28.55
28.55
28.55
28.55
28.55
28.55
28.55
28.55
28.55
28.55
28.57
28.6
28.6
28.6
28.6
28.6
28.6
28.6
28.6
28.6
28.6
28.6
28.6
28.6
28.6
28.6
28.6
28.6
28.6
28.6
28.6
28.6
28.6
28.6
28.62
28.62
28.62
28.62
28.62
28.62
28.62
28.62
28.62
28.62
28.62
28.62
28.62
28.62
28.62
28.62
28.62
28.62
28.62
28.62
28.62
28.62
28.62
28.62
28.65
28.68
28.7
28.7
28.7
28.7
28.7
28.7
28.7
28.7
28.7
28.7
28.7
28.7
28.7
28.7
28.7
28.7
28.7
28.7
28.7
28.7
28.7
28.73
28.75
28.75
28.75
28.75
28.75
28.75
28.75
28.75
28.75
28.78
28.8
28.8
28.8
28.8
28.8
28.8
28.8
28.8
28.8
28.8
28.8
28.8
28.8
28.8
28.83
28.83
28.88
28.88
28.88
28.88
28.88
28.88
29.06
30.53
32.26
32.49
32.49
32.49
32.49
32.49
32.49
32.49
32.49
32.49
32.49
32.49
32.49
32.49
32.51
32.51
32.51
32.51
32.51
32.51
32.51
32.51
32.51
32.51
32.51
32.51
32.51
32.51
32.51
32.51
32.51
32.51
32.51
32.51
32.51
32.51
32.51
32.84
33.98
36.14
37.44
38
38.25
38.28
38.28
38.28
38.28
38.28
38.28
38.28
38.28
38.28
38.4
38.53
38.63
38.86
39.75
40.36
40.36
40.36
40.36
40.97
45.41
45.54
45.59
45.72
46.25
50.32
51.87
52.37
52.48
52.53
52.58
52.68
52.73
52.73
52.73
52.91
54.1
54.23
54.23
54.23
54.23
54.23
54.23
54.23
54.23
54.25
54.25
54.25
54.25
54.25
54.25
54.25
54.25
54.25
54.25
54.25
54.25
54.28
54.3
54.3
54.3
54.3
54.3
54.3
54.3
54.3
54.3
54.3
54.3
54.3
54.3
54.3
54.3
54.3
54.3
54.3
54.3
54.3
54.3
54.3
54.3
54.3
54.3
54.3
54.3
54.3
54.3
54.3
54.3
54.3
54.3
54.3
54.33
54.35
54.38
54.43
54.43
54.46
54.46
54.48
54.56
54.89
55.12
55.14
55.19
55.22
55.22
55.22
55.24
55.35
56.39
57.91
59.64
61.42
61.7
61.95
61.95
61.95
62.13
62.64
62.99
63.07
63.24
63.75
64.16
64.16
64.16
64.16
64.16
64.16
64.16
64.16
64.16
64.16
64.16
64.16
64.16
64.16
64.16
64.16
64.16
64.16
64.16
64.16
64.16
64.16
64.16
64.16
64.16
64.16
64.16
64.16
64.16
64.16
64.16
64.16
64.16
64.16
64.16
64.16
64.16
64.16
64.16
64.16
64.16
64.24
64.24
64.24
64.24
64.24
64.24
64.26
64.31
64.31
64.31
64.31
64.31
64.31
64.31
64.31
64.31
64.31
64.34
64.44
64.87
65.51
65.51
65.53
65.53
65.53
65.53
65.53
65.53
65.53
65.53
65.56
65.56
65.56
65.58
65.58
65.58
65.58
65.61
65.63
65.63
65.63
65.63
65.63
65.63
65.63
65.63
65.63
65.63
65.63
65.63
65.63
65.63
65.63
65.63
65.63
65.63
65.63
65.63
65.63
65.63
65.63
65.63
65.63
65.63
65.63
65.63
65.63
65.63
65.66
65.66
65.68
65.68
65.68
65.68
65.73
65.73
65.76
65.78
65.81
65.86
65.94
66.14
66.47
66.9
66.95
66.98
67
67
67
67.05
67.13
67.13
67.13
67.13
67.13
67.13
67.13
67.16
67.18
67.18
67.18
67.18
67.18
67.18
67.18
67.18
67.18
67.18
67.18
67.18
67.18
67.18
67.18
67.18
67.18
67.23
68.25
68.76
71.5
71.68
71.68
71.73
71.83
72.06
72.46
72.62
72.9
73
73
75
77.54
78.28
78.48
78.61
78.61
78.61
78.61
78.61
78.61
78.61
78.61
78.61
78.61
78.61
78.61
78.61
78.61
78.61
78.61
78.61
78.61
78.61
78.61
78.64
78.64
78.64
78.64
78.64
78.64
78.64
78.64
78.64
78.64
78.64
78.64
78.64
78.64
78.64
78.66
78.71
78.71
78.71
78.74
78.76
78.76
78.76
78.76
78.76
78.79
78.81
78.81
78.92
79.09
79.09
79.2
79.22
79.35
79.68
79.73
79.96
79.96
80.62
80.69
80.72
80.72
80.72
80.72
80.77
80.77
80.77
80.77
80.77
80.77
80.77
80.77
80.8
80.8
80.8
80.8
80.8
80.8
80.8
80.8
80.8
80.8
80.82
80.87
80.9
80.92
80.92
80.92
80.92
80.95
81
81
81
81.2
81.2
83.92
84.66
84.73
84.73
84.73
84.73
84.73
84.73
84.73
84.73
84.73
84.76
84.76
84.78
84.78
84.81
84.81
84.86
84.86
84.86
84.94
85.49
85.6
85.93
86.74
87.45
87.5
87.5
87.5
87.96
88.37
88.39
88.39
88.39
88.42
88.44
88.47
88.47
88.49
88.52
88.52
88.52
88.54
88.54
88.54
88.57
88.57
88.57
88.57
88.62
88.75
88.75
88.75
88.75
88.75
88.75
88.75
88.75
88.75
88.75
88.75
88.75
88.75
88.75
88.75
88.75
88.75
88.77
88.77
88.77
88.77
88.77
88.8
88.8
88.8
88.8
88.8
88.8
88.8
88.8
88.8
88.8
88.8
88.8
88.8
88.8
88.8
88.8
88.8
88.8
88.8
88.8
88.8
88.8
88.8
88.8
88.8
88.8
88.8
88.8
88.8
88.8
88.8
88.8
88.8
88.8
88.8
88.8
88.8
88.8
88.8
88.8
88.8
88.8
88.8
88.8
88.8
88.8
88.8
88.8
88.8
88.8
88.8
88.8
88.8
88.8
88.8
88.8
88.8
88.8
88.8
88.8
88.8
88.8
88.8
88.8
88.8
88.8
88.8
88.8
88.8
88.8
88.8
88.8
88.8
88.8
88.8
88.8
88.8
88.8
88.8
88.8
88.8
88.8
88.8
88.8
88.8
88.8
88.8
88.8
88.8
88.8
88.8
88.8
88.8
88.8
88.8
88.8
88.8
88.8
88.8
88.8
88.8
88.8
88.8
88.8
88.8
88.8
88.8
88.8
88.8
88.8
88.8
88.8
88.8
88.8
88.8
88.8
88.8
88.8
88.8
88.8
88.8
88.8
88.8
88.8
88.8
88.8
88.8
88.8
88.8
88.82
88.82
88.82
88.82
88.85
88.9
89.3
89.74
91.64
92.35
92.35
92.38
92.38
92.4
92.43
92.43
92.43
92.43
92.43
92.43
92.43
92.43
92.43
92.43
92.43
92.43
92.43
92.48
92.48
92.48
92.48
92.48
92.48
92.48
92.48
92.48
92.48
92.48
92.48
92.48
92.48
92.48
92.48
92.48
92.48
92.48
92.48
92.48
92.51
92.56
93.06
93.95
94.26
94.49
94.51
94.54
94.56
94.56
94.59
94.59
94.59
94.59
94.59
94.61
94.64
94.64
94.64
94.64
94.64
94.64
94.64
94.64
94.64
94.64
94.64
94.64
94.64
94.64
94.64
94.64
94.64
94.64
94.64
94.64
94.64
94.64
94.64
94.64
94.64
94.64
94.64
94.64
94.64
94.64
94.64
94.64
94.64
94.64
94.64
94.64
94.64
94.64
94.64
94.64
94.64
94.64
94.64
94.64
94.64
94.64
94.64
94.64
94.64
94.64
94.64
94.64
94.64
94.64
94.64
94.64
94.64
94.64
94.64
94.64
94.64
94.64
94.64
94.64
94.64
94.64
94.64
94.64
94.64
94.64
94.64
94.64
94.64
94.64
94.64
94.64
94.64
94.64
94.64
94.64
94.64
94.64
94.64
94.64
94.64
94.64
94.64
94.64
94.64
94.64
94.64
94.64
94.64
94.64
94.64
94.64
94.64
94.64
94.64
94.64
94.64
94.64
94.64
94.64
94.64
94.64
94.64
94.64
94.64
94.64
94.64
94.64
94.64
94.64
94.64
94.64
94.64
94.64
94.64
94.64
94.64
94.64
94.64
94.64
94.64
94.64
94.64
94.64
94.64
94.64
94.64
94.64
94.64
94.64
94.64
94.64
94.64
94.64
94.64
94.64
94.64
94.64
94.64
94.64
94.64
94.64
94.64
94.64
94.64
94.64
94.64
94.64
94.64
94.64
94.64
94.64
94.64
94.64
94.64
94.64
94.64
94.64
94.64
94.64
94.64
94.64
94.64
94.64
94.64
94.64
94.64
94.64
94.64
94.64
94.64
94.64
94.64
94.64
94.66
94.69
94.74
94.74
94.74
94.74
94.74
94.74
94.74
94.74
94.74
94.74
94.74
94.74
94.74
94.74
94.74
94.74
94.74
94.74
94.74
94.74
94.74
94.74
94.74
94.74
94.74
94.74
94.74
94.74
94.74
94.74
94.74
94.74
94.74
94.74
94.74
94.74
94.74
94.74
94.74
94.74
94.74
94.74
94.74
94.74
94.74
94.74
94.77
94.77
94.82
94.84
94.84
94.87
94.87
94.87
94.87
94.89
94.89
94.89
94.89
94.89
94.89
94.94
95.05
95.15
95.3
95.4
95.4
95.4
95.4
95.4
95.4
95.4
95.4
95.4
95.4
95.4
95.43
95.43
95.45
95.45
95.48
95.48
95.48
95.48
95.5
95.53
95.53
95.53
95.53
95.53
95.53
95.53
95.53
95.53
95.53
95.53
95.53
95.53
95.53
95.53
95.53
95.53
95.53
95.53
95.53
95.53
95.53
95.53
95.53
95.53
95.53
95.53
95.53
95.53
95.53
95.53
95.53
95.53
95.53
95.53
95.53
95.53
95.53
95.53
95.53
95.53
95.53
95.53
95.53
95.53
95.53
95.53
95.53
95.53
95.53
95.53
95.53
95.53
95.53
95.53
95.53
95.53
95.53
95.53
95.53
95.53
95.53
95.53
95.53
95.53
95.53
95.53
95.53
95.53
95.53
95.53
95.53
95.53
95.53
95.53
95.53
95.53
95.53
95.53
95.53
95.53
95.53
95.58
95.6
95.63
95.63
95.65
95.65
95.65
95.65
95.65
95.65
95.65
95.65
95.65
95.65
95.65
95.65
95.65
95.65
95.65
95.68
95.71
95.76
95.76
95.76
95.76
95.76
95.76
95.76
95.76
95.76
95.76
95.76
95.76
95.76
95.76
95.76
95.78
95.78
95.78
95.78
95.78
95.78
95.78
95.78
95.78
95.78
95.78
95.78
95.81
95.88
95.93
96.04
96.21
96.57
96.72
96.82
97
97.33
98.09
98.7
99.46
99.9
100.1
100.71
100.76
100.79
100.81
100.91
100.96
100.99
100.99
101.01
101.01
101.01
101.01
101.01
101.01
101.01
101.01
101.01
101.04
101.04
101.04
101.04
101.04
101.04
101.04
101.04
101.04
101.07
101.12
101.12
101.12
101.12
101.12
101.12
101.12
101.12
101.12
101.12
101.12
101.12
101.12
101.12
101.12
101.12
101.12
101.12
101.12
101.12
101.12
101.12
101.12
101.12
101.12
101.12
101.12
101.12
101.12
101.17
101.19
101.19
101.19
101.19
101.19
101.19
101.19
101.19
101.19
101.19
101.19
101.19
101.19
101.19
101.19
101.19
101.19
101.19
101.19
101.19
101.19
101.19
101.19
101.19
101.19
101.24
101.24
101.24
101.27
101.27
101.27
101.27
101.27
101.27
101.27
101.27
101.27
101.27
101.27
101.27
101.27
101.27
101.27
101.27
101.27
101.27
101.27
101.27
101.27
101.29
101.32
101.37
101.5
102.11
102.28
102.28
102.34
102.36
102.36
102.39
102.41
102.41
102.41
102.41
102.41
102.41
102.41
102.41
102.44
102.44
102.44
102.46
102.67
103.05
103.55
103.71
104.24
105.97
107.39
107.82
107.85
107.87
107.87
107.9
107.92
107.92
107.95
107.95
107.95
107.95
107.95
107.95
107.95
107.95
107.95
107.95
107.95
107.95
107.95
107.95
107.95
107.95
107.95
107.95
107.95
107.95
107.95
107.95
107.95
107.95
107.95
107.95
107.95
107.95
107.95
107.95
107.95
107.95
107.95
107.95
107.95
107.95
107.95
107.95
107.95
107.95
107.95
107.95
107.95
107.95
107.95
107.95
107.95
107.95
107.95
107.95
107.95
107.95
107.95
107.95
107.95
107.95
107.95
107.95
107.95
107.95
107.95
107.95
107.95
107.95
107.95
107.95
107.95
107.95
107.95
107.95
107.95
107.95
107.95
107.95
107.95
107.95
107.95
107.95
107.95
107.95
107.95
107.95
107.95
107.95
107.95
107.95
107.95
107.95
107.95
107.95
107.95
107.95
107.95
107.95
107.95
107.95
107.95
107.95
107.95
107.95
107.95
107.95
107.95
107.95
107.95
107.95
107.95
107.95
107.95
107.95
107.95
107.95
107.95
107.95
107.95
107.95
107.95
107.95
107.95
107.95
107.95
107.95
107.95
107.95
107.95
107.95
107.95
107.95
107.95
107.97
108.1
108.28
108.46
108.89
109.22
109.75
110.56
114.68
116.31
120.01
122.88
124.56
127.58
128.24
128.8
129.18
129.26
129.26
129.28
129.28
129.28
129.28
129.28
129.28
129.28
129.28
129.31
129.31
129.31
129.31
129.31
129.31
129.31
129.39
129.56
130.05
130.15
130.15
130.15
130.15
130.15
130.55
131.16
131.22
131.27
131.27
131.32
131.37
131.37
131.37
131.37
131.37
131.37
131.37
131.37
131.37
131.37
131.37
131.37
131.39
131.39
131.42
131.42
131.42
131.42
131.42
131.42
131.42
131.42
131.42
131.42
131.42
131.42
131.42
131.42
131.42
131.42
131.42
131.42
131.42
131.42
131.42
131.42
131.42
131.42
131.42
131.42
131.42
131.42
131.42
131.42
131.42
131.42
131.42
131.42
131.42
131.42
131.42
131.42
131.42
131.42
131.42
131.42
131.42
131.42
131.42
131.42
131.42
131.42
131.42
131.42
131.42
131.42
131.42
131.42
131.42
131.42
131.42
131.42
131.42
131.42
131.42
131.42
131.42
131.42
131.42
131.42
131.42
131.42
131.42
131.42
131.42
131.42
131.42
131.42
131.42
131.42
131.42
131.42
131.42
131.42
131.42
131.42
131.42
131.42
131.42
131.42
131.42
131.42
131.42
131.42
131.42
131.42
131.42
131.42
131.42
131.42
131.42
131.42
131.42
131.42
131.42
131.42
131.42
131.42
131.44
131.44
131.44
131.44
131.44
131.44
131.44
131.44
131.44
131.44
131.44
131.44
131.44
131.44
131.44
131.44
131.44
131.44
131.44
131.44
131.44
131.44
131.44
131.44
131.44
131.44
131.44
131.44
131.44
131.44
131.44
131.44
131.44
131.44
131.44
131.44
131.44
131.44
131.44
131.44
131.44
131.44
131.44
131.44
131.44
131.44
131.44
131.44
131.44
131.44
131.44
131.44
131.47
131.52
131.55
131.55
131.55
131.55
131.55
131.55
131.55
131.55
131.57
131.57
131.57
131.57
131.57
131.57
131.57
131.57
131.6
131.62
131.8
132.94
135.43
135.69
135.71
135.71
135.71
135.74
135.74
135.74
135.79
135.79
135.79
135.81
135.81
135.81
135.84
135.91
135.96
136.02
136.04
136.04
136.12
136.22
136.32
136.5
136.6
136.6
136.6
136.6
136.6
136.6
136.6
136.6
136.6
136.6
136.6
136.6
136.6
136.6
136.6
136.6
136.6
136.6
136.6
136.6
136.6
136.6
136.6
136.6
136.6
136.6
136.6
136.6
136.6
136.6
136.6
136.6
136.6
136.6
136.6
136.6
136.6
136.6
136.6
136.6
136.6
136.6
136.6
136.6
136.6
136.6
136.6
136.6
136.6
136.6
136.6
136.6
136.6
136.6
136.6
136.6
136.6
136.6
136.6
136.6
136.6
136.6
136.6
136.6
136.6
136.6
136.6
136.6
136.63
136.63
136.63
136.63
136.65
136.65
136.65
136.65
136.65
136.65
136.78
137.06
137.57
138.38
138.89
139.14
139.65
139.65
139.9
140.16
140.41
141.17
141.93
142.31
142.44
142.44
142.52
142.57
142.57
142.57
142.57
142.57
142.57
142.57
142.57
142.57
142.57
142.57
142.57
142.57
142.57
142.57
142.57
142.57
142.57
142.57
142.57
142.57
142.57
142.57
142.57
142.57
142.57
142.57
142.57
142.57
142.57
142.57
142.57
142.57
142.57
142.57
142.57
142.57
142.57
142.57
142.57
142.57
142.57
142.57
142.57
142.57
142.57
142.57
142.57
142.57
142.57
142.57
142.57
142.57
142.57
142.57
142.57
142.57
142.57
142.57
142.57
142.57
142.57
142.57
142.57
142.57
142.57
142.57
142.57
142.57
142.57
142.57
142.57
142.57
142.57
142.57
142.57
142.57
142.57
142.57
142.57
142.57
142.57
142.57
142.57
142.57
142.57
142.57
142.57
142.57
142.57
142.57
142.57
142.57
142.57
142.57
142.57
142.57
142.57
142.57
142.57
142.57
142.57
142.57
142.57
142.57
142.57
142.57
142.57
142.57
142.57
142.57
142.57
142.57
142.57
142.57
142.57
142.57
142.57
142.57
142.57
142.57
142.57
142.57
142.57
142.57
142.57
142.57
142.57
142.57
142.57
142.57
142.57
142.57
142.57
142.57
142.57
142.57
142.57
142.57
142.57
142.57
142.57
142.57
142.57
142.57
142.57
142.57
142.57
142.57
142.57
142.57
142.57
142.57
142.57
142.57
142.57
142.57
142.57
142.57
142.57
142.57
142.57
142.57
142.57
142.57
142.57
142.57
142.57
142.57
142.57
142.57
142.57
142.57
142.57
142.57
142.57
142.57
142.57
142.57
142.57
142.57
142.57
142.57
142.57
142.57
142.57
142.57
142.57
142.57
142.57
142.57
142.57
142.57
142.57
142.57
142.57
142.57
142.57
142.57
142.57
142.57
142.57
142.57
142.57
142.57
142.57
142.57
142.57
142.57
142.57
142.57
142.57
142.57
142.57
142.57
142.57
142.57
142.57
142.57
142.7
142.7
142.7
142.7
142.82
142.82
142.82
142.82
142.82
142.82
142.95
142.95
142.95
142.95
142.95
142.95
142.95
142.95
143.71
143.71
143.71
143.71
143.71
143.97
143.97
144.73
145.24
145.74
146.25
146.28
146.38
146.51
146.51
146.51
146.51
146.51
146.51
146.51
146.51
146.51
146.51
146.51
146.51
146.51
146.51
146.51
146.51
146.51
146.51
146.51
146.51
146.51
146.51
146.51
146.51
146.51
146.51
146.51
146.51
146.51
146.51
146.51
146.51
146.51
146.51
146.51
146.51
146.51
146.51
146.51
146.51
146.51
146.51
146.51
146.51
146.51
146.51
146.51
146.51
146.51
146.51
146.51
146.51
146.51
146.51
146.53
146.61
146.61
146.61
146.61
146.61
146.61
146.61
146.61
146.61
146.61
146.61
146.61
146.61
146.61
146.61
146.61
146.61
146.61
146.61
146.61
146.61
146.61
146.61
146.61
146.61
146.61
146.61
146.61
146.61
146.61
146.61
146.61
146.61
146.61
146.61
146.61
146.61
146.61
146.61
146.61
146.61
146.61
146.61
146.61
146.61
146.61
146.61
146.61
146.61
146.61
146.61
146.61
146.61
146.61
146.61
146.61
146.61
146.61
146.61
146.61
146.61
146.61
146.61
146.61
146.61
146.61
146.61
146.61
146.61
146.61
146.61
146.61
146.61
146.61
146.61
146.61
146.61
146.61
146.61
146.61
146.61
146.61
146.61
146.61
146.61
146.61
146.61
146.61
146.61
146.61
146.61
146.61
146.61
146.61
146.61
146.61
146.61
146.61
146.61
146.61
146.61
146.61
146.61
146.61
146.61
146.61
146.61
146.61
146.61
146.61
146.61
146.61
146.61
146.61
146.61
146.61
146.61
146.61
146.61
146.61
146.61
146.61
146.61
146.61
146.61
146.61
146.61
146.61
146.61
146.61
146.61
146.61
146.61
146.61
146.61
146.61
146.61
146.61
146.61
146.61
146.61
146.61
146.61
146.61
146.61
146.61
146.61
146.61
146.61
146.61
146.61
146.61
146.61
146.61
146.61
146.61
146.61
146.61
146.61
146.61
146.61
146.61
146.61
146.61
146.61
146.61
146.61
146.61
146.61
146.61
146.61
146.61
146.61
146.61
146.61
146.61
146.61
146.61
146.61
146.61
146.61
146.61
146.61
146.61
146.61
146.61
146.61
146.61
146.61
146.61
146.61
146.61
146.61
146.61
146.61
146.61
146.61
146.61
146.61
146.61
146.61
146.61
146.61
146.61
146.61
146.61
146.61
146.61
146.61
146.61
146.61
146.61
146.61
146.61
146.61
146.61
146.61
146.61
146.61
146.61
146.61
146.61
146.61
146.61
146.61
146.61
146.61
146.61
146.61
146.61
146.61
146.61
146.61
146.61
146.61
146.61
146.61
146.61
146.61
146.61
146.61
146.61
146.61
146.61
146.61
146.61
146.61
146.61
146.61
146.61
146.61
146.61
146.61
146.61
146.61
146.61
146.61
146.61
146.61
146.61
146.61
146.61
146.61
146.61
146.61
146.61
146.61
146.61
146.61
146.61
146.61
146.61
146.61
146.61
146.63
146.63
146.63
146.63
146.63
146.63
146.63
146.63
146.63
146.63
146.63
146.63
146.63
146.63
146.63
146.63
146.63
146.63
146.63
146.63
146.63
146.63
146.68
146.73
146.73
146.73
146.73
146.73
146.73
146.73
146.73
146.73
146.73
146.73
146.73
146.73
146.73
146.73
146.73
146.73
146.73
146.73
146.73
146.73
146.73
146.73
146.73
146.73
146.86
146.86
146.86
146.86
146.86
146.86
146.86
146.86
146.86
146.86
146.86
146.86
146.86
146.86
146.86
146.86
146.86
146.86
146.86
146.86
146.86
146.86
146.86
146.86
146.86
146.86
146.96
146.99
146.99
146.99
146.99
147.12
147.12
147.12
147.12
147.12
147.12
147.12
147.12
147.12
147.12
147.12
147.12
147.12
147.12
147.14
147.24
147.39
147.45
147.52
147.52
147.78
147.78
147.78
147.78
147.78
147.78
147.78
147.78
148.33
148.54
148.54
148.54
148.74
148.84
148.92
148.92
148.92
148.92
148.92
149.05
149.05
149.05
149.05
149.05
149.3
149.3
149.43
149.43
149.43
149.43
149.43
149.43
149.43
149.43
149.43
149.43
149.43
149.43
149.43
149.48
149.68
149.68
149.68
149.68
149.68
149.68
149.68
149.68
149.68
149.68
149.68
149.68
149.68
149.68
149.68
149.68
149.68
149.68
149.68
149.68
149.68
149.68
149.68
149.68
149.68
149.68
149.68
149.68
149.68
149.68
149.68
149.68
149.68
149.68
149.68
149.68
149.68
149.68
149.68
149.68
149.68
149.68
149.68
149.68
149.68
149.68
149.68
149.68
149.68
149.68
149.68
149.68
149.68
149.68
149.68
149.68
149.68
149.68
149.68
149.68
149.68
149.68
149.68
149.68
149.68
149.68
149.68
149.68
149.68
149.68
149.68
149.68
149.68
149.68
149.68
149.68
149.68
149.68
149.68
149.68
149.68
149.68
149.68
149.68
149.68
149.68
149.68
149.68
149.68
149.68
149.68
149.68
149.68
149.68
149.68
149.68
149.68
149.68
149.68
149.68
149.68
149.68
149.68
149.68
149.68
149.68
149.68
149.68
149.68
149.68
149.68
149.68
149.68
149.68
149.68
149.68
149.68
149.68
149.68
149.68
149.68
149.68
149.68
149.68
149.68
149.68
149.68
149.68
149.68
149.68
149.68
149.68
149.68
149.68
149.68
149.68
149.68
149.68
149.68
149.68
149.68
149.68
149.68
149.68
149.68
149.68
149.68
149.68
149.68
149.68
149.68
149.68
149.68
149.68
149.68
149.68
149.68
149.68
149.68
149.68
149.68
149.68
149.68
149.68
149.68
149.68
149.68
149.68
149.68
149.68
149.68
149.68
149.68
149.68
149.68
149.68
149.68
149.68
149.68
149.68
149.68
149.68
149.68
149.68
149.68
149.68
149.68
149.68
149.68
149.68
149.68
149.68
149.68
149.68
149.68
149.68
149.68
149.68
149.68
149.68
149.68
149.68
149.68
149.68
149.68
149.68
149.68
149.68
149.68
149.68
149.68
149.68
149.68
149.68
149.68
149.68
149.68
149.68
149.68
149.68
149.68
149.68
149.68
149.68
149.68
149.68
149.68
149.68
149.68
149.68
149.68
149.68
149.68
149.68
149.68
149.68
149.68
149.68
149.68
149.68
149.68
149.68
149.68
149.68
149.68
149.68
149.68
149.68
149.68
149.68
149.68
149.68
149.68
149.68
149.68
149.68
149.68
149.68
149.68
149.68
149.68
149.68
149.68
149.68
149.68
149.68
149.68
149.68
149.68
149.68
149.68
149.68
149.68
149.68
149.68
149.68
149.68
149.68
149.68
149.68
149.68
149.68
149.68
149.68
149.68
149.68
149.68
149.68
149.68
149.68
149.68
149.68
149.68
149.71
149.73
149.81
149.81
149.81
149.81
149.81
149.81
149.81
149.81
149.81
149.81
149.81
149.81
149.81
149.81
149.81
149.81
149.81
149.81
149.81
149.81
149.81
149.81
149.81
149.81
149.91
149.93
149.93
149.93
149.93
149.93
149.93
150.01
150.06
150.06
150.06
150.09
150.11
150.29
151.33
152.6
153.62
154.63
154.63
154.63
154.63
154.63
154.63
154.63
154.89
154.89
154.89
154.89
154.89
154.89
154.89
154.89
154.89
155.4
156.21
156.36
156.36
156.36
156.36
156.36
156.36
156.36
156.41
156.51
156.54
156.54
156.54
156.54
156.54
156.67
156.67
156.92
157.68
158.06
158.06
158.06
158.06
158.06
158.06
158.06
158.06
158.06
158.06
158.06
158.06
158.06
158.06
158.06
158.06
158.06
158.06
158.06
158.06
158.06
158.06
158.06
158.06
158.06
158.06
158.06
158.06
158.06
158.06
158.06
158.06
158.06
158.06
158.06
158.06
158.06
158.06
158.06
158.06
158.06
158.06
158.06
158.06
158.06
158.06
158.06
158.06
158.06
158.06
158.06
158.06
158.06
158.06
158.06
158.06
158.06
158.06
158.06
158.06
158.06
158.06
158.06
158.06
158.06
158.11
158.19
158.19
158.19
158.19
158.32
158.32
158.32
158.32
158.9
159.46
161.24
161.49
161.75
164.03
166.06
166.57
167.59
169.11
171.14
173.94
177.75
178.43
179.02
179.02
179.02
179.02
179.02
179.02
179.02
179.14
179.14
179.14
179.14
179.14
179.14
179.14
179.14
179.14
179.14
179.14
179.14
179.14
179.14
179.14
179.14
179.14
179.14
179.14
179.14
179.14
179.14
179.14
179.14
179.14
179.14
179.14
179.14
179.14
179.14
179.14
179.14
179.14
179.14
179.14
179.14
179.14
179.14
179.14
179.14
179.14
179.14
179.14
179.14
179.14
179.14
179.14
179.14
179.14
179.14
179.14
179.14
179.14
179.14
179.14
179.14
179.14
179.14
179.14
179.14
179.14
179.14
179.14
179.14
179.14
179.14
179.14
179.14
179.14
179.14
179.14
179.14
179.14
179.14
179.14
179.14
179.14
179.14
179.14
179.14
179.14
179.14
179.14
179.14
179.14
179.14
179.14
179.14
179.14
179.14
179.14
179.14
179.14
179.14
179.14
179.14
179.14
179.14
179.14
179.14
179.14
179.14
179.14
179.14
179.14
179.14
179.14
179.14
179.14
179.14
179.14
179.14
179.14
179.14
179.14
179.14
179.14
179.14
179.14
179.14
179.14
179.14
179.14
179.14
179.14
179.14
179.14
179.14
179.14
179.14
179.14
179.14
179.14
179.14
179.14
179.14
179.14
179.14
179.14
179.14
179.14
179.14
179.14
179.14
179.14
179.14
179.14
179.14
179.14
179.14
179.14
179.14
179.14
179.14
179.14
179.14
179.14
179.14
179.14
179.14
179.14
179.14
179.14
179.14
179.14
179.14
179.14
179.14
179.14
179.14
179.14
179.14
179.14
179.14
179.14
179.14
179.14
179.14
179.14
179.14
179.14
179.14
179.14
179.14
179.14
179.14
179.14
179.14
179.14
179.14
179.14
179.14
179.14
179.14
179.14
179.14
179.14
179.14
179.14
179.14
179.14
179.14
179.14
179.14
179.14
179.14
179.14
179.14
179.14
179.14
179.14
179.14
179.14
179.14
179.14
179.14
179.14
179.14
179.14
179.14
179.14
179.14
179.14
179.14
179.14
179.14
179.14
179.14
179.14
179.14
179.14
179.14
179.14
179.14
179.14
179.14
179.14
179.14
179.14
179.14
179.14
179.14
179.14
179.14
179.14
179.14
179.14
179.14
179.14
179.14
179.14
179.14
179.14
179.14
179.14
179.14
179.14
179.14
179.14
179.14
179.14
179.14
179.14
179.14
179.14
179.14
179.14
179.14
179.14
179.14
179.14
179.14
179.14
179.14
179.14
179.14
179.14
179.14
179.14
179.14
179.14
179.14
179.14
179.14
179.14
179.14
179.14
179.14
179.14
179.14
179.14
179.14
179.14
179.14
179.14
179.14
179.14
179.14
179.14
179.14
179.14
179.14
179.14
179.14
179.14
179.14
179.14
179.14
179.14
179.14
179.14
179.14
179.14
179.14
179.14
179.14
179.14
179.14
179.14
179.14
179.14
179.14
179.14
179.14
179.14
179.14
179.14
179.14
179.14
179.14
179.14
179.14
179.14
179.14
179.14
179.14
179.14
179.14
179.14
179.14
179.14
179.14
179.14
179.14
179.14
179.14
179.14
179.14
179.14
179.14
179.14
179.14
179.14
179.14
179.14
179.14
179.14
179.14
179.14
179.14
179.14
179.14
179.14
179.14
179.14
179.14
179.14
179.14
179.14
179.14
179.14
179.14
179.14
179.14
179.14
179.14
179.14
179.14
179.14
179.14
179.14
179.14
179.14
179.14
179.14
179.14
179.14
179.14
179.14
179.14
179.14
179.14
179.14
179.14
179.14
179.14
179.14
179.14
179.14
179.14
179.14
179.14
179.14
179.14
179.14
179.14
179.14
179.14
179.14
179.14
179.14
179.14
179.14
179.14
179.14
179.14
179.14
179.14
179.14
179.14
179.14
179.14
179.14
179.14
179.14
179.14
179.14
179.14
179.14
179.14
179.14
179.14
179.14
179.14
179.14
179.14
179.14
179.14
179.14
179.14
179.14
179.14
179.14
179.14
179.14
179.14
179.14
179.14
179.14
179.14
179.14
179.14
179.14
179.14
179.14
179.14
179.14
179.14
179.14
179.14
179.14
179.14
179.14
179.14
179.14
179.14
179.14
179.14
179.14
179.14
179.14
179.14
179.14
179.14
179.14
179.14
179.14
179.14
179.14
179.14
179.14
179.14
179.14
179.14
179.14
179.14
179.14
179.14
179.14
179.14
179.14
179.14
179.14
179.14
179.14
179.14
179.14
179.14
179.14
179.14
179.14
179.14
179.14
179.14
179.14
179.14
179.14
179.14
179.14
179.14
179.14
179.14
179.14
179.14
179.14
179.14
179.14
179.14
179.14
179.14
179.14
179.14
179.14
179.14
179.14
179.14
179.14
179.14
179.14
179.14
179.14
179.14
179.14
179.14
179.14
179.14
179.14
179.14
179.14
179.14
179.14
179.14
179.14
179.14
179.14
179.14
179.14
179.14
179.14
179.14
179.14
179.14
179.14
179.14
179.14
179.14
179.14
179.14
179.14
179.14
179.14
179.14
179.14
179.14
179.14
179.14
179.14
179.14
179.14
179.14
179.14
179.14
179.14
179.14
179.14
179.14
179.14
179.14
179.14
179.14
179.14
179.14
179.14
179.14
179.14
179.14
179.14
179.14
179.14
179.14
179.14
179.14
179.14
179.14
179.14
179.14
179.14
179.14
179.14
179.14
179.14
179.14
179.14
179.14
179.14
179.14
179.14
179.14
179.14
179.14
179.14
179.14
179.14
179.14
179.14
179.14
179.14
179.14
179.14
179.14
179.14
179.14
179.14
179.14
179.14
179.14
179.14
179.14
179.14
179.14
179.14
179.14
179.14
179.14
179.14
179.14
179.14
179.14
179.14
179.14
179.14
179.14
179.14
179.14
179.14
179.14
179.14
179.14
179.14
179.14
179.14
179.14
179.14
179.14
179.14
179.14
179.14
179.14
179.14
179.14
179.14
179.14
179.14
179.14
179.14
179.14
179.14
179.14
179.14
179.14
179.14
179.14
179.14
179.14
179.14
179.14
179.14
179.14
179.14
179.14
179.14
179.14
179.14
179.14
179.14
179.14
179.14
179.14
179.14
179.14
179.14
179.14
179.14
179.14
179.14
179.14
179.14
179.14
179.14
179.14
179.14
179.14
179.14
179.14
179.14
179.14
179.14
179.14
179.14
179.14
179.14
179.14
179.14
179.14
179.14
179.14
179.14
179.14
179.14
179.14
179.14
179.14
179.14
179.14
179.14
179.14
179.14
179.14
179.14
179.14
179.14
179.14
179.14
179.14
179.14
179.14
179.14
179.14
179.14
179.14
179.14
179.14
179.14
179.14
179.14
179.14
179.14
179.14
179.14
179.14
179.14
179.14
179.14
179.14
179.14
179.14
179.14
179.14
179.14
179.14
179.14
179.14
179.14
179.14
179.14
179.14
179.14
179.14
179.14
179.14
179.14
179.14
179.14
179.14
179.14
179.14
179.14
179.14
179.14
179.14
179.14
179.14
179.14
179.14
179.14
179.14
179.14
179.14
179.14
179.14
179.14
179.14
179.14
179.14
179.14
179.14
179.14
179.14
179.14
179.14
179.14
179.14
179.14
179.14
179.14
179.14
179.14
179.14
179.14
179.14
179.14
179.14
179.14
179.14
179.14
179.14
179.14
179.14
179.14
179.14
179.14
179.14
179.14
179.14
179.14
179.14
179.14
179.14
179.14
179.14
179.14
179.14
179.14
179.17
179.17
179.2
179.2
179.2
179.2
179.2
179.2
179.2
179.2
179.2
179.2
179.2
179.2
179.2
179.2
179.2
179.2
179.2
179.2
179.2
179.2
179.2
179.2
179.2
179.2
179.2
179.2
179.2
179.2
179.2
179.2
179.2
179.2
179.2
179.2
179.2
179.2
179.2
179.2
179.2
179.2
179.2
179.2
179.2
179.2
179.2
179.2
179.2
179.2
179.2
179.2
179.2
179.2
179.2
179.2
179.2
179.2
179.2
179.2
179.2
179.2
179.2
179.2
179.2
179.2
179.2
179.2
179.2
179.2
179.2
179.2
179.2
179.2
179.2
179.2
179.2
179.2
179.2
179.2
179.2
179.2
179.2
179.2
179.2
179.2
179.2
179.2
179.2
179.2
179.2
179.2
179.2
179.2
179.2
179.2
179.2
179.2
179.2
179.2
179.2
179.2
179.2
179.2
179.2
179.2
179.2
179.2
179.2
179.2
179.2
179.2
179.2
179.2
179.2
179.2
179.2
179.2
179.2
179.2
179.2
179.2
179.2
179.2
179.2
179.2
179.2
179.2
179.2
179.2
179.2
179.2
179.2
179.2
179.2
179.2
179.2
179.2
179.2
179.2
179.2
179.2
179.2
179.2
179.2
179.2
179.2
179.2
179.2
179.2
179.2
179.2
179.2
179.2
179.2
179.2
179.2
179.2
179.2
179.2
179.2
179.2
179.2
179.2
179.2
179.2
179.2
179.2
179.2
179.2
179.2
179.2
179.2
179.2
179.2
179.2
179.2
179.2
179.2
179.2
179.2
179.2
179.2
179.2
179.2
179.2
179.2
179.2
179.2
179.2
179.2
179.2
179.2
179.2
179.2
179.2
179.2
179.2
179.2
179.2
179.2
179.2
179.2
179.2
179.2
179.2
179.2
179.2
179.2
179.2
179.2
179.2
179.2
179.2
179.2
179.2
179.2
179.2
179.2
179.2
179.2
179.2
179.2
179.2
179.2
179.2
179.2
179.2
179.2
179.2
179.2
179.2
179.2
179.2
179.2
179.2
179.2
179.2
179.2
179.2
179.2
179.2
179.2
179.2
179.2
179.2
179.2
179.2
179.2
179.2
179.2
179.2
179.2
179.2
179.2
179.2
179.2
179.2
179.2
179.2
179.2
179.2
179.2
179.2
179.2
179.2
179.2
179.2
179.2
179.2
179.2
179.2
179.2
179.2
179.2
179.2
179.2
179.2
179.2
179.2
179.2
179.2
179.2
179.2
179.2
179.2
179.2
179.2
179.2
179.2
179.2
179.2
179.2
179.2
179.2
179.2
179.2
179.2
179.2
179.2
179.2
179.2
179.2
179.2
179.2
179.2
179.2
179.2
179.2
179.2
179.2
179.2
179.2
179.2
179.2
179.2
179.2
179.2
179.2
179.2
179.2
179.2
179.2
179.2
179.2
179.2
179.2
179.2
179.2
179.2
179.2
179.2
179.2
179.2
179.2
179.2
179.2
179.2
179.2
179.2
179.2
179.2
179.2
179.2
179.2
179.2
179.2
179.2
179.2
179.2
179.2
179.2
179.2
179.2
179.2
179.2
179.2
179.2
179.2
179.2
179.2
179.2
179.2
179.2
179.2
179.2
179.2
179.2
179.2
179.2
179.2
179.2
179.2
179.2
179.2
179.2
179.2
179.2
179.2
179.2
179.2
179.2
179.2
179.27
179.27
179.27
179.27
179.27
179.27
179.27
179.27
179.27
179.27
179.27
179.27
179.27
179.27
179.27
179.27
179.27
179.27
179.27
179.27
179.27
179.27
179.27
179.27
179.27
179.3
179.32
179.32
179.32
179.32
179.32
179.32
179.32
179.32
179.32
179.32
179.32
179.32
179.32
179.32
179.32
179.32
179.32
179.32
179.32
179.32
179.32
179.32
179.32
179.32
179.32
179.32
179.32
179.32
179.32
179.32
179.32
179.32
179.32
179.32
179.32
179.32
179.32
179.32
179.32
179.32
179.32
179.32
179.32
179.32
179.32
179.32
179.32
179.32
179.32
179.32
179.32
179.32
179.32
179.32
179.32
179.32
179.32
179.32
179.32
179.32
179.32
179.32
179.32
179.32
179.32
179.32
179.32
179.32
179.32
179.32
179.32
179.32
179.32
179.32
179.32
179.32
179.32
179.32
179.32
179.32
179.32
179.32
179.32
179.32
179.32
179.32
179.32
179.32
179.32
179.32
179.32
179.32
179.32
179.32
179.35
179.4
179.4
179.4
179.4
179.4
179.4
179.4
179.4
179.4
179.4
179.4
179.4
179.4
179.4
179.4
179.4
179.4
179.4
179.4
179.4
179.4
179.4
179.4
179.4
179.4
179.4
179.4
179.4
179.4
179.4
179.4
179.4
179.4
179.4
179.4
179.4
179.4
179.4
179.4
179.4
179.4
179.4
179.4
179.4
179.4
179.4
179.4
179.4
179.4
179.4
179.4
179.4
179.4
179.4
179.4
179.4
179.4
179.4
179.4
179.4
179.4
179.4
179.4
179.4
179.4
179.4
179.4
179.4
179.4
179.4
179.4
179.4
179.4
179.4
179.4
179.4
179.4
179.4
179.4
179.4
179.4
179.4
179.4
179.4
179.4
179.4
179.4
179.4
179.4
179.4
179.4
179.4
179.4
179.4
179.4
179.4
179.4
179.4
179.4
179.4
179.4
179.4
179.4
179.4
179.4
179.4
179.4
179.4
179.4
179.4
179.4
179.4
179.4
179.4
179.4
179.4
179.4
179.4
179.4
179.4
179.4
179.4
179.4
179.4
179.4
179.4
179.4
179.4
179.4
179.4
179.4
179.4
179.4
179.4
179.4
179.4
179.4
179.4
179.4
179.4
179.4
179.4
179.4
179.4
179.4
179.4
179.4
179.4
179.4
179.4
179.4
179.4
179.4
179.4
179.4
179.4
179.4
179.4
179.4
179.4
179.4
179.4
179.4
179.4
179.4
179.4
179.4
179.4
179.4
179.4
179.4
179.4
179.4
179.4
179.4
179.4
179.4
179.4
179.4
179.4
179.4
179.4
179.4
179.4
179.4
179.4
179.4
179.4
179.4
179.4
179.4
179.4
179.4
179.4
179.4
179.4
179.4
179.4
179.4
179.4
179.4
179.4
179.4
179.4
179.4
179.4
179.4
179.4
179.4
179.4
179.4
179.4
179.4
179.4
179.4
179.4
179.4
179.4
179.4
179.4
179.4
179.4
179.4
179.4
179.4
179.4
179.4
179.4
179.4
179.4
179.4
179.4
179.4
179.4
179.4
179.4
179.4
179.4
179.4
179.4
179.4
179.4
179.4
179.4
179.4
179.4
179.4
179.4
179.4
179.4
179.4
179.4
179.4
179.4
179.4
179.4
179.4
179.4
179.4
179.4
179.4
179.4
179.4
179.4
179.4
179.4
179.4
179.4
179.4
179.4
179.4
179.4
179.4
179.4
179.4
179.4
179.4
179.4
179.4
179.4
179.4
179.4
179.4
179.4
179.4
179.4
179.4
179.4
179.4
179.4
179.4
179.4
179.4
179.4
179.4
179.4
179.4
179.4
179.4
179.4
179.4
179.4
179.4
179.4
179.4
179.4
179.4
179.4
179.4
179.4
179.4
179.4
179.42
179.45
179.45
179.45
179.45
179.45
179.45
179.45
179.48
179.5
179.5
179.5
179.5
179.5
179.5
179.5
179.5
179.5
179.53
179.63
179.63
179.63
179.63
179.63
179.63
179.63
179.63
179.75
179.75
179.75
179.75
179.75
179.75
179.75
179.75
179.75
179.75
179.75
179.75
179.75
179.75
179.75
179.75
179.75
179.75
179.75
179.75
179.78
179.83
179.83
179.83
179.83
179.83
179.83
179.86
179.88
179.88
179.88
179.88
179.88
179.88
179.88
179.88
179.88
179.88
179.88
179.88
179.88
179.88
179.88
179.88
179.88
179.88
179.88
179.88
179.88
179.88
179.88
179.88
179.88
179.88
179.88
179.88
179.88
179.88
179.88
179.88
179.88
179.88
179.88
179.88
179.88
179.88
179.88
179.88
179.88
179.88
179.88
179.88
179.88
179.88
179.88
179.88
179.88
179.88
179.88
179.88
179.88
179.88
179.88
179.88
179.88
179.88
179.88
179.88
179.88
179.88
179.88
179.88
179.88
179.88
179.88
179.88
179.88
179.88
179.88
179.88
179.88
179.88
179.88
179.88
179.88
179.88
179.88
179.88
179.88
179.88
179.88
179.88
179.88
179.88
179.88
179.88
179.88
179.88
179.88
179.88
179.88
179.88
179.88
179.88
179.88
179.88
179.88
179.88
179.88
179.88
179.88
179.88
179.88
179.88
179.88
179.88
179.88
179.88
179.88
179.88
179.88
179.88
179.88
179.88
179.88
179.88
179.88
179.88
179.88
179.88
179.88
179.88
179.88
179.88
179.88
179.88
179.88
179.88
179.88
179.88
179.88
179.88
179.88
179.88
179.88
179.88
179.88
179.88
179.88
179.88
179.88
179.88
179.88
179.88
179.88
179.88
179.88
179.88
179.88
179.88
179.88
179.88
179.88
179.88
179.88
179.88
179.88
179.88
179.88
179.88
179.88
179.88
179.88
179.88
179.88
179.88
179.88
179.88
179.88
179.88
179.88
179.88
179.88
179.88
179.88
179.88
179.88
179.88
179.88
179.88
179.88
179.88
179.88
179.88
179.88
179.88
179.88
179.88
179.88
179.88
179.88
179.88
179.88
179.88
179.88
179.88
179.88
179.88
179.88
179.88
179.88
179.88
179.88
179.88
179.88
179.88
179.88
179.91
179.91
179.91
179.91
179.91
179.91
179.91
179.91
179.91
179.91
179.91
179.91
179.91
179.91
179.91
179.91
179.91
179.91
179.91
179.91
179.91
179.91
179.91
179.91
179.93
179.98
180.01
180.03
180.03
180.03
180.03
180.03
180.03
180.03
180.03
180.03
180.03
180.03
180.03
180.03
180.03
180.03
180.03
180.03
180.29
181.3
182.24
182.27
182.29
182.32
182.32
182.35
182.37
182.37
182.37
182.37
182.4
182.42
182.42
182.42
182.42
182.42
182.42
182.42
182.42
182.42
182.42
182.42
182.42
182.42
182.42
182.42
182.42
182.42
182.42
182.42
182.42
182.42
182.42
182.42
182.42
182.42
182.42
182.42
182.42
182.42
182.42
182.42
182.42
182.42
182.42
182.42
182.42
182.42
182.42
182.42
182.42
182.42
182.42
182.42
182.42
182.42
182.42
182.42
182.42
182.42
182.42
182.42
182.42
182.42
182.42
182.42
182.42
182.42
182.42
182.42
182.42
182.42
182.45
182.45
182.45
182.52
182.6
182.62
182.62
182.62
182.62
182.62
182.62
182.62
182.62
182.62
182.62
182.62
182.62
182.62
182.62
182.62
182.62
182.62
182.62
182.62
182.68
182.8
182.83
182.88
182.93
183.06
183.06
183.11
183.11
183.16
183.18
183.18
183.21
183.21
183.23
183.23
183.23
183.31
183.59
183.62
183.62
183.64
183.64
183.64
183.64
183.64
183.64
183.64
183.64
183.64
183.64
183.64
183.64
183.64
183.64
183.64
183.64
183.67
183.67
183.67
183.67
183.67
183.67
183.67
183.67
183.67
183.67
183.67
183.67
183.67
183.67
183.67
183.67
183.67
183.67
183.67
183.67
183.67
183.67
183.67
183.67
183.67
183.67
183.67
183.67
183.67
183.67
183.67
183.67
183.67
183.67
183.67
183.67
183.67
183.67
183.67
183.67
183.67
183.67
183.67
183.67
183.67
183.67
183.67
183.67
183.67
183.67
183.67
183.67
183.67
183.67
183.67
183.67
183.67
183.67
183.67
183.67
183.67
183.67
183.67
183.67
183.67
183.67
183.67
183.67
183.67
183.67
183.67
183.67
183.67
183.67
183.67
183.67
183.67
183.67
183.67
183.67
183.67
183.67
183.67
183.67
183.67
183.67
183.67
183.67
183.67
183.67
183.67
183.67
183.67
183.67
183.67
183.67
183.67
183.67
183.67
183.67
183.67
183.67
183.67
183.67
183.67
183.67
183.67
183.67
183.67
183.67
183.67
183.67
183.67
183.67
183.67
183.67
183.67
183.67
183.67
183.67
183.67
183.67
183.67
183.67
183.67
183.67
183.67
183.67
183.67
183.67
183.67
183.67
183.67
183.67
183.67
183.67
183.67
183.67
183.67
183.67
183.67
183.67
183.67
183.67
183.67
183.67
183.67
183.67
183.67
183.67
183.67
183.67
183.67
183.67
183.67
183.69
183.69
183.69
183.69
183.69
183.69
183.69
183.69
183.69
183.69
183.69
183.69
183.69
183.69
183.69
183.69
183.69
183.69
183.69
183.69
183.69
183.69
183.69
183.69
183.74
183.74
183.77
183.77
183.77
183.77
183.77
183.77
183.77
183.77
183.77
183.77
183.77
183.77
183.77
183.77
183.77
183.77
183.77
183.77
183.77
183.77
183.77
183.77
183.79
183.79
183.82
183.82
183.82
183.82
183.82
183.82
183.82
183.82
183.82
183.82
183.82
183.82
183.82
183.82
183.82
183.82
183.82
183.82
183.82
183.82
183.82
183.82
183.82
183.82
183.82
183.82
183.82
183.82
183.82
183.82
183.82
183.82
183.82
183.82
183.82
183.82
183.82
183.82
183.82
183.82
183.82
183.82
183.82
183.82
183.82
183.82
183.84
183.84
183.89
183.97
184
184
184
184
184
184
184
184
184
184
184
184
184
184
184
184
184
184
184
184
184
184
184.05
184.07
184.12
184.15
184.17
184.17
184.17
184.17
184.17
184.17
184.17
184.17
184.17
184.17
184.17
184.17
184.17
184.28
184.94
186.51
186.97
186.97
186.97
186.97
186.97
186.97
186.99
187.02
187.02
187.02
187.02
187.02
187.02
187.02
187.02
187.02
187.15
187.17
187.25
187.37
187.37
187.37
187.37
187.37
187.37
187.37
187.37
187.37
187.37
187.37
187.37
187.37
187.37
187.37
187.37
187.37
187.37
187.37
187.4
187.4
187.4
187.4
187.4
187.4
187.4
187.4
187.4
187.4
187.4
187.4
187.4
187.4
187.4
187.4
187.4
187.4
187.4
187.4
187.4
187.4
187.4
187.4
187.4
187.4
187.4
187.4
187.4
187.4
187.4
187.4
187.4
187.4
187.4
187.4
187.43
187.43
187.45
187.55
187.58
187.63
187.63
187.63
187.63
187.63
187.63
187.65
187.65
187.65
187.65
187.65
187.7
187.7
187.7
187.7
187.7
187.7
187.7
187.7
187.7
187.73
187.76
187.78
187.83
187.98
188.34
189.18
190.6
190.93
193.09
196.34
198.65
198.98
199.03
199.16
199.16
199.16
199.16
199.16
199.16
199.16
199.16
199.16
199.57
199.57
199.57
199.57
199.57
199.57
199.57
199.57
199.57
199.57
199.57
199.57
199.57
199.57
199.57
199.57
199.57
199.57
199.57
199.57
199.57
199.57
199.57
199.57
199.57
199.57
199.57
199.57
199.57
199.57
199.57
199.57
199.57
199.57
199.57
199.57
199.57
199.57
199.57
199.57
199.57
199.57
199.57
199.57
199.57
199.57
199.57
199.57
199.57
199.57
199.57
199.57
199.57
199.57
199.57
199.57
199.57
199.57
199.57
199.57
199.57
199.57
199.57
199.57
199.57
199.57
199.57
199.57
199.57
199.57
199.57
199.57
199.57
199.57
199.57
199.57
199.57
199.57
199.57
199.57
199.57
199.57
199.57
199.57
199.57
199.57
199.57
199.57
199.57
199.57
199.57
199.57
199.57
199.57
199.57
199.57
199.57
199.57
199.59
199.64
199.67
199.67
199.67
199.67
199.67
199.67
199.69
199.69
199.69
199.69
199.69
199.69
199.69
199.69
199.69
199.69
199.69
199.72
199.77
199.97
200.38
200.4
200.46
200.58
201.34
202.21
202.34
202.36
202.49
202.51
202.51
202.51
202.51
202.56
202.56
202.56
202.56
202.56
202.59
202.59
202.59
202.59
202.59
202.59
202.59
202.59
202.59
202.59
202.59
202.59
202.59
202.59
202.59
202.59
202.59
202.59
202.59
202.59
202.59
202.59
202.59
202.59
202.59
202.59
202.59
202.59
202.59
202.59
202.59
202.59
202.59
202.59
202.59
202.59
202.64
202.67
202.74
202.77
202.79
202.84
202.87
203.66
205.13
206.27
207.62
207.82
207.82
207.87
207.97
208.63
208.66
208.66
208.66
208.66
208.66
208.69
208.69
208.71
208.71
208.71
208.74
208.74
208.74
208.76
208.76
208.76
208.76
208.76
208.76
208.76
208.76
208.76
208.76
208.76
208.76
208.76
208.76
208.76
208.76
208.76
208.76
208.76
208.76
208.76
208.76
208.76
208.76
208.76
208.76
208.76
208.76
208.76
208.76
208.76
208.76
208.76
208.76
208.76
208.76
208.76
208.76
208.76
208.76
208.76
208.76
208.76
208.79
208.81
208.81
208.81
208.84
208.84
208.86
208.86
208.86
208.86
208.86
208.86
208.86
208.86
208.86
208.86
208.86
208.86
208.86
208.86
208.86
208.86
208.89
208.89
208.91
208.91
208.91
208.94
208.96
208.96
209.02
209.04
209.07
209.09
209.09
209.09
209.09
209.09
209.09
209.09
209.09
209.09
209.09
209.09
209.09
209.09
209.09
209.09
209.09
209.09
209.09
209.09
209.09
209.09
209.09
209.09
209.09
209.09
209.09
209.09
209.09
209.09
209.09
209.09
209.09
209.09
209.09
209.09
209.09
209.09
209.09
209.09
209.09
209.09
209.09
209.09
209.09
209.09
209.09
209.09
209.09
209.09
209.09
209.09
209.09
209.09
209.09
209.09
209.09
209.09
209.09
209.09
209.09
209.09
209.09
209.09
209.09
209.09
209.09
209.09
209.09
209.09
209.09
209.09
209.09
209.09
209.09
209.09
209.09
209.09
209.09
209.09
209.09
209.09
209.09
209.09
209.09
209.09
209.09
209.09
209.09
209.09
209.09
209.09
209.09
209.09
209.09
209.09
209.09
209.09
209.09
209.09
209.09
209.09
209.14
209.29
209.29
209.29
209.32
209.32
209.32
209.32
209.32
209.32
209.32
209.68
209.68
209.68
209.68
209.68
209.78
209.78
209.83
209.85
209.88
209.9
209.9
209.98
209.98
210.16
212.04
213.38
215.19
215.67
215.67
215.7
215.72
215.72
215.75
215.75
215.77
215.77
215.8
215.8
215.82
215.82
215.82
215.82
215.82
215.82
215.82
215.82
215.82
215.82
215.82
215.82
215.82
215.85
215.87
215.9
215.92
215.92
215.92
215.92
215.92
215.92
215.92
215.92
215.95
215.95
215.95
215.95
215.95
215.97
215.97
216.03
216.08
216.1
216.18
216.18
216.18
216.18
216.23
216.36
216.41
216.41
216.41
216.41
216.41
216.41
216.41
216.41
216.41
216.41
216.46
216.46
216.46
216.46
216.46
216.46
216.46
216.46
216.46
216.46
216.46
216.46
216.46
216.46
216.46
216.46
216.46
216.46
216.46
216.46
216.46
216.46
216.46
216.46
216.46
216.46
216.46
216.46
216.46
216.46
216.46
216.46
216.46
216.46
216.46
216.46
216.46
216.46
216.46
216.46
216.46
216.46
216.46
216.46
216.46
216.46
216.46
216.46
216.46
216.46
216.46
216.46
216.46
216.46
216.46
216.46
216.46
216.46
216.46
216.51
216.53
216.58
216.58
216.61
216.61
216.61
216.61
216.61
216.61
216.61
216.61
216.61
216.61
216.61
216.61
216.61
216.61
216.61
216.61
216.61
216.61
216.61
216.61
216.61
216.66
216.71
216.76
216.81
216.84
217.02
217.22
217.22
217.27
217.55
217.6
217.6
217.6
217.6
217.6
217.6
217.6
217.6
217.6
217.6
217.6
217.6
217.6
217.63
217.65
217.68
217.68
217.68
217.68
217.68
217.7
217.7
217.73
217.73
217.73
217.73
217.73
217.73
217.73
217.73
217.75
217.75
217.78
217.78
217.78
217.78
217.78
217.78
217.78
217.8
217.83
217.83
217.88
218.13
219.2
220.5
220.67
220.67
220.67
220.7
220.8
220.83
220.83
220.98
222.38
224.76
225.45
227.15
228.22
229.31
231.44
233.53
233.98
234.49
234.57
234.59
234.62
234.62
234.62
234.62
234.62
234.62
234.62
234.62
234.62
234.62
234.62
234.64
234.64
234.64
234.64
234.64
235.08
235.08
235.08
235.08
235.08
235.08
235.08
235.08
235.08
235.08
235.08
235.08
235.08
235.08
235.08
235.08
235.08
235.08
235.08
235.08
235.08
235.08
235.08
235.08
235.08
235.08
235.08
235.08
235.08
235.08
235.08
235.08
235.08
235.08
235.08
235.08
235.08
235.08
235.08
235.08
235.08
235.08
235.08
235.08
235.08
235.08
235.08
235.08
235.08
235.08
235.08
235.08
235.08
235.08
235.08
235.08
235.08
235.08
235.08
235.08
235.08
235.08
235.08
235.08
235.08
235.08
235.08
235.08
235.08
235.08
235.08
235.08
235.08
235.08
235.08
235.08
235.08
235.08
235.08
235.08
235.08
235.08
235.08
235.08
235.08
235.08
235.08
235.08
235.08
235.08
235.08
235.08
235.08
235.08
235.08
235.08
235.08
235.08
235.08
235.1
235.1
235.1
235.1
235.1
235.1
235.1
235.1
235.1
235.1
235.1
235.1
235.1
235.1
235.1
235.1
235.1
235.1
235.1
235.1
235.1
235.1
235.15
235.2
235.2
235.2
235.2
235.2
235.2
235.2
235.2
235.2
235.2
235.2
235.2
235.2
235.2
235.2
235.2
235.2
235.2
235.2
235.2
235.2
235.2
235.2
235.2
235.2
235.2
235.2
235.2
235.2
235.2
235.2
235.2
235.2
235.2
235.2
235.2
235.2
235.2
235.2
235.2
235.2
235.2
235.2
235.2
235.2
235.2
235.2
235.2
235.2
235.2
235.2
235.2
235.2
235.2
235.2
235.2
235.2
235.2
235.2
235.2
235.2
235.2
235.2
235.2
235.2
235.2
235.2
235.2
235.2
235.2
235.2
235.2
235.2
235.23
235.25
235.25
235.25
235.25
235.25
235.25
235.25
235.25
235.25
235.25
235.25
235.25
235.25
235.25
235.25
235.25
235.25
235.25
235.25
235.25
235.25
235.28
235.3
235.3
235.33
235.33
235.33
235.33
235.38
235.46
236.42
238.33
238.45
238.5
238.56
238.63
238.66
238.83
238.83
238.83
238.86
238.86
238.86
238.86
238.86
238.86
238.86
238.86
238.86
238.86
238.86
238.86
238.86
238.86
238.86
238.86
238.86
238.86
238.86
238.86
238.86
238.86
238.86
238.86
238.86
238.86
238.86
238.86
238.86
238.86
238.86
238.86
238.86
238.86
238.86
238.86
238.86
238.86
238.86
238.86
238.86
238.86
238.86
238.86
238.86
238.86
238.86
238.86
238.86
238.86
238.86
238.86
238.86
238.86
238.86
238.86
238.86
238.86
238.86
238.86
238.86
238.86
238.86
238.86
238.86
238.86
238.86
238.86
238.86
238.86
238.86
238.86
238.86
238.86
238.86
238.86
238.86
238.86
238.86
238.86
238.86
238.86
238.86
238.86
238.86
238.86
238.86
238.86
238.86
238.86
238.86
238.86
238.86
238.86
238.86
238.86
238.86
238.86
238.86
238.86
238.86
238.86
238.86
238.86
238.86
238.86
238.86
238.86
238.86
238.86
238.86
238.86
238.86
238.86
238.86
238.86
238.86
238.86
238.86
238.86
238.86
238.86
238.86
238.86
238.86
238.86
238.86
238.86
238.86
238.86
238.86
238.86
238.86
238.86
238.86
238.86
238.86
238.86
238.86
238.86
238.86
238.86
238.86
238.86
238.86
238.86
238.86
238.86
238.86
238.86
238.86
238.86
238.86
238.86
238.86
238.86
238.86
238.86
238.86
238.86
238.86
238.86
238.86
238.86
238.86
238.86
238.86
238.86
238.86
238.86
238.86
238.86
238.86
238.86
238.86
238.86
238.86
238.86
238.86
238.86
238.86
238.86
238.86
238.86
238.86
238.86
238.86
238.86
238.86
238.86
238.86
238.86
238.86
238.86
238.86
238.86
238.86
238.86
238.86
238.86
238.86
238.86
238.86
238.86
238.86
238.86
238.86
238.86
238.86
238.86
238.86
238.86
238.86
238.86
238.86
238.86
238.86
238.86
238.86
238.86
238.86
238.86
238.86
238.89
238.91
238.91
238.91
238.91
238.91
238.91
238.91
238.91
238.91
238.91
238.91
238.91
238.91
238.91
238.91
238.91
238.91
238.91
238.91
238.91
238.91
238.91
238.94
238.96
238.96
238.99
238.99
238.99
238.99
238.99
238.99
239.01
239.01
239.01
239.01
239.01
239.01
239.01
239.01
239.01
239.01
239.06
239.14
239.17
239.17
239.29
239.55
239.7
239.93
240.03
240.1
240.13
240.16
240.16
240.16
240.16
240.23
241.96
242.52
242.62
242.64
242.75
242.8
242.85
242.85
242.87
242.87
242.87
242.87
242.87
242.87
242.87
242.87
242.87
242.87
242.87
242.87
242.87
242.87
242.87
242.87
242.87
242.87
242.87
242.87
242.87
242.87
242.87
242.87
242.87
242.87
242.87
242.95
243.48
243.89
243.94
243.97
243.97
243.97
243.97
243.97
243.97
243.99
243.99
244.09
244.25
246.15
247.9
249.1
249.35
249.38
249.38
249.38
249.4
249.4
249.4
249.4
249.4
249.4
249.4
249.4
249.4
249.4
249.4
249.4
249.4
249.4
249.4
249.4
249.4
249.4
249.4
249.4
249.43
249.43
249.43
249.43
249.43
249.43
249.43
249.43
249.43
249.43
249.43
249.43
249.43
249.43
249.43
249.43
249.43
249.43
249.43
249.43
249.43
249.43
249.43
249.43
249.43
249.43
249.43
249.43
249.43
249.43
249.43
249.43
249.43
249.43
249.45
249.48
249.48
249.5
249.5
249.53
249.55
249.68
250.34
251.89
251.94
251.94
251.94
251.97
252.07
252.45
253.03
253.77
254.18
254.2
254.28
254.51
255.6
256.13
256.23
256.26
256.26
256.26
256.34
256.89
257.1
257.2
257.2
257.2
257.22
257.25
257.25
257.33
257.63
258.06
258.14
258.14
258.14
258.14
258.14
258.14
258.14
258.14
258.16
258.24
258.65
258.7
258.85
259.79
259.84
259.87
259.89
260.55
260.78
262.1
262.25
262.51
262.53
262.56
262.58
262.58
262.58
262.58
262.58
262.58
262.58
262.58
262.58
262.58
262.58
262.58
262.58
262.58
262.58
262.58
262.58
262.58
262.58
262.58
262.61
262.61
262.61
262.61
262.63
262.86
263.5
263.88
264.16
264.44
264.59
264.59
264.59
264.64
264.69
264.69
264.69
264.69
264.69
264.82
264.9
264.9
264.9
264.95
265.07
265.15
265.23
265.25
265.25
265.25
265.25
265.25
265.25
265.25
265.25
265.25
265.25
265.25
265.25
265.25
265.25
265.28
265.28
265.28
265.28
265.33
265.33
265.33
265.33
265.33
265.33
265.33
265.33
265.33
265.33
265.33
265.33
265.33
265.33
265.33
265.33
265.33
265.33
265.33
265.33
265.33
265.33
265.33
265.33
265.33
265.33
265.35
265.4
265.4
265.4
265.4
265.4
265.4
265.4
265.4
265.4
265.4
265.4
265.4
265.4
265.4
265.4
265.4
265.4
265.4
265.4
265.4
265.4
265.4
265.4
265.4
265.4
265.4
265.4
265.4
265.4
265.4
265.4
265.4
265.4
265.4
265.4
265.4
265.4
265.4
265.4
265.4
265.4
265.4
265.4
265.4
265.4
265.4
265.4
265.4
265.4
265.4
265.4
265.4
265.4
265.4
265.4
265.4
265.4
265.4
265.4
265.4
265.4
265.4
265.4
265.4
265.4
265.4
265.4
265.4
265.4
265.4
265.4
265.4
265.4
265.4
265.4
265.4
265.4
265.4
265.4
265.4
265.4
265.4
265.4
265.4
265.4
265.4
265.4
265.4
265.4
265.4
265.4
265.4
265.4
265.4
265.4
265.4
265.4
265.4
265.4
265.4
265.4
265.4
265.4
265.4
265.4
265.4
265.4
265.4
265.4
265.4
265.4
265.4
265.4
265.4
265.4
265.4
265.5
267.41
269.21
270.31
270.41
270.43
270.46
270.48
270.48
270.48
270.48
270.48
270.48
270.48
270.48
270.48
270.51
270.53
270.53
270.56
270.58
270.58
270.61
270.61
270.61
270.61
270.64
270.64
270.64
270.64
270.64
270.66
270.66
270.66
270.66
270.66
270.66
270.66
270.66
270.69
270.69
270.71
270.71
270.71
270.71
270.71
270.76
270.81
270.99
271.32
271.37
271.37
271.37
271.37
271.4
271.42
271.42
271.42
271.42
271.42
271.42
271.42
271.42
271.42
271.42
271.42
271.42
271.42
271.42
271.42
271.42
271.42
271.45
271.45
271.45
271.47
271.47
271.47
271.47
271.47
271.47
271.47
271.5
271.5
271.5
271.5
271.5
271.5
271.5
271.5
271.5
271.5
271.5
271.5
271.5
271.5
271.5
271.5
271.5
271.5
271.5
271.5
271.52
271.52
271.55
271.55
271.55
271.55
271.55
271.55
271.55
271.55
271.55
271.55
271.55
271.55
271.55
271.55
271.55
271.55
271.55
271.55
271.55
271.55
271.55
271.55
271.55
271.55
271.55
271.55
271.55
271.55
271.55
271.55
271.55
271.55
271.55
271.55
271.55
271.55
271.55
271.55
271.55
271.55
271.55
271.55
271.55
271.55
271.55
271.55
271.55
271.55
271.55
271.55
271.55
271.55
271.55
271.55
271.55
271.55
271.55
271.58
271.58
271.6
271.65
271.68
271.78
271.78
271.8
271.8
271.8
271.8
271.8
271.8
271.8
271.8
271.8
271.8
271.8
271.8
271.8
271.8
271.8
271.8
271.8
271.83
271.85
271.91
271.91
271.91
271.91
271.91
271.91
271.91
271.91
271.91
271.91
271.91
271.91
271.91
271.91
271.91
271.91
271.91
271.91
271.91
271.91
271.93
271.93
271.96
272.01
272.01
272.01
272.01
272.01
272.03
272.03
272.03
272.03
272.06
272.08
272.08
272.11
272.11
272.11
272.11
272.11
272.11
272.11
272.11
272.13
272.13
272.16
272.19
272.19
272.19
272.21
272.21
272.24
272.24
272.26
272.26
272.26
272.26
272.36
272.39
272.39
272.39
272.39
272.59
273.18
274.8
275.84
276.15
276.22
276.33
276.5
276.78
277.01
277.11
277.44
277.54
277.65
277.82
277.98
278.46
278.66
278.92
279.14
279.35
279.73
279.78
279.88
279.98
280.01
280.01
280.01
280.01
280.01
280.01
280.01
280.03
280.03
280.03
280.03
280.03
280.03
280.06
280.06
280.06
280.06
280.06
280.08
280.11
280.11
280.11
280.11
280.11
280.11
280.11
280.11
280.11
280.11
280.11
280.14
280.14
280.14
280.14
280.16
280.16
280.16
280.16
280.19
280.21
280.21
280.21
280.31
280.72
280.85
281.18
281.51
281.56
281.58
281.58
281.58
281.58
281.58
281.58
281.58
281.58
281.58
281.58
281.58
281.58
281.58
281.58
281.58
281.58
281.58
281.58
281.58
281.58
281.58
281.58
281.61
281.61
281.61
281.61
281.61
281.61
281.61
281.61
281.61
281.61
281.61
281.61
281.61
281.61
281.61
281.61
281.61
281.61
281.61
281.61
281.61
281.61
281.61
281.61
281.61
281.61
281.61
281.61
281.61
281.61
281.61
281.61
281.61
281.61
281.61
281.61
281.61
281.61
281.61
281.61
281.61
281.61
281.61
281.61
281.61
281.61
281.61
281.61
281.61
281.61
281.61
281.61
281.61
281.61
281.61
281.61
281.61
281.61
281.61
281.61
281.61
281.61
281.61
281.61
281.61
281.61
281.61
281.61
281.61
281.61
281.61
281.61
281.61
281.61
281.61
281.61
281.61
281.61
281.61
281.61
281.66
281.66
281.66
281.66
281.66
281.66
281.66
281.66
281.66
281.66
281.66
281.66
281.66
281.66
281.66
281.66
281.68
281.68
281.68
281.68
281.68
281.68
281.68
281.68
281.71
281.74
281.76
281.76
281.76
281.76
281.76
281.76
281.81
281.84
281.84
281.86
281.86
281.86
281.86
281.86
281.86
281.86
281.86
281.86
281.86
281.86
281.86
281.86
281.86
281.86
281.86
281.86
281.86
281.86
281.86
281.86
281.86
281.86
281.86
281.86
281.86
281.86
281.86
281.86
281.86
281.86
281.86
281.86
281.86
281.86
281.86
281.86
281.86
281.91
281.94
281.94
281.94
281.96
281.99
281.99
281.99
281.99
281.99
281.99
281.99
281.99
282.01
282.01
282.04
282.22
282.9
284.3
285.55
286.51
286.89
286.94
287.07
287.68
287.7
287.7
287.7
287.7
287.7
287.7
287.73
287.73
287.73
287.73
287.73
287.76
287.76
287.78
287.83
287.83
287.88
288.06
288.42
288.67
290.45
291.72
293.24
294.26
295.53
296.8
298.07
299.34
300.86
302.39
303.05
303.12
303.12
303.12
303.12
303.12
303.33
304.32
304.34
304.34
304.34
304.34
304.42
304.49
304.49
304.49
304.54
304.54
304.54
304.54
304.54
304.54
304.54
304.54
304.54
304.54
304.54
304.54
304.54
304.54
304.54
304.54
304.54
304.54
304.54
304.54
304.54
304.54
304.54
304.54
304.54
304.54
304.54
304.54
304.54
304.54
304.54
304.54
304.54
304.54
304.54
304.54
304.54
304.54
304.54
304.54
304.54
304.54
304.54
304.54
304.54
304.54
304.54
304.54
304.62
304.93
305.94
305.94
306.2
306.2
306.3
306.45
306.45
306.45
306.45
306.45
306.45
306.45
306.45
306.45
306.45
306.45
306.45
306.45
306.45
306.7
306.96
308.23
308.74
308.99
308.99
309.75
309.75
309.75
309.75
309.75
309.75
309.75
309.75
309.75
311.28
313.31
314.07
314.37
314.4
314.68
314.83
314.83
314.83
314.83
314.83
314.83
314.83
314.96
314.96
314.96
314.96
314.96
314.96
314.96
314.96
314.96
314.96
314.96
315.09
315.09
315.09
315.09
315.09
315.09
315.09
315.09
315.09
315.09
315.09
315.09
315.09
315.09
315.09
315.21
315.21
315.21
315.21
315.21
315.21
315.21
315.21
315.21
315.21
315.21
315.34
315.34
316.1
316.1
316.36
316.36
316.36
316.36
316.36
316.36
316.36
316.36
316.36
316.36
316.36
316.36
316.36
316.36
316.36
316.36
316.48
316.48
316.48
316.48
316.48
316.48
316.48
316.48
316.48
316.48
316.48
316.48
316.48
316.48
316.48
316.48
316.48
316.48
316.48
316.48
316.48
316.48
316.48
316.53
316.61
316.86
317.12
318.03
318.31
318.57
319.2
319.33
319.33
319.33
319.33
319.33
319.33
319.33
319.33
319.33
319.33
319.33
319.33
319.33
319.4
319.63
319.63
319.63
319.63
319.63
319.63
319.63
319.63
319.63
319.63
319.63
319.63
319.63
319.63
319.63
319.63
319.63
319.63
319.63
319.63
319.63
319.63
319.63
319.63
319.63
319.63
319.63
319.63
319.63
319.63
319.63
319.63
319.63
319.63
319.63
319.63
319.63
319.63
319.63
319.63
319.63
319.63
319.63
319.63
319.63
319.63
319.63
319.63
319.63
319.63
319.63
319.63
319.63
319.63
319.63
319.63
319.63
319.63
319.63
319.63
319.63
319.63
319.63
319.63
319.63
319.68
319.71
319.71
319.71
319.71
319.73
