0
0
0
0
0
0
0
0
0
0
0
0
0
0
0
0
0
0
0
0
0
0
0
0
0
0
0
0
0
0
0
0
0
0
0
0
0
0
0
0
0
0
0
0
0
0
0
0
0
0
0
0
0
0
0
0
0
0
0
0
0
0
0
0
0
0
0
0
0
0
0
0
0
0
0
0
0
0
0
0
0
0
0
0
0
0.7
0.7
0.7
0.7
0.7
0.7
0.7
0.9
1.4
1.5
1.5
1.5
1.5
1.5
1.5
1.5
1.5
1.5
1.5
1.5
1.5
1.5
1.5
1.5
1.5
1.5
1.5
1.5
1.5
1.5
1.5
1.5
1.5
1.5
1.5
1.5
1.5
1.5
1.5
1.6
1.8
3.4
6.2
8.1
8.2
8.2
8.2
8.2
8.2
8.2
8.2
8.2
8.2
8.2
8.3
8.3
8.3
8.4
8.4
8.4
8.4
8.4
8.4
8.4
8.4
8.4
8.5
9.7
10.8
11.3
11.8
12.4
12.5
12.6
13.2
13.2
13.2
13.2
13.2
13.2
13.2
13.2
13.2
13.3
13.3
13.3
13.3
13.3
13.3
13.3
13.3
13.3
13.4
13.6
13.8
13.8
13.8
13.9
14.8
15.1
15.6
15.8
16.7
16.7
17
17.2
17.3
17.3
17.8
18.4
18.7
18.8
18.8
18.8
18.8
18.9
18.9
19
19.2
19.3
19.4
19.4
19.5
19.6
19.6
19.6
19.7
19.7
19.7
19.7
19.7
19.8
19.8
19.8
19.8
19.8
19.8
19.8
19.8
19.8
19.8
19.8
20.1
20.2
20.2
20.2
20.2
20.2
20.2
20.2
20.3
20.3
20.6
21.6
22.4
22.8
22.9
23.1
23.1
23.1
23.2
23.2
23.2
23.2
23.2
23.2
23.3
23.3
23.3
23.3
23.9
23.9
23.9
24
24
24
24.1
24.1
24.1
24.1
24.1
24.1
24.1
24.1
24.1
24.1
24.1
24.1
24.1
24.1
24.1
24.1
24.1
24.1
24.1
24.1
24.1
24.1
24.1
24.1
24.1
24.1
24.1
24.1
24.1
24.1
24.1
24.1
24.1
24.1
24.1
24.1
24.1
24.1
24.1
24.1
24.1
24.1
24.1
24.1
24.1
24.1
24.1
24.1
24.1
24.1
24.1
24.1
24.1
24.1
24.1
24.1
24.1
24.1
24.1
24.1
24.1
24.1
24.1
24.1
24.1
24.1
24.1
24.1
24.1
24.1
24.1
24.1
24.1
24.1
24.1
24.1
24.1
24.1
24.1
24.1
24.1
24.1
24.1
24.1
24.1
24.1
24.1
24.1
24.1
24.1
24.1
24.1
24.1
24.1
24.1
24.1
24.1
24.1
24.1
24.1
24.1
24.1
24.1
24.1
24.1
24.1
24.1
24.1
24.1
24.1
24.1
24.1
24.1
24.1
24.1
24.1
24.1
24.1
24.1
24.1
24.1
24.1
24.1
24.1
24.1
24.1
24.1
24.1
24.1
24.1
24.1
24.1
24.1
24.1
24.1
24.1
24.1
24.1
24.1
24.1
24.1
24.1
24.1
24.1
24.1
24.1
24.1
24.1
24.1
24.1
25.1
27.2
27.3
27.4
27.5
27.6
27.7
27.8
27.9
28
28.1
28.2
29.8
29.8
29.8
29.9
29.9
29.9
30
30
30
30.1
30.1
30.1
30.1
30.1
30.1
30.1
30.1
30.1
30.1
30.1
30.1
30.1
30.1
30.1
30.1
30.1
30.1
30.1
30.1
30.1
30.1
30.1
30.1
30.1
30.1
30.1
30.1
30.1
30.1
30.1
30.1
30.1
30.1
30.1
30.1
30.1
30.1
30.1
30.1
30.1
30.1
30.1
30.1
30.1
30.1
30.1
30.1
30.1
30.1
30.1
30.1
30.1
30.1
30.1
30.1
30.1
30.1
30.1
30.1
30.1
30.1
30.1
30.1
30.1
30.1
30.1
30.1
30.1
30.1
30.1
30.1
30.1
30.1
30.1
30.1
30.1
30.1
30.1
30.1
30.1
30.1
30.1
30.1
30.1
30.1
30.1
30.1
30.1
30.1
30.1
30.1
30.1
30.1
30.1
30.1
30.1
30.1
30.1
30.1
30.1
30.1
30.1
30.1
30.1
30.1
30.1
30.1
30.1
30.1
30.1
30.1
30.1
30.1
30.1
30.1
30.1
30.1
30.1
30.1
30.1
30.1
30.1
30.1
30.1
30.1
30.1
30.1
30.1
30.1
30.1
30.1
30.1
30.1
30.1
30.1
30.1
30.6
32.2
33.1
33.8
34.6
34.9
35
35.1
35.1
35.1
35.1
35.1
35.1
35.1
35.1
35.1
35.1
35.1
35.1
35.1
35.1
35.1
35.1
35.1
35.1
35.1
35.1
35.1
35.1
35.1
35.1
35.1
35.1
35.1
35.1
35.1
35.1
35.1
35.1
35.1
35.1
35.1
35.1
35.1
35.1
35.1
35.1
35.1
35.1
35.1
35.1
35.1
35.1
35.1
35.1
35.1
35.2
35.2
35.2
35.2
35.2
35.2
35.2
35.2
35.2
35.5
36.3
36.8
37
37
37.2
37.2
37.6
37.6
37.6
37.6
37.6
37.6
37.6
37.6
38
38.8
40.2
41.5
41.6
41.7
41.8
41.9
41.9
42
42.1
42.2
42.3
42.4
42.4
45.3
45.3
45.9
48
48
48
48
48
48.1
48.1
48.1
48.1
48.1
48.1
48.1
48.1
48.1
48.1
48.1
48.1
48.1
48.1
48.1
48.1
48.1
48.1
48.1
48.1
48.1
48.1
48.1
48.1
48.1
48.1
48.1
48.1
48.4
49.7
49.9
49.9
50
50
50
50
50
50
50
50
50
50
50
50.1
50.1
50.1
50.1
50.1
50.1
50.1
50.1
50.1
50.3
50.4
50.5
50.7
51
51.3
51.4
51.5
51.5
51.6
51.6
51.6
51.7
51.8
52.1
54
54.1
54.9
55.6
55.9
56
56
56
56
56
56
56
56
56
56
56
56
56
56
56
56
56
56
56
56
56
56
56
56
56
56
56.4
57.5
57.7
57.8
57.8
57.8
57.8
57.9
57.9
57.9
57.9
57.9
57.9
57.9
57.9
57.9
58
58.1
58.3
58.3
58.4
58.4
58.4
58.4
58.5
58.5
58.5
58.6
58.9
59.4
60.2
60.6
61.5
63
64.3
66.1
66.7
66.9
67.1
67.1
67.1
67.2
67.2
67.2
67.2
67.2
67.2
67.2
67.2
67.2
67.2
67.2
67.2
67.2
67.2
67.2
67.2
67.2
67.2
67.2
67.2
67.2
67.2
67.2
67.2
67.2
67.2
67.2
67.2
67.2
67.2
67.2
67.2
67.2
67.2
67.2
67.2
67.2
67.2
67.2
67.2
67.2
67.2
67.2
67.2
67.2
67.2
67.2
67.2
67.2
67.2
67.2
67.2
67.2
67.2
68.7
71.8
72
72
72
72
72
72
72
72
72
72
72
72
72
72
72
72.1
72.1
72.1
72.1
72.3
73.2
74.1
74.6
75
75.8
77
77.3
77.4
77.5
77.6
77.6
77.6
77.6
77.6
77.8
77.8
77.8
77.8
77.8
77.8
77.8
77.8
77.8
77.8
77.8
77.8
77.8
77.8
77.8
77.8
77.8
77.8
77.8
77.8
77.8
77.8
77.8
77.8
77.8
77.8
77.8
77.8
77.8
77.8
77.8
77.8
77.8
77.8
77.8
77.8
77.8
77.8
77.8
77.8
77.8
77.8
77.8
77.8
77.8
77.8
77.8
77.8
77.8
77.8
77.8
77.8
77.8
77.8
77.8
77.8
77.8
77.8
77.8
77.8
77.8
77.8
77.8
77.8
77.8
77.8
77.8
77.8
77.8
77.8
77.8
77.8
77.8
77.8
77.8
77.8
77.8
77.8
77.8
77.8
77.8
77.8
77.8
77.8
77.8
77.8
77.8
77.8
77.8
77.8
77.8
77.8
77.8
77.8
77.8
77.8
77.8
77.8
77.8
77.8
77.8
77.8
77.8
77.8
77.8
77.8
77.8
77.8
77.8
77.8
77.8
77.8
77.8
77.8
77.8
77.8
77.8
77.8
77.8
77.8
77.8
77.8
77.8
77.8
77.8
77.8
77.8
77.8
77.8
77.8
77.8
77.8
77.8
77.8
77.8
78
78.1
78.1
78.1
78.1
78.1
78.2
78.2
78.2
78.2
78.3
78.4
78.8
78.8
78.8
78.8
78.8
79
79.6
79.7
79.9
80.8
80.8
80.8
80.8
80.8
80.8
80.8
80.8
80.8
80.8
80.8
80.8
80.8
80.8
80.8
80.8
80.8
80.8
80.8
80.8
80.8
80.8
80.8
80.8
80.8
80.8
80.8
80.8
80.8
80.8
80.8
80.8
80.8
80.8
80.8
80.8
80.8
80.8
80.8
80.8
80.8
80.8
80.8
80.8
80.8
80.8
80.8
80.8
80.8
80.8
80.8
80.8
80.8
80.8
80.8
80.8
80.8
80.8
80.8
80.8
80.8
80.8
80.8
80.8
80.8
80.8
80.8
80.8
80.8
80.8
80.8
80.8
80.8
80.8
80.8
80.8
80.8
80.8
80.8
80.8
80.8
80.8
80.8
80.8
80.8
80.8
80.8
80.8
80.8
80.8
80.8
80.8
80.8
80.8
80.8
80.8
80.8
80.8
80.8
80.8
80.8
80.8
80.8
80.8
80.8
80.8
80.8
80.8
80.8
80.8
80.8
80.8
80.8
80.8
80.8
80.8
80.8
80.8
80.8
80.8
80.8
80.8
80.8
80.8
80.8
80.8
80.8
80.8
80.8
80.8
80.8
80.8
80.8
80.8
80.8
80.8
80.8
80.8
80.8
80.8
80.8
80.8
80.8
80.8
80.8
80.8
80.8
80.8
80.8
80.8
80.8
80.8
80.8
80.8
80.8
80.8
80.8
80.8
80.8
80.8
80.8
80.8
80.8
80.8
80.8
80.8
80.8
80.8
80.8
80.8
80.8
80.8
80.8
80.8
80.8
80.8
80.8
80.8
80.8
80.8
80.8
80.8
80.8
80.8
80.8
80.8
80.8
80.8
80.8
80.8
80.8
80.8
80.8
80.8
80.8
80.8
80.8
80.8
80.8
80.9
81.1
81.5
82.2
82.4
82.5
82.5
82.5
82.5
82.5
82.5
82.5
82.5
82.5
82.5
82.5
82.5
82.5
82.5
82.5
82.5
82.5
82.5
82.5
82.5
82.5
82.5
82.5
82.5
82.5
82.5
82.5
82.5
82.5
82.5
82.5
82.5
82.5
82.5
82.5
82.5
82.5
82.5
82.5
82.5
82.5
82.5
82.5
82.5
82.5
82.5
82.5
82.5
82.5
82.5
82.5
82.5
82.5
82.5
82.5
82.5
82.5
82.5
82.5
82.5
82.5
82.5
82.5
82.6
83.3
84.1
84.2
84.4
84.7
84.7
84.8
84.8
84.8
84.8
84.8
84.8
84.8
84.8
84.8
84.8
84.8
84.8
84.8
84.8
84.8
84.8
84.8
84.8
84.8
84.8
84.8
84.8
84.8
84.8
84.8
84.8
84.8
84.8
84.8
84.8
84.8
84.8
84.8
84.8
84.8
84.8
84.8
84.8
84.8
84.8
84.8
84.8
84.8
84.8
84.8
84.8
84.8
84.8
84.8
84.8
84.8
84.8
84.8
84.8
84.8
84.8
84.8
84.8
84.8
84.8
84.8
84.8
84.8
84.8
84.8
84.8
84.8
84.8
84.8
84.8
84.8
84.8
84.8
84.8
84.8
84.8
84.8
84.8
84.8
84.8
84.8
84.8
84.8
84.8
84.8
84.8
84.8
84.8
84.8
84.8
84.8
84.8
84.8
84.8
84.8
84.8
84.8
84.8
84.8
84.8
84.8
84.8
84.8
84.8
84.8
84.8
84.8
84.8
84.8
84.8
84.8
84.8
84.8
84.8
84.9
85
85.6
86.1
87.3
88
88.3
88.3
89
89
89
89
89
89
89
89
89
89
89
89
89
89
89
89
89
89
89
89
89
89
89
89
89
89
89
89
89
89
89
89
89
89
89
89
89
89
89
89
89
89
89
89
89
89
89
89
89
89
89
89
89
89
89
89
89
89
89
89
89
89
89
89
89
89
89
89
89
89
89
89
89
89
89
89
89
89
89
89
89
89
89
89
89
89
89
89
89
89
89
89
89
89
89
89
89
89
89
89
89
89
89
89
89
89
89
89
89
89
89
89
89
89
89
89
89
89
89
89
89
89
89
89
89
89
89
89
89
89
89
89
89
89
89
89
89
89
89
89
89
89
89
89
89
89
89
89
89
89
89
89
89
89
89
89
89
89
89
89
89.1
89.1
89.3
89.7
90.6
90.9
91
91
91
91
91
91
91
91
91
91
91
91
91
91
91
91
91
91
91
91
91
91
91
91
91
91
91
91
91
91
91
91
91
91
91
91
91
91
91
91
91
91
91
91
91
91
91
91
91
91
91
91
91
91
91
91
91
91
91
91
91
91
91
91
91
91
91
91
91
91
91
91
91
91
91
91
91
91
91
91
91
91
91
91
91
91
91
91
91
91
91
91
91
91
91
91
91
91
91
91
91
91
91
91
91
91
91
91
91
91
91
91
91
91.3
92.9
94.6
95.8
97.1
98.4
99.1
99.8
100.2
101.3
101.7
101.8
101.8
101.8
101.8
101.8
101.8
102
102.1
102.2
102.2
102.2
102.2
102.2
102.2
102.2
102.2
102.2
102.3
102.5
102.7
102.7
102.7
102.8
102.8
102.8
103.1
103.7
104.2
104.2
104.2
104.3
105.4
105.6
105.6
105.6
105.6
105.6
105.6
105.6
105.6
105.6
105.6
105.6
105.6
105.6
105.6
105.6
105.6
105.6
105.6
105.6
105.6
105.6
105.6
105.6
105.6
105.6
105.6
105.6
105.6
105.6
105.6
105.6
105.6
105.6
105.6
105.6
105.6
105.6
105.6
105.6
105.6
105.6
105.6
105.6
105.6
105.6
105.6
105.6
105.6
105.6
105.6
105.6
105.6
105.6
105.6
105.6
105.6
105.6
105.6
105.6
105.6
105.6
105.6
105.6
105.6
105.6
105.6
105.6
105.6
105.6
105.6
105.6
105.6
105.6
105.6
105.6
105.7
106
106.2
106.6
107.8
107.9
108.2
108.3
108.4
108.5
108.5
108.5
108.5
108.5
108.6
108.9
109.9
111.8
112.5
112.5
112.5
112.5
112.5
112.5
112.5
112.5
112.5
112.5
112.5
112.5
112.5
112.5
112.5
112.5
112.5
112.5
112.5
112.6
113.5
116.7
117.2
117.2
117.3
117.3
117.3
117.6
117.7
117.7
117.7
117.7
117.7
117.7
117.7
117.7
117.7
117.7
117.7
117.7
117.7
117.7
117.7
117.7
117.7
117.7
117.7
117.7
117.7
117.7
117.7
117.7
117.7
117.7
117.7
117.7
117.7
117.7
117.7
117.7
117.7
117.7
117.7
117.7
117.7
117.7
117.7
117.7
117.7
117.7
117.7
117.7
117.7
117.7
117.7
117.7
117.7
117.7
117.7
117.7
117.7
117.7
117.7
117.7
117.7
117.7
117.7
117.7
117.7
117.7
117.7
117.7
117.7
117.7
117.7
117.7
117.7
117.7
117.7
117.7
117.7
117.7
117.7
117.7
117.7
117.7
117.7
117.7
117.7
117.7
117.7
117.7
117.7
117.7
117.7
117.7
117.7
117.7
117.7
117.7
117.7
117.7
117.7
117.7
117.7
117.7
117.7
117.7
117.7
117.7
117.8
117.8
117.8
117.8
117.9
118.3
118.4
118.4
118.4
118.4
118.4
118.4
118.4
118.4
118.5
118.5
118.6
118.6
118.7
118.7
118.7
118.7
118.7
118.7
118.7
118.7
118.7
118.7
118.7
118.7
118.7
118.7
118.7
118.7
118.7
118.7
118.7
118.7
118.7
118.7
118.7
118.7
118.7
118.7
118.8
118.9
119
119.1
119.2
119.2
119.3
119.3
119.3
119.3
119.3
120.8
120.9
121
121
121
121
121.2
122.1
122.7
122.8
122.8
122.8
122.8
122.8
122.8
122.8
122.8
122.8
122.8
122.8
122.8
122.8
122.8
122.8
122.8
122.8
122.8
122.8
122.8
122.8
122.8
122.8
122.8
122.8
122.8
122.8
122.8
122.8
122.8
122.8
122.8
122.8
122.8
122.8
122.8
122.8
122.8
122.8
122.8
122.8
122.8
122.9
122.9
122.9
123.4
124.4
124.6
124.6
124.6
124.6
124.6
124.6
124.6
124.6
124.6
124.6
124.6
124.6
124.6
124.6
124.6
124.6
124.6
124.6
124.6
124.6
124.6
124.6
124.6
124.6
124.6
124.6
124.6
124.6
124.6
124.6
124.6
124.6
124.6
124.6
124.6
124.6
124.6
124.6
124.6
124.6
124.6
124.6
124.6
124.6
124.6
124.6
124.6
124.6
124.6
124.6
124.6
124.6
124.6
124.6
124.6
124.6
124.6
124.6
124.6
124.6
124.6
124.6
124.6
124.6
124.6
124.6
124.6
124.6
124.6
124.6
124.6
124.6
124.6
124.6
124.6
124.6
124.6
124.6
124.6
124.6
124.6
124.6
124.6
124.6
124.6
124.6
124.6
124.6
124.6
124.6
124.6
124.6
124.6
124.6
124.6
124.6
124.6
124.6
124.6
124.6
124.6
124.6
124.6
124.6
124.6
124.6
124.6
124.6
124.6
124.6
124.6
124.6
124.6
124.6
124.6
124.6
124.6
124.6
124.6
124.6
124.6
124.6
124.6
124.6
124.6
124.6
124.6
124.6
124.6
124.6
124.6
124.6
124.6
124.6
124.6
124.6
124.6
124.6
124.6
124.6
124.6
124.6
124.6
124.6
124.6
124.6
124.6
124.6
124.6
124.6
124.6
124.6
124.6
124.6
124.6
124.6
124.6
124.6
124.6
124.6
124.6
124.6
124.6
124.6
124.6
124.6
124.6
124.6
124.6
124.6
124.6
124.6
124.6
124.6
124.6
124.6
124.6
124.6
124.6
124.6
124.6
124.6
124.6
124.6
124.6
124.6
124.6
124.6
124.6
124.6
124.6
124.6
124.6
124.6
124.6
124.6
124.6
124.6
124.6
124.6
124.6
124.6
124.6
124.6
124.6
124.6
124.6
124.6
124.6
124.6
124.6
124.6
124.6
124.6
124.6
124.6
124.6
124.8
124.9
125.7
125.7
125.7
125.7
125.7
125.7
125.7
125.7
125.7
125.7
125.7
125.7
125.7
125.7
125.7
125.7
125.7
125.7
125.7
125.7
125.7
125.7
125.7
125.7
125.7
125.7
125.7
125.7
125.7
125.7
125.7
125.7
125.7
125.7
125.7
125.7
125.7
125.7
125.7
125.7
125.7
125.7
125.7
125.7
125.7
125.7
125.7
125.7
125.7
125.7
125.8
125.8
126.5
128.4
130
130.5
131.7
132.3
132.6
132.6
132.6
132.6
132.6
132.6
132.6
132.6
132.6
132.6
132.6
132.6
132.6
132.6
132.6
132.6
132.6
132.6
132.6
132.6
132.6
132.6
132.6
132.6
132.6
132.6
132.6
132.6
132.6
132.6
132.6
132.6
132.6
132.6
132.6
132.6
132.6
132.6
132.6
132.6
132.6
132.6
132.6
132.6
132.6
132.6
132.6
132.6
132.6
132.6
132.6
132.6
132.6
132.6
132.6
132.6
132.6
132.6
132.6
132.6
132.6
132.6
132.6
132.6
132.6
132.6
132.6
132.6
132.6
132.6
132.6
132.6
132.6
132.6
132.6
132.6
132.6
132.6
132.6
132.6
132.6
132.6
132.6
132.6
132.6
132.6
132.6
132.6
132.6
132.6
132.6
132.6
132.6
132.6
132.6
132.6
132.6
132.6
132.6
132.6
132.6
132.6
132.6
132.6
132.6
132.6
132.6
132.6
132.6
132.6
132.6
132.6
132.6
132.6
132.6
132.6
132.6
132.6
132.6
132.6
132.6
132.6
132.6
132.6
132.6
132.6
132.6
132.9
133.4
133.5
133.6
133.7
133.7
133.7
133.7
133.7
133.7
133.7
133.7
133.7
133.7
133.7
133.7
133.7
133.7
133.7
133.7
133.7
133.7
133.7
133.7
133.7
133.7
133.7
133.7
133.7
133.7
133.7
133.7
133.7
133.7
133.7
133.7
133.7
133.7
133.7
133.7
133.7
133.7
133.7
133.7
133.7
133.7
133.7
133.7
133.7
133.7
133.7
133.7
133.7
133.7
133.7
133.7
133.7
133.7
133.7
133.7
133.7
133.7
133.7
133.7
133.7
133.7
133.7
133.7
133.7
133.7
133.7
133.7
133.7
133.7
133.7
133.7
133.7
133.7
133.7
133.7
133.7
133.7
133.7
133.7
133.7
133.7
133.7
133.7
133.7
133.7
133.7
133.7
133.7
133.7
133.7
133.7
133.7
133.7
133.7
133.7
133.7
133.7
133.7
133.7
133.7
133.7
133.7
133.7
133.7
133.7
133.7
133.7
133.7
133.7
133.7
133.7
133.7
133.7
133.7
133.7
133.7
133.7
133.7
133.7
133.7
133.7
133.7
133.7
133.7
133.7
133.7
133.7
133.7
133.7
133.7
133.7
133.7
133.7
133.7
133.7
133.7
133.7
133.7
133.7
133.7
133.7
133.7
133.7
133.7
133.7
133.7
133.7
133.7
133.7
133.7
133.7
133.7
133.7
133.7
133.7
133.7
133.7
133.7
133.7
133.7
133.7
133.7
133.7
133.7
133.7
133.7
133.7
133.7
133.7
133.7
133.7
133.7
133.7
133.7
133.7
133.7
133.7
133.7
133.7
133.7
133.7
133.7
133.7
133.7
133.7
133.7
133.7
133.7
133.7
133.7
133.7
133.7
133.7
133.7
133.7
133.8
134.8
136.1
136.6
136.6
136.7
136.8
136.8
136.8
136.8
136.8
137.3
137.3
137.3
137.3
137.3
137.3
137.4
137.4
137.4
137.4
137.4
137.4
137.4
137.4
137.4
137.4
137.4
137.4
137.4
137.4
137.4
137.4
137.4
137.4
137.4
137.4
137.4
137.4
137.4
137.4
137.4
137.4
137.4
137.4
137.4
137.4
137.4
137.4
137.4
137.4
137.4
137.4
137.4
137.4
137.4
137.4
137.4
137.4
137.4
137.4
137.4
137.4
137.4
137.4
137.4
137.4
137.4
137.4
137.4
137.4
137.4
137.4
137.4
137.4
137.4
137.4
137.4
137.4
137.4
137.4
137.4
137.4
137.4
137.4
137.4
137.4
137.4
137.4
137.4
137.4
137.4
137.4
137.4
137.4
137.4
137.4
137.4
137.4
137.4
137.4
137.4
137.4
137.4
137.4
137.4
137.4
137.4
137.4
137.4
137.4
137.4
137.4
137.4
137.4
137.4
137.4
137.4
137.4
137.4
137.4
137.4
137.4
137.4
137.4
137.4
137.4
137.4
137.4
137.4
137.4
137.4
137.4
137.4
137.4
137.4
137.4
137.4
137.4
137.4
137.4
137.4
137.4
137.4
137.4
137.4
137.4
137.4
137.4
137.4
137.4
137.4
137.4
137.4
137.4
137.4
137.4
137.4
137.4
137.4
137.4
137.4
137.4
137.4
137.4
137.4
137.4
137.4
137.4
137.4
137.4
137.4
137.4
137.4
137.4
137.4
137.4
137.4
137.4
137.4
137.4
137.4
137.4
137.4
137.4
137.4
137.4
137.4
137.4
137.4
137.4
137.4
137.4
137.4
137.4
137.4
137.4
137.4
137.4
137.4
137.4
137.4
137.4
137.4
137.4
137.4
137.4
137.4
137.4
137.4
137.4
137.4
137.4
137.4
137.4
137.4
137.4
137.4
137.4
137.4
137.4
137.4
137.4
137.4
137.4
137.4
137.4
137.4
137.4
137.4
137.4
137.4
137.4
137.4
137.4
137.4
137.4
137.4
137.4
137.4
137.4
137.4
137.4
137.4
137.4
137.4
137.4
137.4
137.4
137.4
137.4
137.4
137.4
137.4
137.4
137.4
137.4
137.4
137.4
137.4
137.4
137.4
137.4
137.4
137.4
137.4
137.4
137.4
137.4
137.4
137.4
137.4
137.4
137.4
137.4
137.4
137.4
137.4
137.4
137.4
137.4
137.4
137.4
137.4
137.4
137.4
137.4
137.4
137.4
137.4
137.4
137.4
137.4
137.4
137.4
137.4
137.4
137.4
137.4
137.4
137.4
137.4
137.4
137.4
137.4
137.4
137.4
137.4
137.4
137.4
137.4
137.4
137.4
137.4
137.4
137.4
137.4
137.4
137.4
137.4
137.4
137.4
137.4
137.4
137.4
137.4
137.4
137.4
137.4
137.4
137.4
137.4
137.4
137.4
137.4
137.4
137.4
137.4
137.4
137.4
137.4
137.4
137.4
137.4
137.4
137.4
137.4
137.4
137.4
137.4
137.4
137.4
137.4
137.4
137.4
137.4
137.4
137.4
137.4
137.4
137.4
137.4
137.4
137.4
137.4
137.4
137.4
137.4
137.4
137.4
137.4
137.4
137.4
137.4
137.4
137.4
137.4
137.4
137.4
137.4
137.4
137.4
137.4
137.4
137.4
137.4
137.4
137.4
137.4
137.4
137.4
137.4
137.4
137.4
137.4
137.4
137.4
137.4
137.4
137.4
137.4
137.4
137.4
137.4
137.4
137.4
137.4
137.4
137.4
137.4
137.4
137.4
137.4
137.4
137.4
137.4
137.4
137.4
137.4
137.4
137.4
137.4
137.4
137.4
137.4
137.4
137.4
137.4
137.4
137.4
137.4
137.4
137.4
137.4
137.4
137.4
137.4
137.4
137.4
137.4
137.4
137.4
137.4
137.4
137.4
137.4
137.4
137.4
137.4
137.4
137.4
137.4
137.4
137.4
137.4
137.4
137.4
137.4
137.4
137.4
137.4
137.4
137.4
137.4
137.4
137.4
137.4
137.4
137.4
137.4
137.4
137.4
137.4
137.4
137.4
137.4
137.4
137.4
137.4
137.4
137.4
137.4
137.4
137.4
137.4
137.4
137.4
137.4
137.4
137.4
137.4
137.4
137.4
137.4
137.4
137.4
137.4
137.4
137.4
137.4
137.4
137.4
137.4
137.4
137.4
137.4
137.4
137.4
137.4
137.4
137.4
137.4
137.4
137.4
137.4
137.4
137.6
137.6
137.6
137.8
138.5
138.5
138.5
138.5
138.5
138.5
138.5
138.5
138.5
138.5
138.5
138.5
138.5
138.5
138.5
138.5
138.5
138.5
138.5
138.5
138.5
138.5
138.5
138.5
138.5
138.5
138.5
138.5
138.5
138.5
138.5
138.5
138.5
138.5
138.5
138.5
138.5
138.5
138.5
138.5
138.5
138.5
138.5
138.5
138.5
138.5
138.5
138.5
138.5
138.5
138.5
138.5
138.5
138.5
138.5
138.5
138.5
138.5
138.5
138.5
138.5
138.5
138.5
138.5
138.5
138.5
138.5
138.5
138.5
138.5
138.5
138.5
138.5
138.5
138.5
138.5
138.5
138.5
138.5
138.5
138.5
138.5
138.5
138.5
138.5
138.5
138.5
138.5
138.5
138.5
138.5
138.5
138.5
138.5
138.5
138.5
138.5
138.5
138.5
138.5
138.5
138.5
138.5
138.5
138.5
138.5
138.5
138.5
138.5
138.5
138.5
138.5
138.5
138.5
138.5
138.5
138.5
138.5
138.5
138.5
138.5
138.5
138.5
138.5
138.5
138.5
138.5
138.5
138.5
138.5
138.5
138.5
138.5
138.5
138.5
138.5
138.5
138.5
138.5
138.5
138.5
138.6
139
139.8
142
145.6
147.5
147.8
147.8
147.8
147.9
147.9
147.9
147.9
147.9
147.9
147.9
147.9
147.9
147.9
147.9
147.9
147.9
147.9
147.9
147.9
147.9
147.9
147.9
147.9
147.9
147.9
147.9
147.9
147.9
147.9
147.9
147.9
147.9
147.9
147.9
147.9
147.9
147.9
147.9
147.9
147.9
147.9
147.9
147.9
147.9
147.9
147.9
147.9
147.9
147.9
147.9
147.9
147.9
147.9
147.9
148
148.1
149.3
149.9
150
150.1
150.2
150.2
150.2
150.2
150.2
150.2
150.2
150.2
150.2
150.2
150.2
150.2
150.2
150.2
150.2
150.2
150.2
150.2
150.2
150.2
150.2
150.2
150.2
150.2
150.2
150.2
150.2
150.2
150.2
150.2
150.2
150.2
150.2
150.2
150.2
150.2
150.2
150.2
150.2
150.2
150.2
150.2
150.2
150.2
150.2
150.2
150.2
150.2
150.2
150.2
150.2
150.2
150.2
150.2
150.2
150.2
150.2
150.2
150.2
150.2
150.2
150.2
150.2
150.2
150.2
150.2
150.2
150.2
150.2
150.2
150.2
150.2
150.2
150.2
150.2
150.2
150.2
150.2
150.2
150.2
154.1
158.3
159.8
160.5
160.5
160.5
160.5
160.5
160.5
160.5
160.5
160.5
160.5
160.5
160.5
160.5
160.5
160.5
160.5
160.5
160.5
160.5
160.5
160.5
160.5
160.5
161
161
161.1
161.2
161.7
162
162
162
162.3
162.5
162.6
162.6
162.6
162.6
162.6
162.6
162.6
162.6
162.6
162.6
162.6
162.6
162.6
162.6
162.6
162.6
162.6
162.6
162.6
162.6
162.6
162.6
162.6
162.6
162.6
162.6
162.6
162.6
162.6
162.6
162.6
162.6
162.6
162.6
162.6
162.6
162.6
162.6
162.6
162.6
162.6
162.6
162.6
162.6
162.6
162.6
162.6
162.6
162.6
162.6
162.6
162.6
162.6
162.6
162.6
162.6
162.6
162.6
162.6
162.6
162.6
162.6
162.6
162.6
162.6
162.6
162.6
162.6
162.6
162.6
162.6
162.6
162.6
162.6
162.6
162.6
162.6
162.6
162.6
162.6
162.6
162.6
162.6
162.6
162.6
162.6
162.6
162.6
162.6
162.6
162.6
162.6
162.6
162.6
162.6
162.6
162.6
162.6
162.6
162.6
162.6
162.6
162.6
162.6
162.6
162.6
162.6
162.6
162.6
162.6
162.6
162.6
162.6
162.6
162.6
162.6
162.6
162.6
162.6
162.6
162.6
162.6
162.6
162.6
162.6
162.6
162.6
162.6
162.6
162.6
162.6
162.6
162.6
162.6
162.6
162.6
162.6
162.6
162.6
162.6
162.6
162.6
162.7
162.7
162.7
162.7
162.9
162.9
162.9
163
163.1
163.2
163.3
163.7
166
167.4
167.4
167.5
167.9
168.8
173.8
173.9
173.9
173.9
173.9
173.9
173.9
173.9
173.9
173.9
173.9
173.9
173.9
173.9
173.9
173.9
173.9
173.9
173.9
173.9
173.9
173.9
173.9
173.9
173.9
173.9
173.9
173.9
173.9
173.9
173.9
173.9
173.9
173.9
173.9
173.9
173.9
173.9
173.9
173.9
173.9
173.9
173.9
173.9
173.9
173.9
173.9
173.9
173.9
173.9
173.9
173.9
173.9
173.9
173.9
173.9
173.9
173.9
173.9
173.9
173.9
173.9
173.9
173.9
173.9
173.9
173.9
173.9
173.9
173.9
173.9
173.9
173.9
173.9
173.9
173.9
173.9
173.9
173.9
173.9
173.9
173.9
173.9
173.9
173.9
173.9
173.9
173.9
173.9
173.9
173.9
173.9
173.9
173.9
173.9
173.9
173.9
173.9
173.9
173.9
173.9
173.9
173.9
173.9
173.9
173.9
173.9
173.9
173.9
173.9
173.9
173.9
173.9
173.9
173.9
173.9
173.9
173.9
173.9
173.9
173.9
173.9
173.9
173.9
173.9
173.9
173.9
173.9
173.9
173.9
173.9
173.9
173.9
173.9
173.9
173.9
173.9
173.9
173.9
173.9
173.9
174
174.1
175.1
175.2
175.3
175.3
175.3
175.3
175.3
175.3
175.4
175.4
175.9
175.9
175.9
175.9
175.9
175.9
175.9
175.9
175.9
175.9
175.9
175.9
176
176.1
176.1
176.7
177
177
177
177
177
177
177.1
177.4
177.5
177.5
177.5
177.5
177.5
177.5
177.5
177.5
177.5
177.5
177.5
177.5
177.5
177.5
177.5
177.5
177.5
177.5
177.5
177.5
177.5
177.5
177.5
177.5
177.5
177.5
177.5
177.5
177.5
177.5
177.5
177.5
177.5
177.5
177.5
177.5
177.5
177.5
177.5
177.5
177.5
177.5
177.5
177.5
177.5
177.5
177.5
177.5
177.5
177.5
177.5
177.5
177.5
177.5
177.5
177.5
177.5
177.5
177.5
177.5
177.5
177.5
177.5
177.5
177.5
177.5
177.5
177.5
177.5
177.5
177.5
177.5
177.5
177.5
177.5
177.5
177.5
177.5
177.5
177.5
177.5
177.5
177.5
177.5
177.5
177.5
177.5
177.5
177.5
177.5
177.5
177.5
177.5
177.5
177.5
177.5
177.5
177.5
177.5
177.5
177.5
177.5
177.5
177.5
177.5
177.5
177.5
177.5
177.5
177.5
177.5
177.5
177.5
177.5
177.5
177.5
177.5
177.5
177.5
177.5
177.5
177.5
177.5
177.5
177.5
177.5
177.5
177.5
177.5
177.5
177.5
177.5
177.5
177.5
177.5
177.5
177.5
177.5
177.5
177.5
177.5
177.5
177.5
177.5
177.5
177.5
177.5
177.5
177.5
177.5
177.5
177.5
177.5
177.5
177.5
177.5
177.5
177.5
177.5
177.5
177.5
177.5
177.5
177.5
177.5
177.5
177.5
177.5
177.5
177.5
177.5
177.5
177.5
177.5
177.5
177.5
177.5
177.5
177.5
177.5
177.5
177.5
177.5
177.5
177.5
177.5
177.5
177.5
177.5
177.5
177.5
177.5
177.5
177.5
177.5
177.5
177.5
177.5
177.5
177.5
177.5
177.5
177.5
177.5
177.5
177.5
177.5
177.5
177.5
177.5
177.5
177.5
177.5
177.5
177.5
177.5
177.5
177.5
177.5
177.5
177.5
177.5
177.5
177.5
177.5
177.5
177.5
177.5
177.5
177.5
177.5
177.5
177.5
177.5
177.5
177.5
177.5
177.5
177.5
177.5
177.5
177.5
177.5
177.5
177.5
177.5
177.5
177.5
177.5
177.5
177.5
177.5
177.5
177.5
177.5
177.5
177.5
177.5
177.5
177.5
177.5
177.5
177.5
177.5
177.5
177.5
177.5
177.5
177.5
177.5
177.5
177.5
177.5
177.5
177.5
177.5
177.5
177.5
177.5
177.5
177.5
177.5
177.5
177.5
177.5
177.5
177.5
177.5
177.5
177.5
177.5
177.5
177.5
177.5
177.5
177.5
177.5
177.5
177.5
177.5
177.5
177.5
177.5
177.5
177.5
177.5
177.5
177.5
177.5
177.5
177.5
177.5
177.5
177.5
177.5
177.5
177.5
177.5
177.5
177.5
177.5
177.5
177.5
177.5
177.5
177.5
177.5
177.5
177.5
177.5
177.5
177.5
177.5
177.5
177.5
177.5
177.5
177.5
177.5
177.5
177.5
177.5
177.5
177.5
177.5
177.5
177.5
177.5
177.5
177.5
177.5
177.5
177.5
177.5
177.5
177.5
177.5
177.5
177.5
177.5
177.5
177.5
177.5
177.5
177.5
177.5
177.5
177.5
177.5
177.5
177.5
177.5
177.5
177.5
177.5
177.5
177.5
177.5
177.5
177.5
177.5
177.5
177.5
177.5
177.5
177.5
177.5
177.5
177.5
177.5
177.5
177.5
177.5
177.5
177.5
177.5
177.5
177.5
177.5
177.5
177.5
177.5
177.5
177.5
177.5
177.5
177.5
177.5
177.5
177.5
177.5
177.5
177.5
177.5
177.5
177.5
177.5
177.5
177.5
177.5
177.5
177.5
177.5
177.5
177.5
177.5
177.5
177.5
177.5
177.5
177.5
177.5
177.5
177.5
177.5
177.5
177.5
177.5
177.5
177.5
177.5
177.5
177.5
177.5
177.5
177.5
177.5
177.5
177.5
177.5
177.5
177.5
177.5
177.5
177.5
177.5
177.5
177.5
177.5
177.5
177.5
177.5
177.5
177.5
177.5
177.5
177.5
177.5
177.5
177.5
177.5
177.5
177.5
177.5
177.5
177.5
177.6
177.6
177.6
177.6
177.6
177.9
178.7
178.7
178.7
178.7
178.7
178.7
178.7
178.7
178.7
178.7
178.7
178.7
178.7
178.7
178.7
178.7
178.7
178.7
178.7
178.7
178.7
178.7
178.7
178.7
178.7
178.7
178.7
178.7
178.7
178.7
178.7
178.7
178.7
178.7
178.7
178.7
178.7
178.7
178.7
178.7
178.7
178.7
178.7
178.7
178.7
178.7
178.7
178.7
178.7
178.7
178.7
178.7
178.7
178.7
178.7
178.7
178.7
178.7
178.7
178.7
178.7
178.7
178.7
178.7
178.7
178.7
178.7
178.7
178.7
178.7
178.7
178.7
178.7
178.7
178.7
178.7
178.7
178.7
178.7
178.7
178.7
178.7
178.7
178.7
178.7
178.7
178.7
178.7
178.7
178.7
178.7
178.7
178.7
178.7
178.7
178.7
178.7
178.7
178.7
178.7
178.7
178.7
178.7
178.7
178.7
178.7
178.7
178.7
178.7
178.7
178.7
178.7
178.7
178.7
178.7
178.7
178.7
178.7
178.7
178.7
178.7
178.7
178.7
178.7
178.7
178.7
178.7
178.7
178.7
178.7
178.7
178.7
178.7
178.7
178.7
178.7
178.7
178.7
178.7
178.7
178.7
178.7
178.7
178.7
178.7
178.7
178.7
178.7
178.7
178.7
178.7
178.7
178.7
178.7
178.7
178.7
178.7
178.7
178.7
178.7
178.7
178.7
178.7
178.7
178.7
178.7
178.7
178.7
178.7
178.7
178.7
178.7
178.7
178.7
178.7
178.7
178.7
178.7
178.7
178.7
178.7
178.7
178.7
178.7
178.7
178.7
178.7
178.7
178.7
178.7
178.7
178.7
178.7
178.7
178.7
178.7
178.7
178.7
178.7
178.7
178.7
178.7
178.7
178.7
178.7
178.7
178.7
178.7
178.7
178.7
178.7
178.7
178.7
178.7
178.7
178.7
178.7
178.7
178.7
178.7
178.7
178.7
178.7
178.7
178.7
178.7
178.7
178.7
178.7
178.7
178.7
178.7
178.7
178.7
178.7
178.7
178.7
178.7
178.7
178.7
178.7
178.7
178.7
178.7
178.7
178.7
178.7
178.7
178.7
178.7
178.7
178.7
178.7
178.7
178.7
178.7
178.7
178.7
178.7
178.7
178.7
178.7
178.7
178.7
178.7
178.7
178.7
178.7
178.7
178.7
178.7
178.7
178.7
178.7
178.7
178.7
178.7
178.7
178.7
178.7
178.7
178.7
178.7
178.7
178.7
178.7
178.7
178.7
178.7
178.7
178.7
178.7
178.7
178.7
178.7
178.7
178.7
178.7
178.7
178.7
178.7
178.7
178.7
178.7
178.7
178.7
178.7
178.7
178.7
178.7
178.7
178.7
178.7
178.7
178.7
178.7
178.7
178.7
178.7
178.7
178.7
178.7
178.7
178.7
178.7
178.7
178.7
178.7
178.7
178.7
178.7
178.7
178.7
178.7
178.7
178.7
178.7
178.7
178.7
178.7
178.7
178.7
178.7
178.7
178.7
178.7
178.7
178.7
178.7
178.7
178.7
178.7
178.7
178.7
178.7
178.7
178.7
178.7
178.7
178.7
178.7
178.7
178.7
178.7
178.7
178.7
178.7
178.7
178.7
178.7
178.7
178.7
178.7
178.7
178.7
178.7
178.7
178.7
178.7
178.7
178.7
178.7
178.7
178.7
178.7
178.7
178.7
178.7
178.7
178.7
178.7
178.7
178.7
178.7
178.7
178.7
178.7
178.7
178.7
178.7
178.7
178.7
178.7
178.7
178.7
178.7
178.7
178.7
178.7
178.7
178.7
178.7
178.7
178.7
178.7
178.7
178.7
178.7
178.7
178.7
178.7
178.7
178.7
178.7
178.7
178.7
178.7
178.7
178.7
178.7
178.7
178.7
178.7
178.7
178.7
178.7
178.7
178.7
178.7
178.7
178.7
178.7
178.7
178.7
178.7
178.7
178.7
178.7
178.7
178.7
178.7
178.7
178.7
178.7
178.7
178.7
178.7
178.7
178.7
178.7
178.7
178.7
178.7
178.7
178.7
178.7
178.7
178.7
178.7
178.7
178.7
178.7
178.7
178.7
178.7
178.7
178.7
178.7
178.7
178.7
178.7
178.7
178.7
178.7
178.7
178.7
178.7
178.7
178.7
178.7
178.7
178.7
178.7
178.7
178.7
178.7
178.7
178.7
178.7
178.8
178.8
178.8
178.8
178.8
178.8
178.8
178.8
179.3
183.3
186.4
186.7
186.7
186.7
186.7
186.7
186.7
186.7
186.7
186.7
186.7
186.7
186.7
186.7
186.7
186.7
186.7
186.7
186.7
186.7
186.7
186.7
186.7
186.7
186.7
186.7
186.7
186.7
186.7
186.7
186.7
186.7
186.7
186.7
186.7
186.7
186.7
186.7
186.7
186.7
186.7
186.7
186.7
186.7
186.7
186.7
186.7
186.7
186.7
186.7
186.7
186.7
186.7
186.7
186.7
186.7
186.7
186.7
186.7
186.7
186.7
186.7
186.7
186.7
186.7
186.7
186.7
186.7
186.7
186.7
186.7
186.7
186.7
186.7
186.7
186.7
186.7
186.7
186.7
186.7
186.7
186.7
186.7
186.7
186.7
186.7
186.7
186.7
186.7
186.7
186.7
186.7
186.7
186.7
186.7
186.7
186.7
186.7
186.7
186.7
186.7
186.7
186.7
186.7
186.7
186.7
186.7
186.7
186.7
186.7
186.7
186.7
186.7
186.7
186.7
186.7
186.7
186.7
186.7
186.7
186.7
186.7
186.7
186.7
186.7
186.7
186.7
186.7
186.7
186.7
186.7
186.7
186.7
186.7
186.7
186.7
186.7
186.7
186.7
186.7
186.7
186.7
186.7
186.7
186.7
186.7
186.7
186.7
186.7
186.7
186.7
186.7
186.7
186.7
186.7
186.7
186.7
186.7
186.7
186.7
186.7
186.7
186.7
186.7
186.7
186.7
186.7
186.7
186.7
186.7
186.7
186.7
186.7
186.7
186.7
186.7
186.7
186.7
186.7
186.7
186.7
186.7
186.7
186.7
186.7
186.7
186.7
186.7
186.7
186.7
186.7
186.7
186.7
186.7
186.7
186.7
186.7
186.7
186.7
186.7
186.7
186.7
186.7
186.7
186.7
186.7
186.7
186.7
186.7
186.7
186.7
186.7
186.7
186.7
186.7
186.7
186.7
186.7
186.7
186.7
186.7
186.7
186.7
186.7
186.7
186.7
186.7
186.7
186.7
186.7
186.7
186.7
186.7
186.7
186.7
186.7
186.7
186.7
186.7
186.7
186.7
186.7
186.7
186.7
186.7
186.7
186.7
186.7
186.7
186.7
186.7
186.7
186.7
186.7
186.7
186.7
186.7
186.7
186.7
186.7
186.7
186.7
186.7
186.7
186.7
186.7
186.7
186.7
186.7
186.7
186.7
186.7
186.7
186.7
186.7
186.7
186.7
186.7
186.7
186.7
186.7
186.7
186.7
186.7
186.7
186.7
186.7
186.7
186.7
186.7
186.7
186.7
186.7
186.7
186.7
186.7
186.7
186.7
186.7
186.7
186.7
186.7
186.7
186.7
186.7
186.7
186.7
186.7
186.7
186.7
186.7
186.7
186.7
186.7
186.7
186.7
186.7
186.7
186.7
186.7
186.7
186.7
186.7
186.7
186.7
186.7
186.7
186.7
186.7
186.7
186.7
186.7
186.7
186.7
186.7
186.7
186.7
186.7
186.7
186.7
186.7
186.7
186.7
186.7
186.7
186.7
186.7
186.7
186.7
186.7
186.7
186.7
186.7
186.7
186.7
186.7
186.7
186.7
186.7
186.7
186.7
186.7
186.7
186.7
186.7
186.7
186.7
186.7
186.7
186.7
186.7
186.7
186.7
186.7
186.7
186.7
186.7
186.7
186.7
186.7
186.7
186.7
186.7
186.7
186.7
186.7
186.7
186.7
186.7
186.7
186.7
186.7
186.7
186.7
186.7
186.7
186.7
186.7
186.7
186.7
186.7
186.7
186.7
186.7
186.7
186.7
186.7
186.7
186.7
186.7
186.7
186.7
186.7
186.7
186.7
186.7
186.7
186.7
186.7
186.7
186.7
186.7
186.7
186.7
186.7
186.7
186.7
186.7
186.7
186.7
186.7
186.7
186.7
186.7
186.7
186.7
186.7
186.7
186.7
186.7
186.7
186.7
186.7
186.7
186.7
186.7
186.7
186.7
186.7
186.7
186.7
186.7
186.7
186.7
186.7
186.7
186.7
186.7
186.7
186.7
186.7
186.7
186.7
186.7
186.7
186.7
186.7
186.7
186.7
186.7
186.7
186.7
186.7
186.7
186.7
186.7
186.7
186.7
186.7
186.7
186.7
186.7
186.7
186.7
186.7
186.7
186.7
186.7
186.7
186.7
186.7
186.7
186.7
186.7
186.7
186.7
186.7
186.7
186.7
186.7
186.7
186.7
186.7
186.7
186.7
186.7
186.7
186.7
186.7
186.7
186.7
186.7
186.7
186.7
186.7
186.7
186.7
186.7
186.7
186.7
186.7
186.7
186.7
186.7
186.7
186.7
186.7
186.7
186.7
186.7
186.7
186.7
186.7
186.7
186.7
186.7
186.7
186.7
186.7
186.7
186.7
186.7
186.7
186.7
186.7
186.7
186.7
186.7
186.7
186.7
186.7
186.7
186.7
186.7
186.7
186.7
186.7
186.7
186.7
186.7
186.7
186.7
186.7
186.7
186.7
186.7
186.7
186.7
186.7
186.7
186.7
186.7
186.7
186.7
186.7
186.7
186.7
186.7
186.7
186.7
186.7
186.7
186.7
186.7
186.7
186.7
186.7
186.7
186.7
186.7
186.7
186.7
186.7
186.7
186.7
186.7
186.7
186.7
186.7
186.7
186.7
186.7
186.7
186.7
186.7
186.7
186.7
186.7
186.7
186.7
186.7
186.7
186.7
186.7
186.7
186.7
186.7
186.7
186.7
186.7
186.7
186.7
186.7
186.7
186.7
186.7
186.7
186.7
186.7
186.7
186.7
186.7
186.7
186.7
186.7
186.7
186.7
186.7
186.7
186.7
186.7
186.7
186.7
186.7
186.7
186.7
186.7
186.7
186.7
186.7
186.7
186.7
186.7
186.7
186.7
186.7
186.7
186.7
186.7
186.7
186.7
186.7
186.7
186.7
186.7
186.7
186.7
186.7
186.7
186.7
186.7
186.7
186.7
186.7
186.7
186.7
186.7
186.7
186.7
186.7
186.7
186.7
186.7
186.7
186.7
186.7
186.7
186.7
186.7
186.7
186.7
186.7
186.7
186.7
186.7
186.7
186.7
186.7
186.7
186.7
186.7
186.7
186.7
186.7
186.7
186.7
186.7
186.7
186.7
186.7
186.7
186.7
186.7
186.7
186.7
186.7
186.7
186.7
186.7
186.7
186.7
186.7
186.7
186.7
186.7
186.7
186.7
186.7
186.7
186.7
186.7
186.7
186.7
186.7
186.7
186.7
186.7
186.7
186.7
186.7
186.7
186.7
186.7
186.7
186.7
186.7
186.7
186.7
186.7
186.7
186.7
186.7
186.7
186.7
186.7
186.7
186.7
186.7
186.7
186.7
186.7
186.7
186.7
186.7
186.7
186.7
186.7
186.7
186.7
186.7
186.7
186.7
186.7
186.7
186.7
186.7
186.7
186.7
186.7
186.7
186.7
186.7
186.7
186.7
186.7
186.7
186.7
186.7
186.7
186.7
186.7
186.7
186.7
186.7
186.7
186.7
186.7
186.7
186.7
186.7
186.7
186.7
186.7
186.7
186.7
186.7
186.7
186.7
186.7
186.7
186.7
186.7
186.7
186.7
186.7
186.7
186.7
186.7
186.7
186.7
186.7
186.7
186.7
186.7
187.4
187.5
187.5
187.5
187.6
187.6
187.6
187.6
187.6
187.6
187.6
187.6
187.6
187.6
187.6
187.6
187.6
187.6
187.6
187.6
187.6
187.6
187.6
187.6
187.6
187.6
187.6
187.6
187.6
187.6
187.6
187.6
187.6
187.6
187.6
187.6
187.6
187.6
187.6
187.6
187.6
187.6
187.6
187.6
187.6
187.6
187.6
187.6
187.6
187.6
187.6
187.6
187.6
187.6
187.6
187.6
187.6
187.6
187.6
187.6
187.6
187.6
187.6
187.6
187.6
187.6
187.6
187.6
187.6
187.6
187.6
187.6
187.6
187.6
187.6
187.6
187.6
187.6
187.6
187.6
187.6
187.6
187.6
187.6
187.6
187.6
187.6
187.6
187.6
187.6
187.6
187.6
187.6
187.6
187.6
187.6
187.6
187.6
187.6
187.6
187.6
187.6
187.6
187.6
187.6
187.6
187.6
187.6
187.6
187.6
187.6
187.6
187.6
187.6
187.6
187.6
187.6
187.6
187.6
187.6
187.6
187.6
187.6
187.6
187.6
187.6
187.6
187.6
187.6
187.6
187.6
187.6
187.6
187.6
187.6
187.6
187.6
187.6
187.6
187.6
187.6
187.6
187.6
187.6
187.6
187.6
187.6
187.6
187.6
187.6
187.6
187.6
187.6
187.6
187.6
187.6
187.6
187.6
187.6
187.6
187.6
187.6
187.6
187.6
187.6
187.6
187.6
187.6
187.6
187.6
187.6
187.6
187.6
187.6
187.6
187.6
187.6
187.6
187.6
187.6
187.6
187.6
187.6
187.6
187.6
187.6
187.6
187.6
187.6
187.6
187.6
187.6
187.6
187.6
187.6
187.6
187.6
187.6
187.6
187.6
187.6
187.6
187.6
187.6
187.6
187.6
187.6
187.6
187.6
187.6
187.6
187.6
187.6
187.6
187.6
187.6
187.6
187.6
187.6
187.6
187.6
187.6
187.6
187.6
187.6
187.6
187.6
187.6
187.6
187.6
187.6
187.6
187.6
187.6
187.6
187.6
187.6
187.6
187.6
187.6
187.6
187.6
187.6
187.6
187.6
187.6
187.6
187.6
187.6
187.6
187.6
187.6
187.6
187.6
187.6
187.6
187.6
187.6
187.6
187.6
187.6
187.6
187.6
187.6
187.6
187.6
187.6
187.6
187.6
187.6
187.6
187.6
187.6
187.6
187.6
187.6
187.6
187.6
187.6
187.6
187.6
187.6
187.6
187.6
187.6
187.6
187.6
187.6
187.6
187.6
187.6
187.6
187.6
187.6
187.6
187.6
187.6
187.6
187.6
187.6
187.6
187.6
187.6
187.6
187.6
187.6
187.6
187.6
187.6
187.6
187.6
187.6
187.6
187.6
187.6
187.6
187.6
187.6
187.6
187.6
187.6
187.6
187.6
187.6
187.6
187.6
187.6
187.6
187.6
187.6
187.6
187.6
187.6
187.6
187.6
187.6
187.6
187.6
187.6
187.6
187.6
187.6
187.6
187.6
187.6
187.6
187.6
187.6
187.6
187.6
187.6
187.6
187.6
187.6
187.6
187.6
187.6
187.6
187.6
187.6
187.6
187.6
187.6
187.6
187.6
187.6
187.6
187.6
187.6
187.6
187.6
187.6
187.6
187.6
187.6
187.6
187.6
187.6
187.6
187.6
187.6
187.6
187.6
187.6
187.6
187.6
187.6
187.6
187.6
187.6
187.6
187.6
187.6
187.6
187.6
187.6
187.6
187.6
187.6
187.6
187.6
187.6
187.6
187.6
187.6
187.6
187.6
187.6
187.6
187.6
187.6
187.6
187.6
187.6
187.6
187.6
187.6
187.6
187.6
187.6
187.6
187.6
187.6
187.6
187.6
187.6
187.6
187.6
187.6
187.6
187.6
187.6
187.6
187.6
187.6
187.6
187.6
187.6
187.6
187.6
187.6
187.6
187.6
187.6
187.6
187.6
187.6
187.6
187.6
187.6
187.6
187.6
187.6
187.6
187.6
187.6
187.6
187.6
187.6
187.6
187.6
187.6
187.6
187.6
187.6
187.6
187.6
187.6
187.6
187.6
187.6
187.6
187.6
187.6
187.6
187.6
187.6
187.6
187.6
187.6
187.6
187.6
187.6
187.6
187.6
187.6
187.6
187.6
187.6
187.6
187.6
187.6
187.6
187.6
187.6
187.6
187.6
187.6
187.6
187.6
187.6
187.6
187.6
187.6
187.6
187.6
187.6
187.6
187.6
187.6
187.6
187.6
187.6
187.6
187.6
187.6
187.6
187.6
187.6
187.6
187.6
187.6
187.6
187.6
187.6
187.6
187.6
187.6
187.6
187.6
187.6
187.6
187.6
187.6
187.6
187.6
187.6
187.6
187.6
187.6
187.6
187.6
187.6
187.6
187.6
187.6
187.6
187.6
187.6
187.6
187.6
187.6
187.6
187.6
187.6
187.6
187.6
187.6
187.6
187.6
187.6
187.6
187.6
187.6
187.6
187.6
187.6
187.6
187.6
187.6
187.6
187.6
187.6
187.6
187.6
187.6
187.6
187.6
187.6
187.6
187.6
187.6
187.6
187.6
187.6
187.6
187.6
187.6
187.6
187.6
187.6
187.6
187.6
187.6
187.6
187.6
187.6
187.6
187.7
187.8
187.8
187.8
187.8
187.9
189.5
190.5
190.6
190.6
190.6
190.6
190.7
195.4
203.6
206.7
207.4
207.7
207.7
207.7
207.7
207.8
209.2
212.4
213.1
213.2
213.5
213.9
215.5
217.4
217.9
217.9
217.9
217.9
217.9
217.9
217.9
217.9
217.9
217.9
217.9
217.9
217.9
217.9
217.9
217.9
217.9
217.9
217.9
217.9
217.9
217.9
217.9
217.9
217.9
217.9
217.9
217.9
217.9
217.9
217.9
217.9
217.9
217.9
217.9
217.9
217.9
217.9
217.9
217.9
217.9
217.9
217.9
217.9
217.9
217.9
217.9
217.9
217.9
217.9
217.9
217.9
217.9
217.9
217.9
217.9
217.9
217.9
217.9
217.9
217.9
217.9
217.9
217.9
217.9
217.9
217.9
217.9
217.9
217.9
217.9
217.9
217.9
217.9
217.9
217.9
217.9
217.9
217.9
217.9
217.9
217.9
217.9
217.9
217.9
217.9
217.9
217.9
217.9
217.9
217.9
217.9
217.9
217.9
217.9
217.9
217.9
217.9
217.9
217.9
217.9
217.9
217.9
217.9
217.9
217.9
217.9
217.9
217.9
217.9
217.9
217.9
217.9
217.9
217.9
217.9
217.9
217.9
217.9
217.9
217.9
217.9
217.9
217.9
217.9
217.9
217.9
217.9
217.9
217.9
217.9
217.9
217.9
217.9
217.9
217.9
217.9
217.9
217.9
217.9
217.9
217.9
217.9
217.9
217.9
217.9
217.9
217.9
217.9
217.9
217.9
217.9
217.9
217.9
217.9
217.9
217.9
217.9
217.9
217.9
217.9
217.9
217.9
217.9
217.9
217.9
217.9
217.9
217.9
217.9
217.9
217.9
217.9
217.9
217.9
217.9
217.9
217.9
217.9
217.9
217.9
217.9
217.9
217.9
217.9
217.9
217.9
217.9
217.9
217.9
217.9
217.9
217.9
217.9
217.9
217.9
217.9
217.9
217.9
217.9
217.9
217.9
217.9
217.9
217.9
217.9
217.9
217.9
217.9
217.9
217.9
217.9
217.9
217.9
217.9
217.9
217.9
217.9
217.9
217.9
217.9
217.9
217.9
217.9
217.9
217.9
217.9
217.9
217.9
217.9
217.9
217.9
217.9
217.9
217.9
217.9
217.9
217.9
217.9
217.9
217.9
217.9
217.9
217.9
217.9
217.9
217.9
217.9
217.9
217.9
217.9
217.9
217.9
217.9
217.9
217.9
217.9
217.9
217.9
217.9
217.9
217.9
217.9
217.9
217.9
217.9
217.9
217.9
217.9
217.9
217.9
217.9
217.9
217.9
217.9
217.9
217.9
217.9
217.9
217.9
217.9
217.9
217.9
217.9
217.9
217.9
217.9
217.9
217.9
217.9
217.9
217.9
217.9
217.9
217.9
217.9
217.9
217.9
217.9
217.9
217.9
217.9
217.9
217.9
217.9
217.9
217.9
217.9
217.9
217.9
217.9
217.9
217.9
218.1
219
219.8
220.4
222
223.5
223.8
223.8
223.8
224.1
224.1
224.1
224.4
226.7
226.8
227.4
227.4
227.4
227.5
227.6
227.6
227.6
227.6
227.6
227.6
227.6
227.6
227.6
227.6
227.6
227.6
227.6
227.6
227.6
227.6
227.6
227.6
227.6
227.6
227.6
227.6
227.6
227.6
227.6
227.6
227.6
227.6
227.6
227.6
227.6
227.6
227.6
227.6
227.6
227.6
227.6
227.6
227.6
227.6
227.6
227.6
227.6
227.6
227.6
227.6
227.6
227.6
227.6
227.6
227.6
227.6
227.6
227.6
227.6
227.6
227.6
227.6
227.6
227.6
227.6
227.6
227.6
227.6
227.6
227.6
227.6
227.6
227.6
227.6
227.6
227.6
227.6
227.6
227.6
227.6
227.6
227.6
227.6
227.6
227.6
227.6
227.6
227.6
227.6
227.6
227.6
227.6
227.6
227.6
227.6
227.6
227.6
227.6
227.6
227.6
227.6
227.6
227.6
227.6
227.6
227.6
227.6
227.6
227.6
227.6
227.6
227.6
227.6
227.6
227.6
227.6
227.6
227.6
227.6
227.6
227.6
227.6
227.6
227.6
227.6
227.6
227.6
227.6
227.6
227.6
227.6
227.6
227.6
227.6
227.6
227.6
227.6
227.6
227.7
227.7
227.8
227.8
227.9
228.1
229.2
230.2
230.3
230.3
230.3
230.3
230.3
230.3
230.3
230.4
230.4
230.4
230.4
230.4
230.4
230.4
230.4
230.7
231.9
231.9
231.9
231.9
231.9
231.9
231.9
231.9
231.9
231.9
231.9
231.9
231.9
231.9
231.9
231.9
231.9
231.9
231.9
231.9
231.9
231.9
231.9
231.9
231.9
231.9
231.9
231.9
231.9
231.9
231.9
231.9
231.9
231.9
231.9
231.9
231.9
231.9
231.9
231.9
231.9
231.9
231.9
231.9
231.9
231.9
231.9
231.9
231.9
231.9
231.9
231.9
231.9
231.9
231.9
231.9
231.9
231.9
231.9
231.9
231.9
231.9
231.9
231.9
231.9
231.9
231.9
231.9
231.9
231.9
231.9
231.9
231.9
231.9
231.9
231.9
231.9
231.9
231.9
231.9
231.9
231.9
231.9
231.9
231.9
231.9
231.9
231.9
231.9
231.9
231.9
231.9
231.9
231.9
231.9
231.9
231.9
231.9
231.9
231.9
231.9
231.9
231.9
231.9
231.9
231.9
231.9
231.9
231.9
231.9
231.9
231.9
231.9
231.9
231.9
231.9
231.9
231.9
231.9
231.9
231.9
231.9
231.9
231.9
231.9
231.9
231.9
231.9
231.9
231.9
231.9
231.9
231.9
231.9
231.9
231.9
231.9
231.9
231.9
231.9
231.9
231.9
231.9
231.9
231.9
231.9
231.9
231.9
231.9
231.9
231.9
231.9
231.9
231.9
231.9
231.9
231.9
231.9
231.9
231.9
231.9
231.9
231.9
231.9
231.9
231.9
231.9
231.9
231.9
231.9
231.9
231.9
231.9
231.9
231.9
231.9
231.9
231.9
231.9
231.9
231.9
231.9
231.9
231.9
231.9
231.9
231.9
231.9
231.9
231.9
231.9
231.9
231.9
231.9
231.9
231.9
231.9
231.9
231.9
231.9
231.9
231.9
231.9
231.9
231.9
231.9
231.9
231.9
231.9
231.9
231.9
231.9
231.9
231.9
231.9
231.9
231.9
231.9
231.9
231.9
231.9
231.9
231.9
231.9
231.9
231.9
231.9
231.9
231.9
231.9
231.9
231.9
231.9
231.9
231.9
231.9
231.9
231.9
231.9
231.9
231.9
231.9
231.9
231.9
231.9
231.9
231.9
231.9
231.9
231.9
231.9
231.9
231.9
231.9
231.9
231.9
231.9
231.9
231.9
231.9
231.9
231.9
231.9
231.9
231.9
231.9
231.9
231.9
231.9
231.9
231.9
231.9
231.9
231.9
231.9
231.9
231.9
231.9
231.9
231.9
231.9
231.9
231.9
231.9
231.9
231.9
231.9
231.9
231.9
231.9
231.9
231.9
231.9
231.9
231.9
231.9
231.9
231.9
231.9
231.9
231.9
231.9
231.9
231.9
231.9
231.9
231.9
231.9
231.9
231.9
231.9
231.9
231.9
231.9
231.9
231.9
231.9
231.9
231.9
231.9
231.9
231.9
231.9
231.9
231.9
231.9
231.9
231.9
231.9
231.9
231.9
231.9
231.9
231.9
231.9
231.9
231.9
231.9
231.9
231.9
231.9
231.9
231.9
231.9
231.9
231.9
231.9
231.9
231.9
231.9
231.9
231.9
231.9
231.9
231.9
231.9
231.9
231.9
231.9
231.9
231.9
231.9
231.9
231.9
231.9
231.9
231.9
231.9
231.9
231.9
231.9
231.9
231.9
231.9
231.9
231.9
231.9
231.9
231.9
231.9
231.9
231.9
231.9
231.9
231.9
231.9
231.9
231.9
231.9
231.9
231.9
231.9
231.9
231.9
231.9
231.9
231.9
231.9
231.9
231.9
231.9
231.9
231.9
231.9
231.9
231.9
231.9
231.9
231.9
231.9
231.9
231.9
231.9
231.9
231.9
231.9
231.9
231.9
231.9
231.9
231.9
231.9
231.9
231.9
231.9
231.9
231.9
231.9
231.9
231.9
231.9
231.9
231.9
231.9
231.9
231.9
231.9
231.9
231.9
231.9
231.9
231.9
231.9
231.9
231.9
231.9
231.9
231.9
231.9
231.9
231.9
231.9
231.9
231.9
231.9
231.9
231.9
231.9
231.9
231.9
231.9
231.9
231.9
231.9
231.9
231.9
231.9
231.9
231.9
231.9
231.9
231.9
231.9
231.9
231.9
231.9
231.9
231.9
231.9
231.9
231.9
231.9
231.9
231.9
231.9
231.9
231.9
231.9
231.9
231.9
231.9
231.9
231.9
231.9
231.9
231.9
231.9
231.9
231.9
231.9
231.9
231.9
231.9
231.9
231.9
231.9
231.9
231.9
232
232.1
232.5
232.6
232.6
232.7
233.3
233.6
233.6
233.6
233.6
233.6
233.6
234.6
236.9
238
238.1
238.2
238.2
238.2
238.2
238.2
238.2
238.2
238.2
238.2
238.2
238.2
238.2
238.2
238.3
238.4
238.4
238.4
238.4
238.4
238.4
238.4
238.4
238.4
238.4
238.4
238.4
238.4
238.4
238.4
238.4
238.4
238.4
238.5
238.8
239
239
239
239
239
239.3
241.1
242.8
243.1
243.2
243.2
243.2
243.2
243.2
243.2
243.3
243.6
243.7
243.8
243.8
243.8
243.8
243.8
243.8
243.8
243.8
243.8
243.8
243.8
243.8
243.8
243.8
243.8
243.8
243.8
243.8
243.8
243.8
243.8
243.8
243.8
243.8
243.8
243.8
243.8
243.8
243.8
243.8
243.8
243.8
243.8
243.8
243.8
243.8
243.8
243.8
243.8
243.8
243.8
243.8
243.8
243.8
243.8
243.8
243.8
243.8
243.8
243.8
243.8
243.8
243.8
243.8
243.8
243.8
243.8
243.8
243.8
243.8
243.8
243.8
243.8
243.8
243.8
243.8
243.8
243.8
243.8
243.8
243.8
243.8
243.8
243.8
243.8
243.8
243.8
243.8
243.8
243.8
243.8
243.8
243.8
243.8
243.8
243.8
243.8
243.8
243.8
243.8
243.8
243.8
243.8
243.8
243.8
243.8
243.8
243.8
243.8
243.8
243.8
243.8
243.8
243.9
243.9
243.9
243.9
243.9
244.1
244.5
245.2
246.2
246.4
246.5
247.3
248.5
248.7
248.8
248.9
249
249.1
249.1
249.1
249.2
249.3
249.4
249.4
249.4
249.4
249.4
249.4
249.4
249.4
249.4
249.4
249.4
249.4
249.4
249.4
249.4
249.4
249.4
249.4
249.4
249.4
249.4
249.4
249.4
249.4
249.4
249.4
249.4
249.4
249.4
249.4
249.4
249.4
249.4
249.4
249.4
249.4
249.4
249.4
249.4
249.4
249.4
249.4
249.4
249.4
249.4
249.4
249.5
249.9
251.1
252.1
252.4
252.8
253.1
253.5
254.1
254.2
254.2
254.4
255.4
257.1
259.4
261
261.1
261.1
261.1
261.1
261.1
261.1
261.1
261.1
261.1
261.1
261.1
261.1
261.1
261.1
261.1
261.1
261.1
261.1
261.1
261.1
261.1
261.2
261.3
261.3
261.8
263.9
265.6
265.9
266
266.2
266.2
266.2
266.2
266.2
266.2
266.2
266.2
266.2
266.2
266.2
266.2
266.2
266.2
266.2
266.2
266.2
266.2
266.2
266.2
266.2
266.2
266.2
266.2
266.2
266.2
266.2
266.2
266.2
266.2
266.2
266.2
266.2
266.2
266.2
266.2
266.2
266.2
266.2
266.2
266.2
266.2
266.2
266.2
266.2
266.2
266.2
266.2
266.2
266.2
266.2
266.2
266.2
266.2
266.2
266.2
266.2
266.2
266.2
266.2
266.2
266.2
266.2
266.2
266.2
266.2
266.2
266.2
266.2
266.2
266.2
266.2
266.2
266.2
266.2
266.2
266.2
266.2
266.2
266.2
266.2
266.2
266.2
266.2
266.2
266.2
266.2
266.2
266.2
266.2
266.2
266.2
266.2
266.2
266.2
266.2
266.2
266.2
266.2
266.2
266.2
266.2
266.2
266.2
266.2
266.2
266.2
266.2
266.2
266.2
266.2
266.2
266.2
266.2
266.2
266.2
266.2
266.2
266.2
266.2
266.2
266.2
266.2
266.2
266.2
266.2
266.2
266.2
266.2
266.2
266.2
266.2
266.2
266.2
266.2
266.2
266.2
266.2
266.2
266.2
266.2
266.2
266.2
266.2
266.2
266.2
266.2
266.2
266.2
266.2
266.2
266.2
266.2
266.2
266.2
266.2
266.2
266.2
266.2
266.2
266.2
266.2
266.2
266.2
266.2
266.2
266.2
266.2
266.2
266.2
266.2
266.2
266.2
266.2
266.2
266.2
266.2
266.2
266.2
266.2
266.2
266.2
266.2
266.2
266.2
266.2
266.2
266.2
266.2
266.2
266.2
266.2
266.2
266.2
266.2
266.2
266.2
266.2
266.2
266.2
266.2
266.2
266.2
266.2
266.2
266.2
266.2
266.2
266.2
266.2
266.2
266.3
266.3
266.3
266.3
266.3
266.3
266.3
266.3
266.3
266.4
266.7
267.5
268
268.3
268.3
268.3
268.3
268.3
268.3
268.3
268.3
268.3
268.3
268.3
268.3
268.3
268.3
268.3
268.3
268.3
268.3
268.3
268.3
268.3
268.3
268.3
268.3
268.3
268.3
268.3
268.3
268.3
268.3
268.3
268.3
268.3
268.3
268.3
268.3
268.3
268.3
268.3
268.3
268.3
268.3
268.3
268.3
268.3
268.3
268.3
268.3
268.3
268.3
268.3
268.3
268.3
268.3
268.3
268.3
268.3
268.3
268.3
268.3
268.3
268.3
268.3
268.3
268.3
268.3
268.3
268.3
268.3
268.3
268.3
268.3
268.3
268.3
268.3
268.3
268.3
268.3
268.3
268.3
268.3
268.3
268.3
268.3
268.3
268.3
268.3
268.3
268.3
268.3
268.3
268.3
268.3
268.3
268.3
268.3
268.3
268.3
268.3
268.3
268.3
268.3
268.3
268.3
268.3
268.3
268.3
268.3
268.3
268.3
268.3
268.3
268.3
268.3
268.3
268.3
268.3
268.3
268.3
268.3
268.3
268.3
268.3
268.3
268.3
268.3
268.3
268.3
268.3
268.3
268.3
268.3
268.3
268.3
268.3
268.3
268.3
268.3
268.3
268.3
268.3
268.3
268.3
268.3
268.3
268.3
268.3
268.3
268.3
268.3
268.3
268.3
268.3
268.3
268.3
268.3
268.3
268.3
268.3
268.3
268.3
268.3
268.3
268.3
268.3
268.3
268.3
268.3
268.3
268.3
268.3
268.3
268.3
268.3
268.3
268.3
268.3
268.3
268.3
268.3
268.3
268.3
268.3
268.3
268.3
268.3
268.3
268.3
268.3
268.3
268.3
268.3
268.3
268.3
268.3
268.3
268.3
268.3
268.3
268.3
268.3
268.3
268.3
268.3
268.3
268.3
268.3
268.3
268.3
268.3
268.3
268.3
268.3
268.3
268.3
268.3
268.3
268.3
268.3
268.3
268.3
268.3
268.3
268.3
268.3
268.3
268.3
268.3
268.4
269.2
271.2
271.7
271.8
271.8
271.8
271.8
271.8
271.8
271.8
271.8
271.8
271.8
271.8
271.8
271.8
271.8
271.8
271.8
271.8
271.8
271.8
271.8
271.8
271.8
271.8
271.8
271.8
271.8
271.8
271.8
271.8
271.8
271.8
271.8
271.8
271.8
271.8
271.8
271.8
271.8
271.8
271.8
271.8
271.8
271.8
271.8
271.8
271.8
271.8
271.8
271.8
271.8
271.8
271.8
271.8
271.8
271.8
271.8
271.8
271.8
271.8
271.8
271.8
271.8
271.8
271.8
271.8
271.8
271.8
271.8
271.8
271.8
271.8
271.8
271.8
271.8
271.8
271.8
271.8
271.8
271.8
271.8
271.8
271.8
271.8
271.8
271.8
271.8
271.8
271.8
271.8
271.8
271.8
271.8
271.8
271.8
271.8
271.8
271.8
271.8
271.8
271.8
271.8
271.8
271.8
271.8
271.8
271.8
271.8
271.8
271.8
271.8
271.8
271.8
271.8
271.8
271.8
271.8
271.8
271.8
271.8
271.8
271.8
271.8
271.8
271.8
271.8
271.8
271.8
271.8
271.8
271.8
271.8
271.8
271.8
271.8
271.9
271.9
271.9
272
272
273.4
273.8
274.3
274.5
274.5
274.6
274.6
274.7
274.7
274.7
274.7
274.7
274.7
274.7
274.7
274.7
274.7
274.7
274.7
274.7
274.7
274.7
274.7
274.7
274.7
274.7
274.7
274.7
274.7
274.7
274.7
274.7
274.7
274.7
274.7
274.7
274.7
274.7
274.7
274.7
274.7
274.7
274.7
274.7
274.7
274.7
274.7
274.7
274.7
274.7
274.7
274.7
274.7
274.7
274.7
274.7
274.7
274.7
274.7
274.7
274.7
274.7
274.7
274.7
274.7
274.7
274.7
274.7
274.7
274.7
274.7
274.7
274.7
274.7
274.7
274.7
274.7
274.7
274.7
274.7
274.7
274.7
274.7
274.7
274.7
274.7
274.7
274.7
274.7
274.7
274.7
274.7
274.7
274.7
274.7
274.7
274.7
274.7
274.7
274.7
274.7
274.7
274.7
274.7
274.7
274.7
274.7
274.7
274.7
275.8
276.9
277
277.1
277.8
278.6
278.8
278.9
278.9
278.9
278.9
278.9
278.9
279
279
279.1
279.3
279.9
280.8
281.7
283
283.6
284
284.5
285.1
285.3
285.6
286.1
286.4
286.9
287.5
288.2
288.6
289.4
290.8
291.4
291.5
291.6
292.9
293.8
294.4
294.8
294.9
295.2
295.3
295.4
295.6
295.6
295.6
295.6
295.6
295.6
295.6
295.6
295.6
295.6
295.6
295.6
295.6
295.6
295.6
295.6
295.6
295.6
295.6
295.6
295.6
295.6
295.6
295.6
295.6
295.6
295.6
295.6
295.6
295.6
295.6
295.6
295.6
295.6
295.6
295.6
295.6
295.6
295.6
295.6
295.6
295.6
295.6
295.6
295.6
295.6
295.6
295.6
295.6
295.6
295.6
295.6
295.6
295.6
295.6
295.6
295.6
295.6
295.6
295.6
295.6
295.6
295.6
295.6
295.6
295.6
295.6
295.6
295.6
295.6
295.6
295.6
295.6
295.6
295.6
295.6
295.6
295.6
295.6
295.6
295.6
295.6
295.6
295.6
295.6
295.6
295.6
295.6
295.6
295.6
295.6
295.6
295.6
295.6
295.6
295.6
295.6
295.6
295.6
295.7
295.7
295.7
295.9
296.8
297.1
297.4
297.4
297.4
297.4
297.4
297.4
297.4
297.4
297.4
297.4
297.4
297.4
297.4
297.4
297.4
297.4
297.4
297.4
297.4
297.4
297.4
297.4
297.4
297.4
297.4
297.4
297.4
297.4
297.4
297.4
297.4
297.4
297.4
297.4
297.4
297.4
297.4
297.4
297.4
297.4
297.4
297.4
297.4
297.4
297.4
297.4
297.4
297.4
297.4
297.5
297.5
297.6
297.7
297.7
297.7
297.7
297.7
297.7
297.7
298.3
298.6
298.8
299.3
299.3
299.3
299.3
299.3
299.3
299.4
299.5
301
301.1
301.1
302.1
304.6
306.1
307
307.3
307.3
307.3
307.3
307.4
307.6
307.8
307.9
307.9
307.9
307.9
307.9
307.9
307.9
307.9
307.9
307.9
307.9
307.9
307.9
307.9
307.9
307.9
307.9
307.9
307.9
307.9
307.9
307.9
307.9
307.9
307.9
307.9
307.9
307.9
307.9
307.9
307.9
307.9
307.9
307.9
307.9
307.9
307.9
307.9
307.9
307.9
307.9
307.9
307.9
307.9
307.9
307.9
307.9
307.9
307.9
307.9
307.9
307.9
308
308.1
308.3
308.3
308.5
308.8
309.4
309.8
310.4
310.8
312.4
313.2
313.6
313.9
314.4
315.5
316.5
316.7
316.7
316.7
316.7
316.7
316.7
316.7
316.7
316.7
316.7
316.7
316.7
316.7
316.7
316.7
316.7
316.7
316.7
316.7
316.7
316.7
316.7
316.7
316.7
316.8
317.1
317.4
317.4
317.4
317.4
317.4
317.4
317.4
317.4
317.4
317.4
317.4
317.4
317.4
317.6
317.6
317.6
317.6
317.7
317.8
318.2
318.7
320.1
321.3
321.9
322.6
323.1
323.4
323.6
323.6
323.9
324.2
324.5
325.3
325.7
326.1
326.2
326.3
326.5
326.8
327.6
329.2
330.4
330.5
330.5
330.5
330.5
330.6
330.6
330.6
330.6
330.6
330.6
330.6
330.6
330.7
330.7
330.7
330.8
330.8
330.9
331.7
331.9
332.4
333.2
333.6
333.7
333.7
333.7
333.7
333.7
333.7
333.7
333.7
333.7
333.7
333.7
333.7
333.7
333.9
334
334
334.2
334.2
334.2
334.2
334.2
334.2
334.2
334.2
334.2
334.2
334.2
334.2
334.2
334.2
334.2
334.2
334.2
334.2
334.2
334.2
334.2
334.2
334.2
334.2
334.2
334.2
334.2
334.2
334.2
334.2
334.2
334.2
334.2
334.2
334.2
334.2
334.2
334.2
334.2
334.2
334.2
334.2
334.2
334.2
334.2
334.2
334.2
334.2
334.2
334.2
