0
0
0
0
0
0
0
0
0
0
0
0
0
0
0
0
0
0
0
0
0
0
0
0
0
0
0
0
0.1
0.1
0.1
0.1
0.1
0.1
0.5
0.5
0.5
0.5
0.5
0.5
0.5
0.5
0.5
0.5
0.5
0.6
0.6
0.6
0.6
0.6
0.6
0.6
0.6
0.6
0.6
0.6
0.6
0.6
0.6
0.6
0.6
0.6
0.6
0.6
0.6
0.6
0.6
0.6
0.6
0.6
0.6
0.6
0.6
0.6
0.6
0.6
0.6
0.6
0.6
0.6
0.6
0.6
0.6
0.6
0.6
0.6
0.6
0.6
0.6
0.6
0.6
0.6
0.6
0.6
0.6
0.6
0.6
0.6
0.6
0.6
0.6
0.6
0.6
0.6
0.6
0.6
0.6
0.6
0.6
0.6
0.6
0.6
0.6
0.6
0.6
0.6
0.6
0.6
0.6
0.6
0.6
0.6
0.6
0.6
0.6
0.6
0.6
0.6
0.6
0.6
0.6
0.6
0.6
0.6
0.6
0.6
0.6
0.6
0.6
0.6
0.6
0.6
0.6
0.6
0.6
0.6
0.6
0.6
0.6
0.6
0.6
0.6
0.6
0.6
0.6
0.6
0.6
0.6
0.6
0.6
0.6
0.6
0.6
0.6
0.6
0.6
0.6
0.6
0.6
0.6
0.6
0.6
0.6
0.6
0.6
0.6
0.6
0.6
0.6
0.6
0.6
0.6
0.6
0.6
0.6
0.6
0.6
0.6
0.6
0.6
0.6
0.6
0.6
0.6
0.6
0.6
0.6
0.6
0.6
0.6
0.6
0.6
0.6
0.6
0.6
0.6
0.6
0.6
0.6
0.6
0.6
0.6
0.6
0.6
0.6
0.6
0.6
0.6
0.7
0.7
0.7
0.7
0.7
0.7
0.7
0.7
0.8
0.8
0.9
1
1
1
1
1
1.1
1.1
1.1
1.1
1.1
1.1
1.1
1.1
1.1
1.1
1.1
1.1
1.1
1.1
1.1
1.1
1.1
1.1
1.1
1.1
1.1
1.1
1.1
1.1
1.1
1.1
1.1
1.1
1.1
1.1
1.1
1.1
1.1
1.1
1.1
1.1
1.1
1.1
1.1
1.1
1.1
1.1
1.1
1.1
1.1
1.1
1.1
1.1
1.1
1.1
1.1
1.1
1.1
1.1
1.1
1.1
1.1
1.1
1.1
1.1
1.1
1.1
1.1
1.1
1.1
1.1
1.1
1.1
1.1
1.1
1.1
1.1
1.1
1.1
1.1
1.1
1.1
1.1
1.1
1.1
1.1
1.1
1.1
1.1
1.1
1.1
1.1
1.1
1.1
1.1
1.1
1.1
1.1
1.1
1.1
1.1
1.1
1.1
1.1
1.1
1.1
1.1
1.1
1.1
1.1
1.1
1.1
1.1
1.1
1.1
1.2
1.2
1.2
1.2
1.2
1.2
1.2
1.2
1.2
1.2
1.2
1.2
1.3
1.3
1.3
1.3
1.3
1.3
1.3
1.3
1.3
1.3
1.3
1.3
1.3
1.3
1.3
1.3
1.3
1.3
1.3
1.3
1.3
1.3
1.3
1.3
1.3
1.3
1.3
1.3
1.3
1.3
1.3
1.3
1.3
1.3
1.3
1.3
1.3
1.3
1.3
1.3
1.3
1.3
1.3
1.3
1.3
1.3
1.3
1.3
1.3
1.3
1.3
1.3
1.3
1.3
1.3
1.3
1.3
1.3
1.4
1.7
4.7
6.7
8.2
9.6
10.8
12.1
13.8
14.9
17.5
19.8
21.7
23.5
25.7
27
28.7
30.9
32.3
34.5
37.2
39.8
42.5
44.8
47.3
49.8
52
53.3
55.2
56.9
58.5
60
62.7
65
67
68.6
68.7
68.8
68.8
68.8
68.8
68.9
69.9
70.6
73.1
74.4
75
75.1
75.1
75.1
75.1
75.1
75.1
75.2
75.2
75.2
75.2
75.2
75.2
75.6
76.2
77.5
79.5
81.3
83.2
84.6
85.5
86
86.5
86.6
86.6
86.6
86.6
86.6
86.6
86.6
86.6
86.6
86.8
87
87.4
87.6
87.6
87.6
87.6
87.6
87.6
87.6
87.6
87.6
87.6
87.6
87.6
87.6
87.6
87.6
87.6
87.6
87.6
87.6
87.6
87.6
87.6
87.6
87.6
87.6
87.7
87.7
87.7
87.7
87.7
88
88
88.1
88.2
88.3
88.3
88.3
88.5
88.8
89.1
89.5
90
90.4
91
91.2
91.4
91.4
91.5
91.5
91.5
91.5
91.5
91.5
91.5
91.5
91.5
91.5
91.5
91.5
91.5
91.5
91.5
91.5
91.5
91.5
91.5
91.5
91.5
91.5
91.5
91.5
91.5
91.5
91.5
91.5
91.5
91.5
91.6
91.6
91.7
92.1
92.3
92.5
92.7
92.9
93
93
93
93
93
93
93
93
93
93
93
93
93
93
93
93
93
93
93
93
93
93
93
93
93
93.1
93.8
95.7
97.5
99.6
100.1
100.4
100.4
100.4
100.4
100.4
100.4
100.5
100.5
100.6
100.6
100.6
100.6
100.6
100.6
100.6
100.6
100.6
100.6
100.6
100.6
100.6
100.6
100.6
100.6
100.6
100.6
100.6
100.6
100.6
100.6
100.6
100.6
100.6
100.6
100.6
100.6
100.6
100.6
100.6
100.6
100.6
100.6
100.6
100.6
100.6
100.6
100.6
100.6
100.6
100.6
100.6
100.6
100.6
100.6
100.6
100.6
100.6
100.6
100.6
100.6
100.6
100.6
100.6
100.6
100.6
100.6
100.6
100.6
100.6
100.6
100.6
100.6
100.6
100.6
100.6
100.6
100.6
100.6
100.6
100.6
100.6
100.6
100.6
100.6
100.6
100.6
100.6
100.8
101
101
101
101
101
101
101
101
101
101
101
101
101
101
101
101
101
101
101
101
101
101
101
101
101
101
101
101
101
101
101
101
101
101
101
101
101
101
101
101
101
101
101
101
101
101
101
101
101
101.4
101.4
101.4
101.5
101.5
101.5
101.5
101.5
101.9
102.3
102.6
102.7
103.2
103.3
103.4
103.4
103.4
103.4
103.4
103.4
103.4
103.4
103.4
103.4
103.4
103.4
103.4
103.4
103.4
103.4
103.4
103.4
103.4
103.4
103.4
103.4
103.4
103.4
103.4
103.4
103.4
103.4
103.4
103.4
103.4
103.4
103.4
103.4
103.4
103.4
103.4
103.4
103.4
103.4
103.4
103.4
103.4
103.4
103.4
103.4
103.4
103.4
103.4
103.4
103.4
103.4
103.4
103.4
103.4
103.4
103.4
103.4
103.4
103.4
103.4
103.4
103.4
103.4
103.4
103.4
103.4
103.4
103.4
103.4
103.4
103.4
103.4
103.4
103.4
103.4
103.4
103.4
103.4
103.4
103.4
103.4
103.4
103.4
103.4
103.4
103.4
103.4
103.4
103.4
103.4
103.4
103.4
103.4
103.4
103.4
103.4
103.4
103.4
103.4
103.4
103.4
103.4
103.4
103.4
103.4
103.4
103.4
103.4
103.4
103.4
103.4
103.4
103.4
103.4
103.4
103.4
103.4
103.4
103.4
103.4
103.4
103.4
103.4
103.4
103.4
103.4
103.4
103.4
103.4
103.4
103.4
103.4
103.4
103.4
103.4
103.4
103.4
103.4
103.4
103.4
103.4
103.4
103.4
103.4
103.4
103.4
103.4
103.4
103.4
103.4
103.4
103.4
103.4
103.4
103.4
103.4
103.4
103.4
103.4
103.4
103.4
103.4
103.4
103.4
103.4
103.4
103.4
103.4
103.4
103.4
103.4
103.4
103.4
103.4
103.4
103.4
103.4
103.4
103.4
103.4
103.4
103.4
103.4
103.4
103.4
103.4
103.4
103.4
103.4
103.4
103.4
103.4
103.4
103.4
103.4
103.4
103.4
103.4
103.4
103.4
103.4
103.4
103.4
103.4
103.4
103.4
103.4
103.4
103.4
103.4
103.4
103.4
103.4
103.4
103.4
103.4
103.4
103.4
103.4
103.4
103.4
103.4
103.4
103.4
103.4
103.9
104.5
106
106.5
106.5
106.5
106.5
106.5
106.6
106.6
106.6
106.6
106.6
106.6
106.6
106.6
106.6
106.6
106.6
106.6
106.6
106.6
106.6
106.6
106.6
106.6
106.6
106.6
106.6
106.6
106.6
106.6
106.6
106.6
106.6
106.6
106.6
106.6
106.6
106.6
106.6
106.6
106.6
106.6
106.6
106.6
106.6
106.6
106.6
106.6
106.6
106.6
106.6
106.6
106.6
106.6
106.6
106.6
106.6
106.6
106.6
106.6
106.6
106.6
106.6
106.6
106.6
106.6
106.7
106.7
106.7
106.7
106.7
106.7
106.7
106.7
106.7
106.7
106.7
106.7
106.7
106.7
106.7
106.7
106.8
107.1
107.1
107.1
107.1
107.1
107.1
107.4
108.3
109.7
110.4
110.5
110.5
110.5
110.5
110.5
110.5
110.5
110.7
110.7
110.7
110.7
110.7
110.7
110.9
110.9
111
111
111
111
111
111.1
111.1
111.1
111.1
111.1
111.1
111.1
111.1
111.1
111.1
111.1
111.1
111.1
111.1
111.1
111.1
111.1
111.1
111.1
111.1
111.1
111.1
111.1
111.1
111.1
111.1
111.1
111.1
111.1
111.1
111.1
111.1
111.1
111.1
111.1
111.1
111.1
111.1
111.1
111.1
111.1
111.1
111.1
111.1
111.1
111.1
111.1
111.1
111.1
111.1
111.1
111.1
111.1
111.1
111.2
111.2
111.2
111.3
111.7
111.9
111.9
111.9
111.9
111.9
111.9
111.9
111.9
111.9
111.9
112
112
112
112
112
112
112
112
112
112
112
112
112
112
112
112
112
112
112
112
112
112
112
112
112
112
112
112
112
112
112
112
112
112
112
112.1
112.1
112.1
112.1
112.1
112.1
112.2
112.6
112.8
113.6
114.2
114.5
114.6
114.6
114.7
114.8
114.9
115.2
115.5
115.5
115.6
115.7
116.5
117.8
119
120.1
120.6
121.3
122.3
123.2
124
124.6
125.3
125.8
125.8
125.8
125.8
125.8
125.8
125.8
125.9
126.2
126.3
126.3
126.3
126.3
126.3
126.3
126.3
126.3
126.3
126.3
126.3
126.3
126.3
126.3
126.5
127.2
127.4
127.4
127.4
127.4
127.5
127.9
127.9
127.9
127.9
127.9
127.9
127.9
127.9
127.9
127.9
127.9
127.9
127.9
127.9
127.9
127.9
127.9
127.9
127.9
127.9
127.9
127.9
127.9
127.9
127.9
127.9
127.9
127.9
127.9
127.9
127.9
127.9
127.9
127.9
127.9
127.9
127.9
127.9
127.9
127.9
127.9
127.9
127.9
127.9
127.9
127.9
127.9
127.9
127.9
127.9
127.9
127.9
128
128.5
128.8
129.3
129.4
129.5
129.5
129.5
129.5
129.5
129.5
129.5
129.6
129.6
129.6
129.6
129.6
129.6
129.6
129.6
129.6
129.6
129.6
129.6
129.6
129.6
129.6
129.6
129.6
129.6
129.6
129.6
129.6
129.6
129.6
129.6
129.6
129.6
129.6
129.6
129.6
129.6
129.6
129.6
129.6
129.6
129.6
129.6
129.6
129.6
129.6
129.6
129.6
129.6
129.6
129.6
129.6
129.6
129.6
129.6
129.6
129.6
129.6
129.6
129.6
129.6
129.6
129.6
129.6
129.6
129.6
129.6
129.6
129.6
129.6
129.6
129.6
129.6
129.6
129.6
129.6
129.6
129.6
129.6
129.6
129.6
129.6
129.6
129.6
129.6
129.6
129.6
129.6
129.6
129.6
129.7
129.7
129.7
129.8
129.9
130
130
130.8
131
131.1
131.1
131.1
131.1
131.1
131.1
131.1
131.1
131.1
131.1
131.1
131.1
131.1
131.1
131.2
131.2
131.2
131.2
131.2
131.2
131.2
131.2
131.8
132.9
134.1
136.1
137.7
137.8
137.8
137.8
137.8
137.8
137.8
137.8
137.8
137.8
137.8
137.8
137.8
137.8
137.8
137.8
137.8
137.8
137.8
137.8
137.8
137.8
137.8
137.8
137.8
137.8
137.8
137.8
137.8
137.8
137.8
137.8
137.8
137.8
137.8
137.8
137.8
137.8
137.8
137.8
137.8
137.8
137.8
137.8
137.8
137.8
137.8
137.8
137.8
137.8
137.8
137.8
137.8
137.8
137.8
137.8
137.8
137.8
137.8
137.8
137.8
137.8
137.8
137.8
137.8
137.8
137.8
137.8
137.8
137.8
137.8
137.8
137.8
137.8
137.8
137.8
137.8
137.8
137.8
137.8
137.8
137.8
137.8
137.8
137.8
137.8
137.8
137.8
137.8
137.8
137.8
137.8
137.8
137.8
137.8
137.8
137.8
137.8
137.8
137.8
137.8
137.8
137.8
137.8
137.8
137.8
137.8
137.8
137.8
137.8
137.9
137.9
138
138
138.1
138.1
138.1
138.1
138.1
138.2
138.2
138.3
138.6
138.6
138.6
138.6
138.6
138.6
138.6
138.8
138.8
138.8
138.8
138.8
138.8
138.8
138.8
138.8
138.8
138.8
138.8
138.8
138.8
138.8
138.8
138.8
138.8
138.8
138.8
138.8
138.8
138.8
138.8
138.8
138.8
138.8
138.8
138.8
138.8
138.8
138.8
138.8
138.8
138.8
138.8
138.8
138.8
138.8
138.8
138.8
138.8
138.8
138.8
138.8
138.8
138.8
138.8
138.8
138.8
138.8
138.8
138.8
138.8
138.8
138.8
138.8
138.8
138.8
138.8
138.8
138.8
138.8
138.8
138.8
138.8
138.8
138.8
138.8
138.8
138.8
138.8
138.8
138.8
138.8
138.8
138.8
138.8
138.8
138.8
138.8
138.8
138.8
138.8
138.8
138.8
138.8
138.8
138.8
138.8
138.8
138.8
138.8
138.8
138.8
138.8
138.8
138.8
138.8
138.8
138.8
138.8
138.8
138.8
138.8
138.8
138.8
138.8
138.8
138.8
138.8
138.8
138.8
138.8
138.8
138.8
138.8
138.8
138.8
138.8
138.8
138.8
138.8
138.8
138.8
138.8
138.8
138.8
138.8
138.8
138.8
138.8
138.8
138.8
138.8
138.8
138.8
138.8
138.8
138.8
138.8
138.8
138.8
138.8
138.8
138.8
138.8
138.8
138.8
138.8
138.8
138.8
138.8
138.8
138.8
138.8
138.8
138.8
138.9
138.9
138.9
139.1
139.5
139.6
139.6
139.6
139.7
139.9
139.9
140
140
140.2
140.7
141.1
141.8
142.2
143.1
143.9
144.3
144.8
146
147
147.5
147.8
147.8
147.9
147.9
148
148.1
148.1
148.2
148.3
148.6
150.1
150.8
150.8
150.8
150.8
150.8
150.8
150.8
150.9
151.4
152.7
154.1
155
155.2
155.2
155.2
155.2
155.2
155.2
155.2
155.2
155.2
155.2
155.3
155.3
155.3
156.3
157.9
158.2
158.2
158.2
158.2
158.5
159.1
159.8
162
162.8
162.9
163
163
163
163
163
163.2
164.8
167.5
167.7
167.7
167.7
167.7
167.7
167.7
167.7
167.9
168.5
174.6
177.6
181.1
182.8
183.7
184.3
184.3
184.3
184.3
184.3
184.3
184.3
184.3
184.3
184.3
184.3
184.4
184.4
184.4
184.4
184.4
184.5
184.7
184.8
184.9
185
185.8
186.1
186.2
187.3
188
188
188
188.1
188.5
189
189.2
189.3
189.3
189.3
189.3
189.3
189.3
189.3
189.3
189.3
189.3
189.3
189.3
189.3
189.3
189.3
189.3
189.3
189.3
189.3
189.3
189.3
189.3
189.3
189.3
189.3
189.3
189.3
189.3
189.3
189.3
189.3
189.3
189.3
189.3
189.3
189.3
189.3
189.3
189.3
189.3
189.4
189.4
189.7
190
190.5
190.7
190.8
190.8
190.8
190.8
190.8
190.8
190.8
190.8
190.8
190.8
190.8
190.8
190.8
190.8
190.8
190.8
190.8
190.8
190.8
190.8
190.8
190.8
190.8
190.8
190.8
190.8
190.8
190.8
190.8
190.8
190.8
190.8
190.8
190.8
190.8
190.8
190.8
190.8
190.8
190.8
190.8
190.8
190.8
190.8
190.8
190.8
190.8
190.8
190.8
190.8
190.8
190.8
190.8
190.8
190.8
190.8
190.8
190.8
190.8
190.8
190.8
190.8
190.8
190.8
190.8
190.8
190.8
191
191
191
191
191
191
191
191
191
191
191
191
191
191
191
191
191
191
191
191
191
191
191
191
191
191
191
191
191
191
191
191
191
191
191
191
191
191
191
191
191
191
191
191
191
191
191
191
191
191
191.5
191.5
191.5
191.5
191.6
191.6
191.6
191.8
192.3
193.3
193.9
194
194.3
194.6
194.7
194.7
194.7
195.3
196.6
198.1
201
203.5
205.3
205.6
205.7
205.7
205.7
205.7
205.7
205.7
205.7
205.7
205.7
205.7
205.7
205.7
205.7
205.7
205.7
205.7
205.7
205.7
205.7
205.7
205.7
205.7
205.7
205.7
205.7
205.7
205.7
205.7
205.7
205.7
205.7
205.7
205.7
205.7
205.7
205.7
205.7
205.8
207
209.2
210.6
210.7
210.7
210.7
210.8
211.7
212.8
213.1
213.2
213.2
213.2
213.2
213.2
213.2
213.2
213.2
213.3
213.3
213.3
213.3
213.3
213.3
213.3
213.3
213.3
213.3
213.4
213.5
213.5
213.6
213.7
213.8
213.8
213.8
213.8
213.8
213.8
213.8
213.8
213.8
213.8
214.1
214.1
214.1
214.1
214.1
214.4
215
217.4
218
218
218
218.2
219.3
219.4
219.5
219.5
219.5
219.5
219.5
219.6
220.3
220.8
221.4
221.4
221.5
221.5
221.5
221.5
221.5
221.5
221.5
221.5
221.5
221.5
221.5
221.5
221.5
221.5
221.5
221.5
221.5
221.5
221.5
221.5
221.5
221.5
221.5
221.5
221.5
221.5
221.5
221.5
221.5
221.5
221.5
221.5
221.5
221.5
221.5
221.5
221.5
221.5
221.5
221.5
221.5
221.5
221.5
221.5
221.5
221.5
221.5
221.5
221.5
221.5
221.5
221.5
221.5
221.5
221.5
221.5
221.5
221.5
221.5
221.5
221.5
221.5
221.5
221.5
221.5
221.5
221.5
221.5
221.5
221.5
221.5
221.5
221.5
221.5
221.5
221.5
221.5
221.5
221.5
221.5
221.5
221.5
221.5
221.5
221.5
221.5
221.5
221.5
221.5
221.5
221.5
221.5
221.5
221.5
221.5
221.5
221.5
221.5
221.5
221.5
221.5
221.5
221.5
221.6
221.6
221.6
221.6
221.6
221.6
221.7
221.7
221.7
221.7
221.8
221.9
222
222
222
222
222.1
222.1
222.1
222.1
222.1
222.1
222.1
222.1
222.1
222.1
222.1
222.1
222.1
222.1
222.1
222.1
222.1
222.1
222.1
222.1
222.1
222.1
222.1
222.1
222.1
222.1
222.1
222.1
222.1
222.1
222.1
222.1
222.1
222.1
222.1
222.1
222.1
222.1
222.1
222.1
222.1
222.1
222.1
222.1
222.1
222.1
222.1
222.1
222.1
222.1
222.1
222.1
222.1
222.1
222.1
222.1
222.1
222.1
222.1
222.1
222.1
222.1
222.1
222.1
222.1
222.1
222.1
222.1
222.1
222.1
222.1
222.1
222.1
222.1
222.1
222.1
222.1
222.1
222.1
222.1
222.1
222.1
222.1
222.1
222.1
222.1
222.1
222.1
222.1
222.1
222.1
222.1
222.1
222.1
222.1
222.1
222.1
222.1
222.1
222.1
222.1
222.1
222.1
222.1
222.1
222.1
222.1
222.1
222.1
222.1
222.1
222.1
222.1
222.1
222.1
222.1
222.1
222.1
222.1
222.1
222.1
222.1
222.1
222.1
222.1
222.1
222.1
222.1
222.1
222.1
222.1
222.1
222.1
222.1
222.1
222.1
222.1
222.1
222.1
222.1
222.1
222.1
222.1
222.1
222.1
222.1
222.1
222.1
222.1
222.1
222.1
222.1
222.1
222.1
222.1
222.1
222.1
222.1
222.1
222.1
222.1
222.1
222.3
223.6
223.7
223.7
223.7
223.7
223.7
223.7
223.8
223.8
223.8
223.8
223.8
223.8
223.8
223.8
223.8
223.8
223.8
223.8
223.8
223.8
223.8
223.8
223.8
223.8
223.8
223.8
223.8
223.8
223.8
223.8
223.8
223.8
223.8
223.8
223.8
223.8
223.8
223.8
223.8
223.8
223.8
223.8
223.8
223.8
223.8
223.8
223.8
223.8
223.8
223.8
223.8
223.8
223.8
223.8
223.8
223.8
223.8
223.8
223.8
223.8
223.8
223.8
223.8
223.8
223.8
223.8
223.8
223.8
223.8
223.8
223.8
223.8
223.8
223.8
223.8
223.8
223.8
223.8
223.8
223.8
223.8
223.8
223.8
223.8
223.8
223.8
223.8
223.8
223.8
223.8
223.8
223.8
223.8
223.8
223.8
223.8
223.8
223.8
223.8
223.8
223.8
223.8
223.8
223.8
223.8
223.8
223.8
223.8
223.8
223.8
223.8
223.8
223.8
223.9
224.2
224.3
225
225
225
225.1
225.7
226.7
227.3
227.5
227.6
227.6
227.6
227.6
227.6
227.6
227.6
227.6
227.6
227.6
227.6
227.6
227.6
227.6
227.6
227.6
227.6
227.6
227.7
227.7
227.7
227.7
227.7
227.8
228.2
229.5
230.6
231.2
231.2
231.2
231.2
231.2
231.2
231.2
231.2
231.2
231.2
231.2
231.2
231.2
231.2
231.2
231.2
231.2
231.2
231.2
231.2
231.2
231.2
231.2
231.2
231.2
231.2
231.2
231.2
231.3
231.6
233.1
233.9
234.4
234.5
234.5
234.5
234.5
234.5
234.5
234.5
234.5
234.5
234.5
234.5
234.5
234.5
234.5
234.5
234.5
234.5
234.5
234.5
234.5
234.5
234.5
234.5
234.5
234.5
234.5
234.5
234.5
234.5
234.5
234.5
234.5
234.5
234.5
234.5
234.5
234.5
234.5
234.5
234.5
234.5
234.5
234.5
234.5
234.5
234.5
234.5
234.5
234.5
234.5
234.5
234.5
234.5
234.5
234.5
234.5
234.5
234.5
234.5
234.5
234.5
234.5
234.5
234.5
234.5
234.5
234.5
234.5
234.5
234.5
234.5
234.5
234.5
234.5
234.5
234.5
234.5
234.5
234.5
234.5
234.5
234.5
234.5
234.5
234.5
234.5
234.5
234.5
234.5
234.5
234.5
234.5
234.5
234.5
234.5
234.5
234.5
234.5
234.5
234.5
234.5
234.5
234.5
234.5
234.5
234.5
234.5
234.5
234.5
234.5
234.5
234.5
234.5
234.5
234.5
234.5
234.5
234.5
234.5
234.5
234.5
234.5
234.5
234.5
234.5
234.5
234.5
234.5
234.8
234.8
234.8
234.8
234.8
234.8
234.8
234.8
234.8
234.8
234.8
234.8
234.8
234.9
234.9
234.9
234.9
234.9
234.9
234.9
234.9
234.9
234.9
234.9
235.2
239.1
241.8
242
242
242.1
242.1
242.1
242.2
242.4
245.6
253.4
253.6
253.6
254.1
254.4
254.8
263.3
268.3
268.7
268.9
274.2
274.3
274.3
276
276.4
276.4
276.4
276.8
278.2
278.4
278.4
278.4
278.5
278.8
279.4
279.5
279.5
279.5
279.6
279.6
279.6
279.6
279.6
279.6
279.6
279.7
279.7
279.7
279.7
279.7
279.8
279.8
279.8
279.8
279.8
279.8
279.8
279.8
279.8
279.8
279.8
279.8
279.8
279.8
279.8
279.8
279.8
279.8
279.8
279.8
279.8
279.8
279.8
279.8
279.8
279.8
279.8
279.8
279.8
279.8
279.8
279.8
279.8
279.8
279.8
279.8
279.8
279.8
279.8
279.8
279.8
279.8
279.8
279.8
279.8
279.8
279.8
279.8
279.8
279.8
279.8
279.8
279.8
279.8
279.8
279.8
279.8
279.8
279.8
279.8
279.8
280.4
281.4
281.5
281.5
282.4
282.6
282.7
282.7
282.7
282.7
282.7
282.7
282.7
282.7
282.8
282.8
282.8
282.8
282.8
282.8
282.8
282.8
282.8
282.8
282.8
282.8
282.8
282.8
282.8
282.8
282.8
282.8
282.8
282.8
282.8
282.8
282.8
282.8
282.8
282.8
282.8
282.8
282.8
282.8
282.8
282.8
282.8
282.8
282.8
282.8
282.8
282.8
282.8
282.8
282.8
282.8
282.8
282.8
282.8
282.8
282.8
282.8
282.8
282.8
282.8
282.8
282.8
282.8
282.8
282.8
282.8
282.9
283
283.3
284.2
284.4
284.4
284.4
284.9
285.5
285.7
285.7
286
286.4
286.4
286.4
286.4
286.4
286.4
286.4
286.4
286.5
286.5
286.5
286.5
286.5
286.5
286.5
286.5
286.6
287.8
291.4
293
293.1
293.1
293.1
293.1
293.1
293.1
293.1
293.1
293.1
293.1
293.1
293.1
293.1
293.1
293.1
293.1
293.1
293.1
293.1
293.1
293.1
293.1
293.1
293.1
293.1
293.1
293.1
293.1
293.1
293.1
293.1
293.1
293.1
293.1
293.1
293.1
293.1
293.1
293.1
293.1
293.1
293.1
293.1
293.1
293.1
293.1
293.1
293.1
293.1
293.1
293.1
293.1
293.1
293.1
293.1
293.1
293.1
293.1
293.1
293.1
293.1
293.1
293.1
293.1
293.1
293.1
293.1
293.1
293.1
293.1
293.1
293.1
293.1
293.1
293.1
293.1
293.1
293.1
293.1
293.1
293.1
293.1
293.1
293.1
293.1
293.1
293.1
293.1
293.1
293.1
293.1
293.1
293.1
293.1
293.1
293.1
293.1
293.1
293.1
293.1
293.1
293.1
293.1
293.1
293.1
293.1
293.1
293.1
293.1
293.1
293.1
293.1
293.1
293.1
293.1
293.1
293.1
293.1
293.1
293.1
293.1
293.1
293.1
293.1
293.1
293.1
293.1
293.1
293.1
293.1
293.1
293.1
293.1
293.1
293.1
293.1
293.1
293.1
293.1
293.1
293.1
293.1
293.1
293.1
293.1
293.1
293.1
293.1
293.1
293.1
293.1
293.1
293.1
293.1
293.1
293.1
293.1
293.1
293.1
293.1
293.1
293.1
293.1
293.1
293.1
293.1
293.1
293.1
293.1
293.1
293.1
293.1
293.1
293.1
293.1
293.1
293.1
293.1
293.1
293.1
293.1
293.1
293.1
293.1
293.1
293.1
293.1
293.1
293.1
293.1
293.1
293.1
293.1
293.1
293.1
293.1
293.1
293.1
293.1
293.1
293.1
293.1
293.1
293.1
293.1
293.1
293.1
293.1
293.1
293.1
293.1
293.1
293.1
293.1
293.1
293.1
293.1
293.1
293.1
293.1
293.1
293.1
293.1
293.1
293.1
293.1
293.1
293.1
293.1
293.1
293.1
293.1
293.1
293.1
293.1
293.1
293.1
293.1
293.1
293.1
293.1
293.1
293.1
293.1
293.1
293.1
293.1
293.1
293.1
293.1
293.1
293.1
293.1
293.1
293.1
293.1
293.1
293.1
293.1
293.1
293.1
293.1
293.1
293.1
293.1
293.1
293.1
293.1
293.1
293.1
293.1
293.1
293.1
293.1
293.1
293.1
293.1
293.1
293.1
293.1
293.1
293.1
293.1
293.1
293.1
293.1
293.1
293.1
293.1
293.1
293.1
293.1
293.1
293.1
293.1
293.1
293.1
293.1
293.2
293.2
293.2
293.3
293.3
293.3
293.3
293.3
293.3
293.3
293.3
293.3
293.3
293.3
293.6
293.6
293.6
293.7
293.7
293.7
293.8
293.8
293.8
293.8
293.8
293.8
293.8
293.8
293.8
293.8
293.8
293.8
293.8
293.8
293.8
293.8
293.8
293.8
293.8
293.8
293.8
293.8
293.8
293.8
293.8
293.8
293.8
293.8
293.8
293.8
293.8
293.8
293.8
293.8
293.8
293.8
293.8
293.8
293.8
293.8
293.8
293.8
293.8
293.8
293.8
293.8
293.8
293.8
293.8
293.8
293.8
293.8
293.8
293.8
293.8
293.8
293.8
293.8
293.8
293.8
293.8
293.8
293.8
293.8
293.8
293.8
293.8
293.8
293.8
293.8
293.8
293.8
293.8
293.8
293.8
293.8
293.8
293.8
293.8
293.8
293.8
293.8
293.8
293.8
293.8
293.8
293.8
293.8
293.8
293.8
293.8
293.8
293.8
293.8
293.8
293.8
293.8
293.8
293.8
293.8
293.9
294
294.1
294.1
294.5
294.8
294.8
294.8
294.8
294.8
294.8
294.8
294.8
294.8
294.8
294.8
294.8
294.8
294.9
295.1
295.1
295.1
295.1
295.1
295.1
295.1
295.1
295.1
295.1
295.1
295.1
295.1
295.1
295.1
295.1
295.1
295.1
295.1
295.1
295.1
295.1
295.1
295.1
295.1
295.1
295.1
295.1
295.1
295.1
295.1
295.1
295.1
295.1
295.1
295.1
295.1
295.1
295.1
295.1
295.1
295.1
295.1
295.1
295.1
295.1
295.1
295.1
295.1
295.1
295.1
295.1
295.1
295.1
295.2
295.2
295.2
296.4
297.5
297.6
297.7
297.8
297.9
297.9
297.9
298
298
298.1
298.1
298.1
298.1
298.2
298.2
298.2
298.3
298.3
298.3
298.3
298.3
300.1
300.3
302.5
303.2
305.7
306.9
307.8
308.4
308.5
308.5
308.5
308.5
308.5
308.5
308.6
309.3
309.7
309.7
309.7
309.7
309.7
309.7
309.7
309.7
309.7
309.7
309.7
309.7
309.7
309.7
309.7
309.7
309.7
309.7
309.7
309.7
309.7
309.7
309.7
309.7
309.7
309.7
309.7
309.7
309.7
309.7
309.7
309.7
309.7
309.7
309.7
309.7
309.7
309.7
309.7
309.7
309.7
309.7
309.7
309.7
309.7
309.7
309.7
309.7
309.7
309.7
309.7
309.7
309.7
309.7
309.7
309.7
309.7
309.7
309.7
309.7
309.7
309.7
309.7
309.7
309.7
309.7
309.7
309.7
309.7
309.7
309.7
309.7
309.7
309.7
309.7
309.7
309.7
309.7
309.7
309.7
309.7
309.7
309.7
309.7
309.7
309.7
309.7
309.7
309.7
309.7
309.7
309.7
309.7
309.7
309.7
309.7
309.7
309.7
309.7
309.7
309.7
309.7
309.7
309.7
309.7
309.7
309.7
309.7
309.7
309.7
309.7
309.7
309.7
309.7
309.7
309.7
309.7
309.7
309.7
309.7
309.7
309.7
309.7
309.7
309.7
309.7
309.7
309.7
309.7
309.7
309.7
309.7
309.7
309.7
309.7
309.7
309.7
309.7
309.7
309.7
309.7
309.7
309.7
309.7
309.7
309.7
309.7
309.7
309.7
309.8
309.9
309.9
309.9
309.9
309.9
309.9
309.9
309.9
309.9
309.9
309.9
309.9
309.9
310
310
310
310
310
310
310
310
310
310
310
310
310
310
310
310
310
310
310
310
310
310
310
310
310
310
310
310
310
310
310
310
310
310
310
310
310
310
310
310
310
310
310
310
310
310
310
310
310
310.1
310.1
310.3
310.4
310.6
310.6
310.7
310.9
310.9
311
311
311
311
311.1
311.1
311.1
311.1
311.1
311.1
311.1
311.3
312
312.2
312.3
312.8
313.2
313.7
314.1
314.5
314.7
314.7
314.7
314.7
314.7
314.7
314.7
314.7
314.7
314.7
314.7
314.7
314.7
314.7
314.7
314.7
314.7
314.7
314.7
314.7
314.7
314.7
314.7
314.7
314.7
314.7
314.7
314.7
314.7
314.8
314.8
314.8
314.8
314.8
314.8
314.8
314.8
314.8
314.8
314.8
314.8
314.8
314.9
314.9
314.9
314.9
315
315
315
315.3
315.8
315.8
315.8
315.8
315.8
315.8
315.8
315.8
315.8
315.8
315.8
315.8
315.8
315.8
315.8
315.8
315.8
315.8
315.8
315.8
315.8
315.8
315.8
315.8
315.8
315.8
315.8
315.8
315.9
316
316.2
317.4
317.7
318.1
318.3
318.8
320.1
320.6
320.6
320.6
320.7
320.8
320.8
320.9
320.9
320.9
320.9
320.9
320.9
320.9
320.9
320.9
320.9
320.9
320.9
320.9
320.9
320.9
320.9
320.9
320.9
320.9
320.9
320.9
320.9
320.9
320.9
320.9
320.9
320.9
320.9
320.9
320.9
320.9
320.9
320.9
320.9
320.9
320.9
320.9
320.9
320.9
320.9
320.9
320.9
320.9
320.9
320.9
320.9
320.9
320.9
320.9
320.9
320.9
320.9
320.9
320.9
320.9
320.9
320.9
320.9
320.9
320.9
320.9
320.9
320.9
320.9
320.9
320.9
320.9
320.9
320.9
320.9
320.9
320.9
320.9
320.9
320.9
320.9
320.9
320.9
320.9
320.9
320.9
320.9
320.9
320.9
320.9
320.9
320.9
320.9
320.9
320.9
320.9
320.9
320.9
320.9
320.9
320.9
320.9
320.9
320.9
320.9
320.9
320.9
320.9
320.9
320.9
320.9
320.9
320.9
320.9
320.9
320.9
320.9
320.9
320.9
320.9
320.9
320.9
320.9
320.9
320.9
320.9
320.9
320.9
320.9
320.9
320.9
320.9
320.9
320.9
320.9
320.9
320.9
320.9
320.9
320.9
320.9
320.9
320.9
320.9
320.9
320.9
320.9
320.9
320.9
320.9
320.9
320.9
320.9
320.9
320.9
320.9
320.9
320.9
320.9
320.9
320.9
320.9
320.9
320.9
320.9
320.9
320.9
320.9
320.9
320.9
320.9
320.9
320.9
320.9
320.9
320.9
320.9
320.9
320.9
320.9
320.9
320.9
320.9
320.9
320.9
320.9
320.9
320.9
320.9
320.9
320.9
320.9
320.9
320.9
320.9
320.9
320.9
320.9
320.9
320.9
320.9
320.9
320.9
320.9
320.9
320.9
320.9
320.9
320.9
320.9
320.9
320.9
320.9
320.9
320.9
320.9
320.9
320.9
320.9
320.9
320.9
320.9
320.9
320.9
320.9
320.9
320.9
320.9
320.9
320.9
320.9
320.9
320.9
320.9
320.9
320.9
320.9
320.9
320.9
320.9
320.9
320.9
320.9
320.9
320.9
320.9
320.9
320.9
320.9
320.9
320.9
320.9
320.9
320.9
320.9
320.9
320.9
320.9
320.9
320.9
320.9
320.9
320.9
320.9
320.9
320.9
320.9
320.9
320.9
320.9
320.9
320.9
320.9
320.9
320.9
320.9
320.9
320.9
320.9
320.9
320.9
320.9
320.9
320.9
320.9
320.9
320.9
320.9
320.9
320.9
320.9
320.9
320.9
320.9
320.9
320.9
320.9
320.9
320.9
320.9
320.9
320.9
320.9
320.9
320.9
320.9
320.9
320.9
320.9
320.9
320.9
320.9
320.9
320.9
320.9
320.9
320.9
320.9
320.9
320.9
320.9
320.9
320.9
320.9
320.9
320.9
320.9
320.9
320.9
320.9
320.9
320.9
320.9
320.9
320.9
320.9
320.9
320.9
320.9
320.9
320.9
320.9
320.9
320.9
320.9
320.9
320.9
320.9
320.9
320.9
320.9
320.9
320.9
320.9
320.9
320.9
320.9
320.9
320.9
320.9
320.9
320.9
320.9
320.9
320.9
320.9
320.9
320.9
320.9
320.9
320.9
320.9
320.9
320.9
320.9
320.9
320.9
320.9
320.9
320.9
320.9
320.9
320.9
320.9
320.9
320.9
320.9
320.9
320.9
320.9
320.9
320.9
320.9
320.9
320.9
320.9
320.9
320.9
320.9
320.9
320.9
320.9
320.9
320.9
320.9
320.9
320.9
320.9
320.9
320.9
320.9
320.9
320.9
320.9
320.9
320.9
320.9
320.9
320.9
320.9
320.9
320.9
320.9
320.9
320.9
320.9
320.9
320.9
320.9
320.9
320.9
320.9
320.9
320.9
320.9
320.9
320.9
320.9
320.9
320.9
320.9
320.9
320.9
320.9
320.9
320.9
320.9
320.9
320.9
320.9
320.9
320.9
320.9
320.9
320.9
320.9
320.9
320.9
320.9
320.9
320.9
320.9
320.9
320.9
320.9
320.9
320.9
320.9
320.9
320.9
320.9
320.9
320.9
320.9
320.9
320.9
320.9
320.9
320.9
320.9
320.9
320.9
320.9
320.9
320.9
320.9
320.9
320.9
320.9
320.9
320.9
320.9
320.9
320.9
320.9
320.9
320.9
320.9
320.9
320.9
320.9
320.9
320.9
320.9
320.9
320.9
320.9
320.9
320.9
320.9
320.9
320.9
320.9
320.9
320.9
320.9
320.9
320.9
320.9
320.9
320.9
320.9
320.9
320.9
320.9
320.9
320.9
320.9
320.9
320.9
320.9
320.9
320.9
320.9
320.9
320.9
320.9
320.9
320.9
320.9
320.9
320.9
320.9
320.9
320.9
320.9
320.9
320.9
320.9
320.9
320.9
320.9
320.9
320.9
320.9
320.9
320.9
320.9
320.9
320.9
320.9
320.9
320.9
320.9
320.9
320.9
320.9
320.9
320.9
320.9
320.9
320.9
320.9
320.9
320.9
320.9
320.9
320.9
320.9
320.9
320.9
320.9
320.9
320.9
320.9
320.9
320.9
320.9
320.9
320.9
320.9
320.9
320.9
320.9
320.9
320.9
320.9
320.9
320.9
320.9
320.9
320.9
320.9
320.9
320.9
320.9
320.9
320.9
320.9
320.9
320.9
320.9
320.9
320.9
320.9
320.9
320.9
320.9
320.9
320.9
320.9
320.9
320.9
320.9
320.9
320.9
320.9
320.9
320.9
320.9
320.9
320.9
320.9
320.9
320.9
320.9
320.9
320.9
320.9
320.9
320.9
320.9
320.9
320.9
320.9
320.9
320.9
320.9
320.9
320.9
320.9
320.9
320.9
320.9
320.9
320.9
320.9
320.9
320.9
320.9
320.9
320.9
320.9
320.9
320.9
320.9
320.9
320.9
320.9
320.9
320.9
320.9
320.9
320.9
320.9
320.9
320.9
320.9
320.9
320.9
320.9
320.9
320.9
320.9
320.9
320.9
320.9
320.9
320.9
320.9
320.9
320.9
320.9
320.9
320.9
320.9
320.9
320.9
320.9
320.9
320.9
320.9
320.9
320.9
320.9
320.9
320.9
320.9
320.9
320.9
320.9
320.9
320.9
320.9
320.9
320.9
320.9
320.9
320.9
320.9
320.9
320.9
320.9
320.9
320.9
320.9
320.9
320.9
320.9
320.9
320.9
320.9
320.9
320.9
320.9
320.9
320.9
320.9
320.9
320.9
320.9
320.9
320.9
320.9
320.9
320.9
320.9
320.9
320.9
320.9
320.9
320.9
320.9
320.9
320.9
320.9
320.9
320.9
320.9
320.9
320.9
320.9
320.9
320.9
320.9
320.9
320.9
320.9
320.9
320.9
320.9
320.9
320.9
320.9
320.9
320.9
320.9
320.9
320.9
320.9
320.9
320.9
320.9
320.9
320.9
320.9
320.9
320.9
320.9
320.9
320.9
320.9
320.9
320.9
320.9
320.9
320.9
320.9
320.9
320.9
320.9
320.9
320.9
320.9
320.9
320.9
320.9
320.9
320.9
320.9
320.9
320.9
320.9
320.9
320.9
320.9
320.9
320.9
320.9
320.9
320.9
320.9
320.9
321
321
321
321
321
321
321
321
321
321
321
321
321
321
321
321
321
321
321
321
321
321
321
321.1
321.2
321.2
321.3
321.5
321.7
321.7
321.7
321.7
321.7
321.7
321.7
321.7
321.7
321.7
321.7
321.7
321.7
321.7
321.7
321.7
321.7
321.7
321.7
321.7
321.7
321.7
321.7
321.7
321.7
321.7
321.7
321.7
321.7
321.7
321.7
321.7
321.7
321.7
321.7
321.7
321.7
321.7
321.7
321.7
321.7
321.7
321.7
321.7
321.7
321.7
321.7
321.7
321.7
321.7
321.7
321.7
321.7
321.7
321.7
321.7
321.7
321.7
321.7
321.7
321.7
321.7
321.7
321.7
321.7
321.7
321.7
321.7
321.7
321.7
321.7
321.7
321.7
321.7
321.7
321.7
321.7
321.7
321.7
321.7
321.7
321.7
321.7
321.7
321.7
321.7
321.7
321.7
321.7
321.7
321.7
321.7
321.7
321.7
321.7
321.7
321.7
321.7
321.7
321.7
321.7
321.7
321.7
321.7
321.7
321.7
321.7
321.7
321.7
321.7
321.7
321.7
321.7
321.7
321.7
321.7
321.7
321.7
321.7
321.7
321.7
321.7
321.7
321.7
321.7
321.7
321.7
321.7
321.7
321.7
321.7
321.7
321.7
321.7
321.7
321.7
321.7
321.7
321.7
321.7
321.7
321.7
321.7
321.7
321.7
321.7
321.7
321.7
321.7
321.7
321.7
321.7
321.7
321.7
321.7
321.7
321.7
321.7
321.7
321.7
321.7
321.7
321.7
321.7
321.7
321.7
321.7
321.7
321.7
321.7
321.7
321.7
321.7
321.7
321.7
321.7
321.7
321.7
321.7
321.7
321.7
321.7
321.7
321.7
321.7
321.7
321.7
321.7
321.7
321.7
321.7
321.7
321.7
321.7
321.7
321.7
321.7
321.7
321.7
321.7
321.7
321.7
321.7
321.7
321.7
321.7
321.7
321.7
321.7
321.7
321.7
321.7
321.7
321.7
321.7
321.7
321.7
321.7
321.7
321.7
321.7
321.7
321.7
321.7
321.7
321.7
321.7
321.7
321.7
321.7
321.7
321.7
321.7
321.7
321.7
321.7
321.7
321.7
321.7
321.7
321.7
321.7
321.7
321.7
321.7
321.7
321.7
321.7
321.7
321.7
321.7
321.7
321.7
321.7
321.7
321.7
321.7
321.7
321.7
321.7
321.7
321.7
321.7
321.7
321.7
321.7
321.7
321.7
321.7
321.7
321.7
321.7
321.7
321.7
321.7
321.7
321.7
321.7
321.7
321.7
321.7
321.7
321.7
321.7
321.7
321.7
321.7
321.7
321.7
321.7
321.7
321.7
321.7
321.7
321.7
321.7
321.7
321.7
321.7
321.7
321.7
321.7
321.7
321.7
321.7
321.7
321.7
321.7
321.7
321.7
321.7
321.7
321.7
321.7
321.7
321.7
321.7
321.7
321.7
321.7
321.7
321.7
321.7
321.7
321.7
321.7
321.7
321.7
321.7
321.7
321.7
321.7
321.7
321.7
321.7
321.7
321.7
321.7
321.7
321.7
321.7
321.7
321.7
321.7
321.7
321.7
321.7
321.7
321.7
321.7
321.7
321.7
321.7
321.7
321.7
321.7
321.7
321.7
321.7
321.7
321.7
321.7
321.7
321.7
321.7
321.7
321.7
321.7
321.7
321.7
321.7
321.7
321.7
321.7
321.7
321.7
321.7
321.7
321.7
321.7
321.7
321.7
321.7
321.7
321.7
321.7
321.7
321.7
321.7
321.7
321.7
321.7
321.7
321.7
321.7
321.7
321.7
321.7
321.7
321.7
321.7
321.7
321.7
321.7
321.7
321.7
321.7
321.7
321.7
321.7
321.7
321.7
321.7
321.7
321.7
321.7
321.7
321.7
321.7
321.7
321.7
321.7
321.7
321.7
321.7
321.7
321.7
321.7
321.7
321.7
321.7
321.7
321.7
321.7
321.7
321.7
321.7
321.7
321.7
321.7
321.7
321.7
321.7
321.7
321.7
321.7
321.7
321.7
321.7
321.7
321.7
321.7
321.7
321.7
321.7
321.7
321.7
321.7
321.7
321.7
321.7
321.7
321.7
321.7
321.7
321.7
321.7
321.7
321.7
321.7
321.7
321.7
321.7
321.7
321.7
321.7
321.7
321.7
321.7
321.7
321.7
321.7
321.7
321.7
321.7
321.7
321.7
321.7
321.7
321.7
321.7
321.7
321.7
321.7
321.7
321.7
321.7
321.7
321.7
321.7
321.7
321.7
321.7
321.7
321.7
321.7
321.7
321.7
321.7
321.7
321.7
321.7
321.7
321.7
321.7
321.7
321.7
321.7
321.7
321.7
321.7
321.7
321.7
321.7
321.7
321.7
321.7
321.7
321.7
321.7
321.7
321.7
321.7
321.7
321.7
321.7
321.7
321.7
321.7
321.7
321.7
321.7
321.7
321.7
321.7
321.7
321.7
321.7
321.7
321.7
321.7
321.7
321.7
321.7
321.7
321.7
321.7
321.7
321.7
321.7
321.7
321.7
321.7
321.7
321.7
321.7
321.7
321.7
321.7
321.7
321.7
321.7
321.7
321.7
321.7
321.7
321.7
321.7
321.7
321.7
321.7
321.7
321.7
321.7
321.7
321.7
321.7
321.7
321.7
321.7
321.7
321.7
321.7
321.7
321.7
321.7
321.7
321.7
321.7
321.7
321.7
321.7
321.7
321.7
321.7
321.7
321.7
321.7
321.7
321.7
321.7
321.7
321.7
321.7
321.7
321.7
321.7
321.7
321.7
321.7
321.7
321.7
321.7
321.7
321.7
321.7
321.7
321.7
321.7
321.7
321.7
321.7
321.7
321.7
321.7
321.7
321.7
321.7
321.7
321.7
321.7
321.7
321.7
321.7
321.7
321.7
321.7
321.7
321.7
321.7
321.7
321.7
321.7
321.7
321.7
321.7
321.7
321.7
321.7
321.7
321.7
321.7
321.7
321.7
321.7
321.7
321.7
321.7
321.7
321.7
321.7
321.7
321.7
321.7
321.7
321.7
321.7
321.7
321.7
321.7
321.7
321.7
321.7
321.7
321.7
321.7
321.7
321.7
321.7
321.7
321.7
321.7
321.7
321.7
321.7
321.7
321.7
321.7
321.7
321.7
321.7
321.7
321.7
321.7
321.7
321.7
321.7
321.7
321.7
321.7
321.7
321.7
321.7
321.7
321.7
321.7
321.7
321.7
321.7
321.7
321.7
321.7
321.7
321.7
321.7
321.7
321.7
321.7
321.7
321.7
321.7
321.7
321.7
321.7
321.7
321.7
321.7
321.7
321.7
321.7
321.7
321.7
321.7
321.7
321.7
321.7
321.7
321.7
321.7
321.7
321.7
321.7
321.7
321.7
321.7
321.7
321.7
321.7
321.7
321.7
321.7
321.7
321.7
321.7
321.7
321.7
321.7
321.7
321.7
321.7
321.7
321.7
321.7
321.7
321.7
321.7
321.7
321.7
321.7
321.7
321.7
321.7
321.7
321.7
321.7
321.7
321.7
321.7
321.7
321.7
321.7
321.7
321.7
321.7
321.7
321.7
321.7
321.7
321.7
321.7
321.7
321.7
321.7
321.7
321.7
321.7
321.7
321.7
321.7
321.7
321.7
321.7
321.7
321.7
321.7
321.7
321.7
321.7
321.7
321.7
321.7
321.7
321.7
321.7
321.7
321.7
321.7
321.7
321.7
321.7
321.7
321.7
321.7
321.7
321.7
321.7
321.7
321.7
321.7
321.7
321.7
321.7
321.7
321.7
321.7
321.7
321.7
321.7
321.7
321.7
321.7
321.7
321.7
321.7
321.7
321.7
321.7
321.7
321.7
321.7
321.7
321.7
321.7
321.7
321.7
321.7
321.7
321.7
321.7
321.7
321.7
321.7
321.7
321.7
321.7
321.7
321.7
321.7
321.7
321.7
321.7
321.7
321.7
321.7
321.7
321.7
321.7
321.7
321.7
321.7
321.7
321.7
321.7
321.7
321.7
321.7
321.7
321.7
321.7
321.7
321.7
321.7
321.7
321.7
321.7
321.7
321.7
321.7
321.7
321.7
321.7
321.7
321.7
321.7
321.7
321.7
321.7
321.7
321.7
321.7
321.7
321.7
321.7
321.7
321.7
321.7
321.7
321.7
321.7
321.7
321.7
321.7
321.7
321.7
321.7
321.7
321.7
321.7
321.7
321.7
321.7
321.7
321.7
321.7
321.7
321.7
321.7
321.7
321.7
321.7
321.7
321.7
321.7
321.7
321.7
321.7
321.7
321.7
321.7
321.7
321.7
321.7
321.7
321.7
321.7
321.7
321.7
321.7
321.7
321.7
321.7
321.7
321.7
321.7
321.7
321.7
321.7
321.7
321.7
321.7
321.7
321.7
321.7
321.7
321.7
321.7
321.7
321.7
321.7
321.7
321.7
321.7
321.7
321.7
321.7
321.7
321.7
321.7
321.7
321.7
321.7
321.7
321.7
321.7
321.7
321.7
321.7
321.7
321.7
321.7
321.7
321.7
321.7
321.7
321.7
321.7
321.7
321.7
321.7
321.7
321.7
321.7
321.7
321.7
321.7
321.7
321.7
321.7
321.7
321.7
321.7
321.7
321.7
321.7
321.7
321.7
321.7
321.7
321.7
321.7
321.7
321.7
321.7
321.7
321.7
321.7
321.7
321.7
321.7
321.7
321.7
321.7
321.7
321.7
321.7
321.7
321.7
321.7
321.7
321.7
321.7
321.7
321.7
321.7
321.7
321.7
321.7
321.7
321.7
321.7
321.7
321.7
321.7
321.7
321.7
321.7
321.7
321.7
321.7
321.7
321.7
321.7
321.7
321.7
321.7
321.7
321.7
321.7
321.7
321.7
321.7
321.7
321.7
321.7
321.7
321.7
321.7
321.7
321.7
321.7
321.7
321.7
321.7
321.7
321.7
321.7
321.7
321.7
321.7
321.7
321.7
321.7
321.7
321.7
321.7
321.7
321.7
321.7
321.7
321.7
321.7
321.7
321.7
321.7
321.7
321.7
321.7
321.7
321.7
321.7
321.7
321.7
321.7
321.7
321.7
321.7
321.7
321.7
321.7
321.7
321.7
321.7
321.7
321.7
321.7
321.7
321.7
321.7
321.7
321.7
321.7
321.7
321.7
321.7
321.7
321.7
321.7
321.7
321.7
321.7
321.7
321.7
321.7
321.7
321.7
321.7
321.7
321.7
321.7
321.7
321.7
321.7
321.7
321.7
321.7
321.7
321.7
321.7
321.7
321.7
321.7
321.7
321.7
321.7
321.7
321.7
321.7
321.7
321.7
321.7
321.7
321.7
321.7
321.7
321.7
321.7
321.7
321.7
321.7
321.7
321.7
321.7
321.7
321.7
321.7
321.7
321.7
321.7
321.7
321.7
321.7
321.7
321.7
321.7
321.7
321.7
321.7
321.7
321.7
321.7
321.7
321.7
321.7
321.7
321.7
321.7
321.7
321.7
321.7
321.7
321.7
321.7
321.7
321.7
321.7
321.7
321.7
321.7
321.7
321.7
321.7
321.7
321.7
321.7
321.7
321.7
321.7
321.7
321.7
321.7
321.7
321.7
321.7
321.7
321.7
321.7
321.7
321.7
321.7
321.7
321.7
321.7
321.7
321.7
321.7
321.7
321.7
321.7
321.7
321.7
321.7
321.7
321.7
321.7
321.7
321.7
321.7
321.7
321.7
321.7
321.7
321.7
321.7
321.7
321.7
321.7
321.7
321.7
321.7
321.7
321.7
321.7
321.7
321.7
321.7
321.7
321.7
321.7
321.7
321.7
321.7
321.7
321.7
321.7
321.7
321.7
321.7
321.7
321.7
321.7
321.7
321.7
321.7
321.7
321.7
321.7
321.7
321.7
321.7
321.7
321.7
321.7
321.7
321.7
321.7
321.7
321.7
321.7
321.7
321.7
321.7
321.7
321.7
321.7
321.7
321.7
321.7
321.7
321.7
321.7
321.7
321.7
321.7
321.7
321.7
321.7
321.7
321.7
321.7
321.7
321.7
321.7
321.7
321.7
321.7
321.7
321.7
321.7
321.7
321.7
321.7
321.7
321.7
321.7
321.7
321.7
321.7
321.7
321.7
321.7
321.7
321.7
321.7
321.7
321.7
321.7
321.7
321.7
321.7
321.7
321.7
321.7
321.7
321.7
321.7
321.7
321.7
321.7
321.7
321.7
321.7
321.7
321.7
321.7
321.7
321.7
321.7
321.7
321.7
321.7
321.7
321.7
321.7
321.7
321.7
321.7
321.7
321.7
321.7
321.7
321.7
321.7
321.7
321.7
321.7
321.7
321.7
321.7
321.7
321.7
321.7
321.7
321.7
321.7
321.7
321.7
321.7
321.7
321.7
321.7
321.7
321.7
321.7
321.7
321.7
321.7
321.7
321.7
321.7
321.7
321.7
321.7
321.7
321.7
321.7
321.7
321.7
321.7
321.7
321.7
321.7
321.7
321.7
321.7
321.7
321.7
321.7
321.7
321.7
321.7
321.7
321.7
321.7
321.7
321.7
321.7
321.7
321.7
321.7
321.7
321.7
321.7
321.7
321.7
321.7
321.7
321.7
321.7
321.7
321.7
321.7
321.7
321.7
321.7
321.7
321.7
321.7
321.7
321.7
321.7
321.7
321.7
321.7
321.7
321.7
321.7
321.7
321.7
321.7
321.7
321.7
321.7
321.7
321.7
321.7
321.7
321.7
321.7
321.7
321.7
321.7
321.7
321.7
321.7
321.7
321.7
321.7
321.7
321.7
321.7
321.7
321.7
321.7
321.7
321.7
321.7
321.7
321.7
321.7
321.7
321.7
321.7
321.7
321.7
321.7
321.7
321.7
321.7
321.7
321.7
321.7
321.7
321.7
321.7
321.7
321.7
321.7
321.7
321.7
321.7
321.7
321.7
321.7
321.7
321.7
321.7
321.7
321.7
321.7
321.7
321.7
321.7
321.7
321.7
321.7
321.7
321.7
321.7
321.7
321.7
321.7
321.7
321.7
321.7
321.7
321.7
321.7
321.7
321.7
321.7
321.7
321.7
321.7
321.7
321.7
321.7
321.7
321.7
321.7
321.7
321.7
321.7
321.7
321.7
321.7
321.7
321.7
321.7
321.7
321.7
321.7
321.7
321.7
321.7
321.7
321.7
321.7
321.7
321.7
321.7
321.7
321.7
321.7
321.7
321.7
321.7
321.7
321.7
321.7
321.7
321.7
321.7
321.7
321.7
321.7
321.7
321.7
321.7
321.7
321.7
321.7
321.7
321.7
321.7
321.7
321.7
321.7
321.7
321.7
321.7
321.7
321.7
321.7
321.7
321.7
321.7
321.7
321.7
321.7
321.7
321.7
321.7
321.7
321.7
321.7
321.7
321.7
321.7
321.7
321.7
321.7
321.7
321.7
321.7
321.7
321.7
321.7
321.7
321.7
321.7
321.7
321.7
321.7
321.7
321.7
321.7
321.7
321.7
321.7
321.7
321.7
321.7
321.7
321.8
321.8
321.9
321.9
321.9
321.9
321.9
321.9
321.9
322
322
322
322.1
322.4
322.4
322.4
322.5
322.5
322.5
322.5
322.5
322.5
322.5
322.5
322.5
322.5
322.5
322.5
322.5
322.5
322.5
322.5
322.5
322.5
322.5
322.5
322.5
322.5
322.5
322.5
322.5
322.5
322.5
322.5
322.5
322.5
322.5
322.5
322.5
322.5
322.5
322.5
322.5
322.5
322.5
322.5
322.5
322.5
322.5
322.5
322.5
322.5
322.5
322.5
322.5
322.5
322.5
322.5
322.5
322.5
322.5
322.5
322.5
322.5
322.5
322.5
322.5
322.5
322.5
322.5
322.5
322.5
322.5
322.5
322.5
322.5
322.5
322.5
322.5
322.5
322.5
322.5
322.5
322.5
322.5
322.5
322.5
322.5
322.5
322.5
322.5
322.5
322.5
322.5
322.5
322.5
322.5
322.5
322.5
322.5
322.5
322.5
322.5
322.5
322.5
322.5
322.5
322.5
322.5
322.5
322.5
322.5
322.5
322.5
322.5
322.5
322.5
322.5
322.5
322.5
322.5
322.5
322.5
322.5
322.5
322.5
322.5
322.5
322.5
322.5
322.5
322.5
322.5
322.5
322.5
322.5
322.5
322.5
322.5
322.5
322.5
322.5
322.5
322.5
322.5
322.5
322.5
322.5
322.5
322.5
322.5
322.5
322.5
322.5
322.5
322.5
322.5
322.5
322.5
322.5
322.5
322.5
322.5
322.5
322.5
322.5
322.5
322.5
322.5
322.5
322.5
322.5
322.5
322.5
322.5
322.5
322.5
322.5
322.5
322.5
322.5
322.5
322.5
322.5
322.5
322.5
322.5
322.5
322.5
322.5
322.5
322.5
322.5
322.5
322.5
322.5
322.5
322.5
322.5
322.5
322.5
322.5
322.5
322.5
322.5
322.5
322.5
322.5
322.5
322.5
322.5
322.5
322.5
322.5
322.5
322.5
322.5
322.5
322.5
322.5
322.5
322.5
322.5
322.5
322.5
322.5
322.5
322.5
322.5
322.5
322.5
322.5
322.5
322.5
322.5
322.5
322.5
322.5
322.5
322.5
322.5
322.5
322.5
322.5
322.5
322.5
322.5
322.5
322.5
322.5
322.5
322.5
322.5
322.5
322.5
322.5
322.5
322.5
322.5
322.5
322.5
322.5
322.5
322.5
322.5
322.5
322.5
322.5
322.5
322.5
322.5
322.5
322.5
322.5
322.5
322.5
322.5
322.5
322.5
322.5
322.5
322.5
322.5
322.5
322.5
322.5
322.5
322.5
322.5
322.5
322.5
322.5
322.5
322.5
322.5
322.5
322.5
322.5
322.5
322.5
322.5
322.5
322.5
322.5
322.5
322.5
322.5
322.5
322.5
322.5
322.5
322.5
322.5
322.5
322.5
322.5
322.5
322.5
322.5
322.5
322.5
322.5
322.5
322.5
322.5
322.5
322.5
322.5
322.5
322.5
322.5
322.5
322.5
322.5
322.5
322.5
322.5
322.5
322.5
322.5
322.5
322.5
322.5
322.5
322.5
322.5
322.5
322.5
322.5
322.5
322.5
322.5
322.5
322.5
322.5
322.5
322.5
322.5
322.5
322.5
322.5
322.5
322.5
322.5
322.5
322.5
322.5
322.5
322.5
322.5
322.5
322.5
322.5
322.5
322.5
322.5
322.5
322.5
322.5
322.5
322.5
322.5
322.5
322.5
322.5
322.5
322.5
322.5
322.5
322.5
322.5
322.5
322.5
322.5
322.5
322.5
322.5
322.5
322.5
322.5
322.5
322.5
322.5
322.5
322.5
322.5
322.5
322.5
322.5
322.5
322.5
322.5
322.5
322.5
322.5
322.5
322.5
322.5
322.5
322.5
322.5
322.5
322.5
322.5
322.5
322.5
322.5
322.5
322.5
322.5
322.5
322.5
322.5
322.5
322.5
322.5
322.5
322.5
322.5
322.5
322.5
322.5
322.5
322.5
322.5
322.5
322.5
322.5
322.5
322.5
322.5
322.5
322.5
322.5
322.5
322.5
322.5
322.5
322.5
322.5
322.5
322.5
322.5
322.5
322.5
322.5
322.5
322.5
322.6
322.6
322.6
322.7
323.1
323.3
323.4
323.4
323.4
323.4
323.4
323.4
323.5
323.8
323.8
323.8
323.8
323.8
323.9
323.9
323.9
323.9
323.9
323.9
323.9
323.9
323.9
323.9
323.9
323.9
323.9
323.9
323.9
323.9
323.9
323.9
323.9
323.9
323.9
323.9
323.9
323.9
323.9
323.9
323.9
323.9
323.9
323.9
324
324
324
324
324
324.2
324.3
324.3
324.3
324.3
324.3
324.3
324.3
324.4
324.5
324.5
324.5
324.5
324.5
324.6
324.6
324.6
324.9
326.5
327.9
329.3
329.9
330.7
332
332
332
332.1
332.4
336.8
337.1
337.3
337.3
337.3
337.3
337.3
337.3
337.7
337.7
337.8
337.8
337.8
338.1
338.1
338.1
338.1
338.1
338.1
338.1
338.1
338.1
338.1
338.1
338.1
338.1
338.1
338.1
338.1
338.1
338.1
338.1
338.1
338.1
338.1
338.1
338.1
338.1
338.1
338.1
338.1
338.1
338.1
338.1
338.1
338.1
338.1
338.1
338.1
338.1
338.1
338.1
338.1
338.1
338.1
338.1
338.1
338.1
338.1
338.1
338.1
338.1
338.1
338.1
338.1
338.1
338.1
338.1
338.1
338.1
338.1
338.1
338.1
338.1
338.1
338.1
338.1
338.1
338.1
338.1
338.1
338.1
338.1
338.1
338.1
338.1
338.1
338.1
338.1
338.2
338.3
338.3
338.3
338.3
338.3
338.3
338.3
338.3
338.3
338.3
338.3
338.3
338.3
338.3
338.4
338.4
338.4
338.4
338.4
338.4
338.5
338.5
338.5
338.5
338.5
338.5
338.5
338.5
338.5
338.5
338.5
338.5
338.5
338.5
338.5
338.5
338.5
338.5
338.5
338.5
338.5
338.5
338.5
338.5
338.5
338.5
338.5
338.5
338.5
338.5
338.5
338.5
338.5
338.9
341.2
342.9
344.1
344.4
344.5
344.5
344.5
344.5
344.5
344.5
344.5
344.5
344.5
344.5
344.5
344.5
344.5
344.5
344.5
345
345.4
345.5
345.6
345.8
346.2
346.3
346.4
346.4
346.5
346.5
346.5
346.5
346.5
346.5
346.5
346.5
346.5
346.5
346.5
346.5
346.5
346.5
346.5
346.5
346.5
346.5
346.5
346.5
346.5
346.5
346.5
346.6
346.8
346.9
347.3
347.6
348
348.1
348.1
348.1
348.1
348.1
348.1
348.1
348.1
348.1
348.1
348.1
348.1
348.1
348.1
348.1
348.1
348.1
348.1
348.1
348.1
348.1
348.1
348.1
348.1
348.1
348.1
348.1
348.1
348.1
348.1
348.1
348.1
348.1
348.1
348.1
348.1
348.1
348.1
348.1
348.1
348.1
348.1
348.1
348.1
348.1
348.1
348.1
348.1
348.1
348.1
348.1
348.1
348.1
348.2
348.2
348.2
348.2
348.2
348.2
348.2
348.2
348.2
348.2
348.2
348.2
348.2
348.2
348.3
348.5
348.7
348.7
348.8
348.8
348.8
348.8
348.8
348.8
348.8
348.9
348.9
348.9
348.9
349
349.4
349.4
349.4
349.4
349.5
350.1
350.6
351.9
352.4
352.5
352.5
352.5
352.5
352.5
352.5
352.5
352.5
352.5
352.5
352.5
352.5
352.5
352.5
352.5
352.5
352.5
352.5
352.5
352.5
352.5
352.5
352.5
352.5
352.5
352.5
352.5
352.5
352.5
352.5
352.5
352.5
352.5
352.5
352.5
352.5
352.5
352.5
352.5
352.5
352.5
352.5
352.5
352.5
352.5
352.5
352.5
352.5
352.5
352.5
352.5
352.5
352.5
352.5
352.5
352.5
352.5
352.5
352.5
352.5
352.5
352.5
352.5
352.5
352.5
352.5
352.5
352.5
352.5
352.5
352.5
352.5
352.5
352.5
352.5
352.5
352.5
352.5
352.5
352.5
352.5
352.5
352.5
352.5
352.6
352.7
353
353.3
353.4
353.4
353.4
353.4
353.4
353.4
353.4
353.4
353.4
353.4
353.5
353.5
353.5
353.5
353.5
353.5
353.5
353.5
353.5
353.5
353.5
353.5
353.5
353.5
353.5
353.5
353.5
353.5
353.5
353.5
353.5
353.5
353.5
353.5
353.5
353.5
353.5
353.5
353.5
353.5
353.5
353.5
353.5
353.5
353.5
353.5
353.5
353.5
353.5
353.5
353.5
353.5
353.5
353.5
353.5
353.5
353.5
353.5
353.5
353.5
353.5
353.5
353.5
353.5
353.5
353.5
353.5
353.5
353.5
353.5
353.5
353.5
353.5
353.5
353.5
353.5
353.5
353.5
353.5
353.5
353.5
353.5
353.5
353.5
353.5
353.5
353.5
353.5
353.5
353.5
353.5
353.5
353.5
353.5
353.5
353.5
353.5
353.5
353.5
353.5
353.5
353.5
353.5
353.5
353.5
353.5
353.5
353.5
353.5
353.5
353.5
353.5
353.5
353.5
353.5
353.5
353.5
353.5
353.5
353.5
353.5
353.5
353.5
353.5
353.5
353.5
353.5
353.5
353.5
353.5
353.5
353.5
353.5
353.5
353.5
353.5
353.5
353.5
353.5
353.5
353.5
353.5
353.5
353.5
353.5
353.5
353.5
353.5
353.5
353.5
353.5
353.5
353.5
353.5
353.5
353.5
353.5
353.5
353.5
353.5
353.5
353.5
353.5
353.5
353.5
353.5
353.5
353.5
353.5
353.5
353.5
353.5
353.5
353.5
353.5
353.5
353.5
353.5
353.5
353.5
353.5
353.5
353.5
353.5
353.5
353.5
353.6
353.6
353.6
353.7
353.8
354.3
355.2
355.3
355.3
355.3
355.3
355.3
355.3
355.3
355.3
355.3
355.3
355.3
355.3
355.3
355.3
355.4
355.4
355.4
355.4
355.4
355.4
355.4
355.4
355.4
355.4
355.4
355.4
355.4
355.4
355.4
355.4
355.4
355.4
355.4
355.4
355.4
355.4
355.4
355.4
355.4
355.4
355.4
355.4
355.4
355.4
355.4
355.4
355.4
355.4
355.4
355.4
355.4
355.4
355.4
355.4
355.4
355.4
355.4
355.4
355.4
355.4
355.4
355.4
355.4
355.4
355.4
355.4
355.4
355.4
355.4
355.4
355.4
355.4
355.4
355.4
355.4
355.4
355.4
355.4
355.4
355.4
355.5
355.6
355.6
355.6
355.7
355.7
355.9
356
356.2
356.5
356.5
356.5
356.6
356.6
356.6
356.6
356.7
356.7
356.7
356.7
356.7
356.7
356.7
356.7
356.7
356.7
356.7
356.7
356.7
356.7
356.7
356.7
356.7
356.7
356.7
356.7
356.7
356.7
356.7
356.7
356.7
356.7
356.7
356.7
356.7
356.7
356.7
356.7
356.7
356.7
356.7
356.7
356.7
356.7
356.7
356.7
356.7
356.7
356.7
356.7
356.7
356.7
356.7
356.7
356.7
356.7
356.7
356.7
356.7
356.7
356.7
356.7
356.7
356.7
356.7
356.7
356.7
356.7
356.7
356.7
356.7
356.7
356.7
356.7
356.7
356.7
356.7
356.7
356.7
356.7
356.7
356.7
356.7
356.7
356.7
356.7
356.7
356.7
356.7
356.7
356.7
356.7
356.7
356.7
356.7
356.7
356.7
356.7
356.7
356.7
356.7
356.7
356.7
356.7
356.9
356.9
356.9
356.9
357
358
358
358.1
358.2
358.3
358.4
358.4
358.4
358.5
358.6
359.6
361.3
362
362
362
362
362
362
362.1
362.1
362.1
362.1
362.1
362.1
362.1
362.1
362.1
362.1
362.1
362.1
362.1
362.3
362.5
362.5
362.5
362.5
362.5
362.5
362.5
362.5
362.5
362.5
362.5
362.5
362.5
362.5
362.5
362.5
362.5
362.5
362.5
362.5
362.5
362.5
362.5
362.5
362.5
362.5
362.5
362.5
362.5
362.5
362.5
362.5
362.5
362.5
362.5
362.5
362.5
362.5
362.5
362.5
362.5
362.5
362.5
362.5
362.5
362.5
362.5
362.5
362.5
362.5
362.5
362.5
362.6
362.6
362.6
362.9
363.1
363.1
363.1
363.9
364.2
364.2
364.8
364.8
364.8
364.8
364.8
364.9
364.9
364.9
365
365
365
365
365
365
365
365
365
365
365
365
365
365
365
365
365
365
365
365
365
365
365
365
365
365
365
365
365
365
365
365
365
365
365
365
365
365
365
365
365
365
365
365
365
365
365
365
365
365
365
365
365
365
365
365
365.1
365.1
365.1
365.1
365.1
365.1
365.2
365.6
366.2
366.3
366.3
366.4
366.9
367.7
368.7
369
369.4
369.6
369.8
371.1
372.6
373.5
374.4
374.6
374.8
374.8
374.8
374.8
374.8
374.8
374.8
374.9
374.9
374.9
374.9
374.9
374.9
374.9
374.9
374.9
374.9
374.9
374.9
374.9
374.9
374.9
374.9
374.9
374.9
374.9
374.9
374.9
374.9
374.9
374.9
374.9
374.9
374.9
374.9
374.9
374.9
374.9
374.9
374.9
374.9
374.9
374.9
374.9
374.9
374.9
374.9
374.9
374.9
374.9
374.9
374.9
374.9
374.9
374.9
374.9
374.9
374.9
374.9
374.9
374.9
374.9
374.9
374.9
374.9
374.9
374.9
374.9
374.9
374.9
374.9
374.9
374.9
374.9
374.9
374.9
374.9
374.9
374.9
374.9
374.9
374.9
374.9
374.9
374.9
374.9
374.9
374.9
375
375.3
375.4
375.5
375.5
375.5
375.5
375.5
375.5
375.5
375.5
375.5
375.5
375.5
375.5
375.5
375.5
375.5
375.5
375.5
375.5
375.5
375.5
375.5
375.5
375.5
375.5
375.6
375.6
375.6
375.6
375.6
375.6
375.6
375.8
376
376
376.4
376.5
376.6
376.6
376.6
376.6
376.9
377.4
379.7
380.6
380.6
380.6
380.6
380.6
380.6
380.6
380.6
380.6
380.6
380.6
380.6
380.6
380.6
380.6
380.6
380.6
380.6
380.6
380.6
380.6
380.6
380.6
380.6
380.6
380.6
380.6
380.6
380.7
380.8
380.8
380.8
380.8
380.8
381.4
381.6
381.6
381.6
382
382.1
382.3
382.7
382.9
383.1
383.1
383.1
383.1
383.1
383.1
383.1
383.1
383.2
383.2
383.2
383.2
383.2
383.2
383.2
383.2
383.2
383.2
383.2
383.2
383.2
383.2
383.2
383.2
383.2
383.2
383.2
383.2
383.2
383.2
383.2
383.2
383.2
383.2
383.2
383.2
383.2
383.2
383.5
384.7
385.5
385.5
385.5
385.5
385.5
385.5
385.5
385.5
385.5
385.5
385.7
386.1
387
387.8
388.2
388.8
389.9
390.1
390.1
390.1
390.2
391.8
395.2
398.6
400.2
400.6
400.6
400.6
400.7
400.7
400.7
400.7
400.7
400.7
400.7
400.7
400.7
400.7
400.7
400.7
400.7
400.8
400.8
400.8
400.8
400.8
400.8
400.8
400.8
400.8
400.8
400.8
400.8
400.8
400.8
400.8
400.8
400.8
400.8
400.8
400.8
400.8
400.8
400.8
400.8
400.8
400.8
400.8
400.8
400.8
400.8
400.8
400.8
400.8
400.8
400.8
400.8
400.8
400.8
400.8
400.8
400.8
400.8
400.8
400.8
400.8
400.8
400.8
400.8
400.8
400.8
400.9
401.3
401.4
401.4
401.4
401.4
401.4
401.5
401.5
401.5
401.5
401.5
401.5
401.5
401.5
401.5
401.6
401.7
401.7
401.7
401.8
401.8
401.8
401.8
401.8
401.8
401.8
401.8
401.8
401.8
401.8
401.8
401.8
401.8
401.8
401.8
401.8
401.8
401.8
401.8
401.8
401.8
401.8
401.8
401.8
401.8
401.8
401.9
402.2
402.3
402.9
403.2
403.2
403.2
403.2
403.2
403.2
403.2
403.2
403.2
403.2
403.2
403.2
403.2
403.2
403.2
403.2
403.2
403.2
403.2
403.3
403.3
403.3
403.3
403.3
403.3
403.3
403.3
403.3
403.3
403.3
403.3
403.3
403.3
403.3
403.3
403.3
403.3
403.3
403.3
403.3
403.3
403.3
403.3
403.3
403.6
404.7
407
409.1
410.4
411.1
412.3
412.6
412.6
412.6
412.6
412.6
412.6
412.6
412.6
412.6
412.6
412.6
412.6
412.6
412.6
412.6
412.6
412.6
412.6
412.6
412.6
412.6
412.6
412.6
412.6
412.6
412.6
412.6
412.6
412.6
412.6
412.6
412.6
412.6
412.6
412.6
412.6
412.6
412.6
412.6
412.6
412.6
412.6
412.6
412.6
412.6
412.6
412.6
412.6
412.6
412.6
412.6
412.6
412.6
412.6
412.6
412.6
412.6
412.6
412.6
412.6
412.6
412.6
412.6
412.6
412.6
412.6
412.6
412.6
412.6
412.6
412.6
412.6
412.6
412.6
412.6
412.6
412.6
412.6
412.6
412.6
412.6
412.6
412.6
412.6
412.6
412.6
412.6
412.6
412.6
412.8
414.2
414.6
414.6
414.7
414.9
415.1
415.1
415.1
415.2
415.2
415.2
415.2
415.2
415.2
415.2
415.4
415.4
415.4
415.4
415.4
415.5
415.6
415.6
415.6
415.6
415.6
415.6
415.6
415.6
415.6
415.6
415.6
415.6
415.6
415.6
415.6
415.6
415.6
415.6
415.6
415.6
415.6
415.6
415.6
415.6
415.6
415.6
415.6
415.6
415.6
415.6
415.6
415.6
415.6
415.6
415.6
415.6
415.6
415.6
415.6
415.6
415.6
415.6
415.6
415.6
415.6
415.6
415.6
415.6
415.6
415.6
415.6
415.6
415.6
415.6
415.6
415.6
415.6
415.6
415.6
415.6
415.6
415.6
415.6
415.6
415.6
415.6
415.6
415.6
415.6
415.6
415.6
415.6
415.6
415.6
415.6
415.6
415.6
415.6
415.6
415.6
415.6
415.6
415.6
415.6
415.6
415.6
415.6
415.6
415.6
415.6
415.6
415.6
415.6
415.6
415.6
415.6
415.6
415.6
415.6
415.6
415.6
415.6
415.6
415.6
415.6
415.6
415.6
415.6
415.6
415.6
415.6
415.6
415.6
415.6
415.6
415.6
415.6
415.6
415.6
415.6
415.6
415.6
415.6
415.6
415.7
415.7
415.7
415.7
415.7
415.7
415.7
415.7
416
416.1
416.2
416.2
416.2
416.2
416.3
416.4
416.5
416.5
416.6
416.6
416.6
416.6
416.6
416.6
416.6
417.1
417.3
417.3
417.3
417.3
417.3
417.3
417.3
417.3
417.3
417.3
417.3
417.5
418
418.4
418.4
418.4
418.4
418.5
418.5
418.9
419.9
420
420.1
420.1
420.1
420.1
420.1
420.2
420.2
420.3
420.5
420.5
420.5
420.5
420.5
420.5
420.5
420.5
420.5
420.5
420.5
420.6
420.6
420.6
420.6
420.6
420.6
420.6
420.6
420.6
420.6
420.6
420.6
420.6
420.6
420.6
420.6
420.6
420.6
420.6
420.6
420.6
420.6
420.6
420.6
420.6
420.6
420.6
420.6
420.6
420.6
420.6
420.6
420.6
420.6
420.6
420.7
420.7
420.8
420.9
421
421.1
421.1
421.1
421.2
421.5
421.8
421.8
421.9
421.9
422
422
422
422
422
422
422
422
422
422
422
422
422
422
422
422
422
422
422
422
422
422
422
422
422
422
422
422
422
422
422
422
422
422
422
422
422
422
422
422
422
422
422
422
422
422
422
422
422
422
422
422
422
422
422
422
422
422
422
422
422
422
422
422
422
422
422
422
422.1
422.3
422.6
423.1
423.4
423.8
424
424
424
424
424
424
424
424
424
424
424
424
424
424
424
424
424
424
424
424
424
424
424
424
424
424
424
424
424
424
424
424
424
424
424
424
424
424
424
424
424
424
424
424
424
424
424
424
