0
0.1
0.1
0.1
0.1
0.1
0.2
0.2
0.2
0.2
0.2
0.4
0.4
0.4
0.4
0.4
0.4
0.4
0.4
0.4
0.4
0.4
0.4
0.4
0.4
0.4
0.4
0.4
0.4
0.4
0.4
0.4
0.4
0.4
0.4
0.4
0.4
0.4
0.4
0.4
0.4
0.4
0.7
1.6
2.1
2.2
2.2
2.2
7.1
7.2
7.2
7.2
7.2
7.2
7.2
7.2
7.2
7.2
7.2
7.2
7.3
7.9
9.1
10.3
12.5
12.9
14
15.2
15.5
15.5
15.5
15.5
15.8
15.8
15.8
15.8
15.8
15.8
15.8
15.8
15.8
15.8
15.8
15.8
15.8
15.9
15.9
16
16.1
16.4
16.7
17.1
17.6
17.9
18.3
18.7
33.1
33.1
33.2
33.2
33.2
33.3
33.3
33.3
33.4
33.4
33.4
33.4
33.5
35.8
36.8
37.2
37.4
37.8
37.8
37.8
37.8
37.8
37.8
37.8
38.4
38.4
38.4
38.4
38.4
38.4
38.4
38.4
38.4
38.4
38.4
38.4
38.4
38.4
38.4
38.4
38.4
38.4
38.4
38.4
38.4
38.4
38.4
38.4
38.4
38.4
38.4
38.4
38.4
38.5
38.5
38.5
38.5
38.5
38.5
38.5
38.5
38.5
38.5
38.6
38.6
38.6
38.7
38.7
38.7
38.7
38.7
38.7
39.4
39.4
39.4
39.4
39.4
39.4
39.4
39.4
39.4
39.4
39.4
39.4
39.4
39.5
39.5
39.5
39.5
39.5
39.5
39.5
39.5
39.5
39.5
39.5
48.1
48.1
48.1
48.1
48.1
48.1
48.1
48.1
48.1
48.1
48.1
48.1
48.1
48.1
48.1
48.1
48.1
48.1
48.1
48.1
48.1
48.1
48.1
48.1
56.3
56.3
56.3
56.3
56.3
56.3
56.3
56.3
56.3
56.3
56.3
56.3
56.3
56.3
56.4
56.4
56.4
56.4
56.4
56.4
56.6
56.8
56.9
57.7
61.2
61.2
61.2
61.3
61.3
61.3
61.3
61.3
61.3
61.3
61.3
61.3
61.3
61.5
61.9
62.5
64
64.8
64.9
64.9
65
65
65
65
74
74
74
74
74
74
74
74
74
74
74
74
74
74.2
75.2
75.4
75.9
79.4
82.9
85.3
86.7
86.8
86.9
86.9
87
87
87
87
87
87
87
87
87
87
87
87
87
87.4
87.4
87.4
87.4
87.4
87.4
87.4
87.4
87.4
87.5
87.7
88.1
88.1
88.1
88.1
88.1
88.1
88.1
88.1
88.1
88.1
88.1
88.1
88.1
88.3
88.5
88.5
88.6
88.6
88.6
88.6
88.6
88.6
88.6
88.6
88.8
88.8
88.8
88.8
88.8
88.8
88.8
88.8
88.8
88.8
88.8
88.8
88.8
88.8
88.8
88.8
88.8
88.8
88.8
88.8
88.8
88.8
88.8
88.8
90.4
90.4
90.4
90.4
90.4
90.4
90.4
90.4
90.4
90.4
90.4
90.4
90.4
90.5
91
91
91
91.1
91.1
91.1
91.1
91.1
91.2
91.2
92.2
92.2
92.2
92.2
92.2
92.2
92.2
92.2
92.2
92.2
92.2
92.2
92.2
92.2
92.2
92.2
92.2
92.2
92.2
92.2
92.2
92.2
92.2
92.2
92.2
92.2
92.2
92.2
92.2
92.2
92.2
92.2
92.2
92.2
92.2
92.2
92.2
92.2
92.2
92.2
92.2
92.2
92.2
92.2
92.2
92.2
92.2
92.2
92.2
92.2
92.2
92.2
92.2
92.2
92.2
92.2
92.2
92.2
92.2
92.2
92.2
92.2
92.2
92.3
92.7
94
95
95.5
95.7
95.8
95.8
96.1
97.8
97.8
97.8
97.8
97.8
97.8
97.8
97.8
97.8
97.8
97.8
97.8
97.8
97.8
97.8
97.8
97.8
97.8
97.8
97.8
97.8
97.8
97.8
97.8
97.8
97.8
97.8
97.8
97.8
97.8
97.8
97.8
97.8
97.8
97.8
97.8
97.8
97.8
97.8
97.8
97.8
97.8
97.8
97.8
97.8
97.8
97.8
97.8
97.8
97.8
97.8
97.8
97.8
97.8
97.8
97.8
97.8
97.8
97.8
97.8
97.8
98.2
99.1
99.1
99.1
99.1
99.1
99.1
99.1
99.1
99.1
99.2
101.6
101.6
101.6
101.6
101.6
101.6
101.6
101.6
101.6
101.6
101.6
101.6
101.6
101.6
101.6
101.6
101.6
101.6
101.6
101.6
101.6
101.6
101.6
101.6
101.6
101.6
101.6
101.6
101.6
101.6
101.6
101.6
101.6
101.6
101.6
101.6
101.6
101.6
101.6
101.6
101.8
101.9
102.2
102.3
102.4
102.4
102.5
102.7
106.5
106.5
106.5
106.5
106.5
106.5
106.5
106.5
106.5
106.5
106.5
106.5
106.5
106.5
106.5
106.5
106.5
106.5
106.5
106.5
106.5
106.5
106.5
107
108
108
108
108
108
108
108
108
108
108
108
108
108
108
108
108
108.1
108.1
108.1
108.1
108.1
108.1
108.1
108.1
108.8
108.8
108.8
108.8
108.8
108.8
108.8
108.8
108.8
108.8
108.8
108.8
108.8
108.8
108.8
108.8
108.8
108.8
108.8
108.8
108.8
108.8
108.8
108.8
108.8
108.8
108.8
108.8
108.8
108.8
108.8
108.8
108.8
108.8
108.8
108.8
108.8
108.8
108.8
108.8
108.8
108.8
108.8
108.8
108.8
108.8
108.8
108.8
108.8
108.8
108.8
108.8
108.8
108.8
108.8
108.8
108.8
108.8
108.8
108.8
108.8
108.8
108.8
108.8
108.8
108.8
108.8
108.8
108.8
108.8
108.8
108.8
108.8
108.8
108.8
108.8
108.8
108.8
108.8
108.8
108.8
108.8
108.8
108.8
108.8
108.8
108.8
108.8
108.8
108.8
108.8
108.8
108.8
108.8
108.8
108.8
108.8
108.8
108.8
108.8
108.8
108.8
108.8
108.8
108.8
108.8
108.8
108.8
108.8
108.8
108.8
108.8
108.8
108.8
108.8
108.8
108.9
108.9
108.9
108.9
111.8
111.8
111.8
111.8
111.8
111.8
111.8
111.8
111.8
111.8
111.8
111.8
111.8
111.8
111.8
111.8
111.8
111.8
111.8
111.8
111.8
111.8
111.8
111.8
111.9
111.9
111.9
111.9
111.9
111.9
111.9
111.9
111.9
111.9
112
112
112
112
112
112
112
112
112
112
112
112.1
112.1
112.1
112.2
112.2
112.2
112.2
112.2
112.2
112.2
112.2
112.2
112.2
112.2
112.2
112.2
112.2
112.2
112.2
112.2
112.2
112.2
112.2
112.2
112.2
112.2
112.2
112.2
112.2
112.2
112.2
112.2
112.2
112.2
112.2
112.2
112.2
112.2
112.2
112.2
112.2
112.2
112.2
112.2
112.2
112.2
112.2
112.2
112.2
112.2
112.2
112.2
112.2
112.2
112.2
112.2
112.2
112.2
112.2
112.2
112.2
112.2
112.2
112.2
112.2
112.2
112.2
112.3
112.3
112.3
112.3
112.3
112.3
112.3
112.3
113.3
113.3
113.3
113.3
113.3
113.3
113.3
113.3
113.3
113.3
113.3
113.3
113.3
113.3
113.3
113.3
113.3
113.3
113.3
113.3
113.3
113.3
113.3
113.3
113.3
113.3
113.3
113.3
113.3
113.3
113.3
113.3
113.3
113.3
113.3
113.3
113.3
113.3
113.3
113.3
113.3
113.3
113.3
113.3
113.3
113.3
113.3
113.3
113.3
113.3
113.3
113.3
113.3
113.3
113.3
113.3
113.3
113.3
113.3
113.3
113.3
113.3
113.3
113.3
113.3
113.3
113.3
113.3
113.3
113.3
113.3
113.3
113.3
113.3
113.3
113.3
113.3
113.3
113.3
113.3
113.3
113.3
113.3
113.3
113.3
113.3
113.3
113.3
113.3
113.3
113.3
113.3
113.3
113.3
113.3
113.3
113.3
113.3
113.3
113.3
113.3
113.3
113.3
113.3
113.3
113.3
113.3
113.3
113.3
113.3
113.3
113.3
113.3
113.3
113.3
113.3
113.3
113.3
113.3
113.3
113.3
113.3
113.3
113.3
113.3
113.3
113.3
113.3
113.3
113.3
113.3
113.3
113.3
113.3
113.3
113.3
113.3
113.3
113.3
113.3
113.3
113.3
113.3
113.4
118.3
118.3
118.3
118.3
118.3
118.3
118.3
118.3
118.3
118.3
118.3
118.3
118.3
118.3
118.3
118.3
118.3
118.3
118.3
118.3
118.3
118.4
118.4
118.4
125.7
125.7
125.8
125.8
125.8
125.8
125.8
125.8
125.9
125.9
125.9
125.9
125.9
126.5
128.1
129.6
131.2
131.7
132.7
133.5
133.6
134.6
139
140.9
142.5
142.5
142.5
142.5
142.5
142.5
142.5
142.5
142.5
142.5
142.5
142.5
142.5
142.5
142.9
143.3
144
144.4
144.7
145
145.1
145.3
145.3
145.4
155.5
155.5
155.5
155.5
155.5
155.5
155.5
155.5
155.5
155.5
155.5
155.5
155.5
155.5
155.5
155.5
155.5
155.5
155.5
155.5
155.5
155.5
155.5
155.5
155.5
155.5
155.5
155.5
155.5
155.5
155.5
155.5
155.5
155.5
155.5
155.5
155.5
155.5
155.5
155.5
155.5
155.5
155.5
155.5
155.5
155.5
155.5
155.5
155.5
155.5
155.5
155.5
155.5
155.5
155.5
155.5
155.5
155.5
155.5
155.5
155.5
155.5
155.5
155.5
155.5
155.5
155.5
155.5
155.5
155.5
155.5
155.5
155.5
155.5
155.5
155.5
155.5
155.5
155.5
155.5
155.5
155.5
155.5
155.5
155.5
155.5
155.5
155.5
155.5
155.5
155.5
155.5
155.5
155.5
155.5
155.5
155.5
155.5
155.5
155.5
155.5
155.5
155.5
155.5
155.5
155.5
155.5
155.5
155.5
155.5
155.5
155.5
155.5
155.5
155.5
155.5
155.5
155.5
155.5
155.5
155.5
155.5
155.5
155.5
155.5
155.5
155.5
155.5
155.5
155.5
155.5
155.5
155.5
155.5
155.5
155.5
155.5
155.5
155.5
155.5
155.5
155.5
155.5
155.5
155.5
155.5
155.5
155.5
155.5
155.5
155.5
155.5
155.5
155.5
155.5
155.5
155.5
155.5
155.5
155.5
155.5
155.5
155.5
155.5
155.5
155.5
155.5
155.5
155.5
155.5
155.5
155.5
155.5
155.5
155.5
155.5
155.5
155.5
155.5
155.5
155.5
155.5
155.5
155.5
155.5
155.5
155.5
155.5
155.5
155.5
155.5
155.5
155.5
155.5
155.5
155.5
155.5
155.5
155.5
155.5
155.5
155.5
155.5
155.5
155.5
155.5
155.5
155.6
155.6
155.6
155.6
155.7
155.8
156.2
158.1
158.9
174.5
174.5
174.5
174.5
174.5
174.5
174.5
174.5
174.5
174.5
174.5
174.5
174.5
174.5
174.6
174.8
175.9
179.9
183.9
185.4
186.2
186.9
187.2
187.7
192.4
192.4
192.4
192.4
192.4
192.4
192.4
192.4
192.4
192.4
192.4
192.4
192.4
192.4
192.5
192.5
192.5
192.6
192.6
192.6
192.6
192.6
192.6
192.6
193
193
193
193
193
193
193
193
193
193
193
193
193
193
193
193
193
193
193
193
193
193.1
193.1
193.1
195.3
195.3
195.3
195.3
195.3
195.3
195.3
195.3
195.3
195.3
195.3
195.3
195.3
195.3
195.6
195.8
196
196.4
196.7
197
197.4
197.9
197.9
197.9
199.8
199.8
199.8
199.8
199.8
199.8
199.8
199.8
199.8
199.8
199.8
199.8
199.8
199.8
200.4
201.6
202.1
203.1
205.2
205.7
205.7
205.9
205.9
205.9
206.8
206.8
206.8
206.8
206.8
206.8
206.8
206.8
206.8
206.8
206.8
206.8
206.8
206.8
206.8
206.8
206.8
206.8
206.8
206.8
206.8
206.8
206.8
206.8
207.8
207.8
207.8
207.8
207.8
207.8
207.8
207.8
207.8
207.8
207.8
207.8
207.8
208
208.2
208.4
208.7
208.8
208.9
208.9
208.9
208.9
208.9
209
209.5
209.5
209.5
209.5
209.5
209.5
209.5
209.5
209.5
209.5
209.5
209.5
209.5
209.5
209.5
209.5
209.5
209.5
209.5
209.5
209.5
209.5
209.5
209.5
209.5
209.5
209.5
209.5
209.5
209.5
209.5
209.5
209.5
209.5
209.5
209.5
209.5
209.5
209.5
209.5
209.5
209.5
209.5
209.5
209.5
209.5
209.5
209.5
209.5
209.5
209.5
209.5
209.5
209.5
209.5
209.5
209.5
209.5
209.5
209.5
209.5
209.5
209.5
209.5
209.5
209.5
209.5
209.5
209.5
209.5
209.5
209.5
209.5
209.5
209.5
209.5
209.5
209.5
209.5
209.5
209.5
209.5
209.5
209.5
209.5
209.5
209.5
209.5
209.5
209.5
209.5
209.5
209.5
209.5
209.5
209.5
209.5
209.5
209.5
209.5
209.5
209.5
209.5
209.5
209.5
209.5
209.5
209.5
209.5
209.5
209.6
209.6
209.6
209.6
209.8
210.2
210.7
211.3
211.6
211.8
212.8
212.8
212.8
212.8
212.8
212.8
212.8
212.8
212.8
212.8
212.8
212.8
212.8
212.8
212.8
213
213.5
214
215
215.3
215.5
216.2
216.6
217.4
218.5
218.5
218.5
218.5
218.5
218.5
218.5
218.5
218.5
218.5
218.5
218.5
218.5
218.5
218.5
218.5
218.5
218.5
218.5
218.5
218.5
218.5
218.5
218.5
218.7
218.7
218.7
218.7
218.7
218.7
218.7
218.7
218.7
218.7
218.7
218.7
218.7
219.3
219.4
219.4
219.4
219.4
219.4
219.4
219.4
219.4
219.5
219.5
231.1
231.1
231.1
231.1
231.1
231.1
231.1
231.1
231.1
231.1
231.1
231.1
231.1
231.2
231.2
231.4
231.6
232.4
232.9
232.9
232.9
233.2
233.8
233.8
234.1
234.1
234.1
234.1
234.1
234.1
234.1
234.1
234.1
234.1
234.1
234.1
234.1
234.1
234.1
234.1
234.1
234.2
234.2
234.2
234.2
234.2
234.2
234.2
235.5
235.5
235.5
235.5
235.5
235.5
235.5
235.5
235.5
235.5
235.5
235.5
235.5
235.5
235.5
235.5
235.5
235.5
235.5
235.5
235.5
235.5
235.5
235.5
235.5
235.5
235.5
235.5
235.5
235.5
235.5
235.5
235.5
235.5
235.5
235.5
235.5
235.5
235.5
235.5
235.5
235.5
235.5
235.5
235.5
235.5
235.5
235.5
235.5
235.5
235.5
235.5
235.5
235.5
235.5
235.5
235.5
235.5
235.5
235.5
235.5
235.5
235.5
235.5
235.5
235.5
235.5
235.5
235.5
235.5
235.5
235.5
237.7
237.7
237.7
237.7
237.7
237.7
237.7
237.7
237.7
237.7
237.7
237.7
237.7
237.7
237.7
237.7
237.7
237.7
237.7
237.7
237.7
237.7
237.7
237.7
237.7
237.7
237.7
237.7
237.7
237.7
237.7
237.7
237.7
237.7
237.7
237.7
237.7
237.7
237.7
237.7
237.7
237.7
237.7
237.7
237.7
237.7
237.7
237.7
237.7
237.7
237.7
237.7
237.7
237.7
237.7
237.7
237.7
237.7
237.7
237.7
237.7
238.3
239
239.5
240.1
241.4
242.9
243
243
243
243
243
243.4
243.4
243.4
243.4
243.4
243.4
243.4
243.4
243.4
243.4
243.4
243.4
243.4
243.4
243.4
243.4
243.4
243.4
243.4
243.4
243.4
243.4
243.4
243.4
243.4
243.4
243.4
243.4
243.4
243.4
243.4
243.4
243.4
243.4
243.4
243.4
243.4
243.4
243.4
243.4
243.4
243.4
243.8
244.7
245
245.9
246.4
246.5
256.9
256.9
256.9
256.9
256.9
256.9
256.9
256.9
256.9
256.9
256.9
256.9
256.9
257.1
257.1
257.1
257.3
257.8
258
258
258
258
258
258
258.3
258.3
258.3
258.3
258.3
258.3
258.3
258.3
258.3
258.3
258.3
258.3
258.3
258.3
258.3
258.3
258.3
258.3
258.3
258.3
258.3
258.3
258.3
258.3
258.3
258.3
258.3
258.3
258.3
258.3
258.3
258.3
258.3
258.3
258.3
258.3
258.3
258.3
258.3
258.3
258.3
258.3
258.3
258.3
258.3
258.3
258.3
258.3
258.3
258.3
258.3
258.3
258.3
258.3
258.3
258.3
258.3
258.3
258.3
258.3
258.3
258.3
258.3
258.3
258.3
258.3
258.3
258.3
258.5
258.5
258.5
258.5
269.3
269.3
269.3
269.3
269.3
269.3
269.3
269.3
269.3
269.3
269.3
269.3
269.3
269.3
269.4
269.4
269.4
269.4
269.4
269.4
269.4
269.4
269.4
269.4
269.8
269.8
269.8
269.8
269.8
269.8
269.8
269.8
269.8
269.8
269.8
269.8
269.8
269.8
269.8
269.8
269.8
269.8
269.8
269.8
269.8
269.8
269.8
269.8
269.8
269.8
269.8
269.8
269.8
269.8
269.8
269.8
269.8
269.8
269.8
269.8
269.8
269.8
269.8
269.8
269.8
269.8
269.8
269.8
269.8
269.8
269.8
269.8
269.8
269.8
269.8
269.8
269.8
269.8
269.8
269.8
269.8
269.8
269.8
269.8
269.8
269.8
269.8
269.8
269.8
269.8
269.8
269.8
269.8
269.8
269.8
269.8
269.8
269.8
269.8
269.8
269.8
269.8
269.8
269.8
269.8
269.8
269.8
269.8
269.8
269.8
269.8
269.8
269.8
269.8
269.8
269.8
269.8
269.8
269.8
269.8
271.6
271.6
271.6
271.6
271.6
271.6
271.6
271.6
271.6
271.6
271.6
271.6
271.6
271.6
271.6
271.6
271.6
271.6
271.6
271.6
271.6
271.6
271.6
271.6
272.1
272.1
272.1
272.1
272.1
272.1
272.1
272.1
272.1
272.1
272.1
272.1
272.2
272.2
272.2
272.2
272.2
272.2
272.2
272.2
272.2
272.2
272.2
272.2
272.2
272.2
272.2
272.2
272.2
272.2
272.2
272.2
272.2
272.2
272.2
272.2
272.2
272.2
272.2
272.2
272.2
272.2
272.2
272.2
272.2
272.2
272.2
272.2
272.2
272.2
272.2
272.2
272.2
272.2
272.2
272.2
272.2
272.2
272.2
272.2
272.2
272.2
272.2
272.2
272.2
272.2
272.2
272.2
272.2
272.2
272.2
272.2
272.2
272.2
272.2
272.2
272.2
272.2
272.2
272.2
272.2
272.2
272.2
272.2
272.2
272.2
272.2
272.2
272.2
272.2
272.2
272.2
272.2
272.2
272.2
272.2
272.2
272.2
272.2
272.2
272.2
272.2
272.3
272.3
272.3
272.3
272.3
272.3
272.3
272.4
272.5
272.5
272.5
272.5
272.5
272.5
272.5
272.5
272.5
272.5
272.6
272.6
272.6
272.6
272.6
272.6
272.6
272.6
272.6
272.6
272.6
272.6
272.6
272.6
272.6
272.6
272.6
272.6
272.6
272.6
272.6
272.6
272.6
272.6
272.6
272.6
272.6
272.6
272.6
272.6
272.6
272.6
272.6
272.6
272.6
272.6
272.6
272.6
272.6
272.6
272.6
272.6
272.6
272.6
272.6
272.6
272.6
272.6
272.6
272.6
272.6
272.6
272.6
272.6
272.6
272.6
272.6
272.6
272.6
272.6
272.6
272.6
272.6
272.6
272.6
272.6
272.6
272.6
272.6
272.6
272.6
272.6
272.6
272.6
272.6
272.6
272.6
272.6
272.6
272.6
272.6
272.6
272.6
272.6
272.6
272.6
272.6
272.6
272.6
272.6
272.6
272.6
272.6
272.6
272.6
272.6
272.6
272.6
272.6
272.6
272.6
272.6
272.6
272.6
272.6
272.6
272.6
272.6
272.6
272.6
272.6
272.6
272.6
272.6
272.6
272.6
272.6
272.6
272.6
272.6
272.6
272.6
272.6
272.6
272.6
272.6
272.6
272.6
272.6
272.6
272.6
272.6
272.6
272.6
272.6
272.6
272.6
272.6
272.6
272.6
272.6
272.6
272.7
272.7
285.6
285.6
285.6
285.6
285.6
285.6
285.6
285.6
285.6
285.6
285.6
285.6
285.6
285.6
285.6
285.7
285.7
285.7
285.7
285.8
285.8
285.8
285.8
285.8
286.1
286.1
286.1
286.1
286.1
286.1
286.1
286.1
286.1
286.1
286.1
286.1
286.1
286.1
286.1
286.1
286.1
286.1
286.1
286.1
286.1
286.1
286.1
286.1
286.1
286.1
286.1
286.1
286.1
286.1
286.1
286.1
286.1
286.1
286.1
286.1
286.1
286.1
286.1
286.1
286.1
286.1
286.1
286.1
286.1
286.1
286.1
286.1
286.1
286.1
286.1
286.1
286.1
286.1
286.1
286.1
286.1
286.1
286.1
286.1
286.1
286.1
286.1
286.1
286.1
286.1
286.1
286.1
286.1
286.1
286.1
286.1
305.6
305.6
305.6
305.6
305.6
305.6
305.6
305.6
305.6
305.6
305.6
305.6
305.6
305.7
305.8
305.9
306
306
306
306
306
306.1
306.1
306.6
308.5
308.5
308.5
308.5
308.5
308.5
308.5
308.5
308.5
308.5
308.5
308.5
308.5
308.5
308.5
308.5
308.5
308.5
308.5
308.5
308.5
308.5
308.5
308.5
308.5
308.5
308.6
308.6
308.6
308.6
308.6
308.6
308.6
308.6
308.6
308.6
308.6
308.6
308.6
308.6
308.7
308.8
308.9
308.9
308.9
308.9
308.9
308.9
309.3
309.3
309.3
309.3
309.3
309.3
309.3
309.3
309.3
309.3
309.3
309.3
309.3
309.3
309.3
309.4
309.5
309.5
309.5
309.5
309.5
309.5
309.5
309.5
309.9
309.9
309.9
309.9
309.9
309.9
309.9
309.9
309.9
309.9
309.9
309.9
309.9
309.9
309.9
309.9
309.9
309.9
309.9
309.9
309.9
309.9
309.9
309.9
309.9
309.9
309.9
309.9
309.9
309.9
309.9
309.9
309.9
309.9
309.9
309.9
309.9
310
310.2
310.5
310.6
310.6
310.7
311
312.7
315.1
316.1
316.4
316.9
316.9
316.9
316.9
316.9
316.9
316.9
316.9
316.9
316.9
316.9
316.9
316.9
316.9
316.9
316.9
316.9
316.9
316.9
316.9
316.9
316.9
316.9
316.9
316.9
316.9
316.9
316.9
316.9
316.9
316.9
316.9
316.9
316.9
316.9
316.9
316.9
317
317
317
317.1
317.6
320.3
321.4
321.4
321.4
321.6
321.7
322.4
322.4
322.4
322.4
322.4
322.4
322.4
322.4
322.4
322.4
322.4
322.4
322.4
322.4
322.4
322.4
322.4
322.4
322.4
322.4
322.4
322.4
322.4
322.4
322.4
322.4
322.4
322.4
322.4
322.4
322.4
322.4
322.4
322.4
322.4
322.4
322.4
322.7
322.9
323
323.2
323.2
323.2
323.2
323.2
323.2
323.2
323.2
323.4
323.4
323.4
323.4
323.4
323.4
323.4
323.4
323.4
323.4
323.4
323.4
323.4
323.4
323.4
323.4
323.4
323.4
323.4
323.4
323.4
323.4
323.4
323.4
323.4
323.4
323.4
323.4
323.4
323.4
323.4
323.4
323.4
323.4
323.4
323.4
323.4
323.4
323.4
323.4
323.4
323.4
323.4
323.4
323.4
323.4
323.4
323.4
324.2
324.2
324.2
324.2
324.2
324.2
324.2
324.2
324.2
324.2
324.2
324.2
324.2
324.2
324.2
324.2
324.7
325.4
325.7
325.7
325.7
325.7
325.7
325.7
326.2
326.2
326.2
326.2
326.2
326.2
326.2
326.2
326.2
326.2
326.2
326.2
326.2
326.2
326.2
326.2
326.2
326.2
326.2
326.2
326.2
326.2
326.2
326.2
326.2
326.2
326.2
326.2
326.2
326.2
326.2
326.2
326.2
326.2
326.2
326.2
326.2
326.2
326.2
326.2
326.2
326.2
326.2
326.2
326.2
326.2
326.2
326.2
326.2
326.2
326.2
326.2
326.2
326.2
326.2
326.2
326.2
326.2
326.2
326.2
326.2
326.2
326.2
326.2
326.2
326.2
326.2
326.2
326.2
326.2
326.2
326.2
326.2
326.2
326.2
326.2
326.2
326.2
326.2
326.2
326.2
326.2
326.2
326.2
326.2
326.2
326.2
326.2
326.2
329.6
329.6
329.6
329.6
329.6
329.6
329.7
329.7
329.7
329.7
329.7
329.7
329.7
329.8
329.8
329.8
329.8
329.8
329.8
329.8
329.9
329.9
329.9
329.9
329.9
329.9
329.9
330
330
330
330
330
330
330
330.1
330.1
330.1
330.1
330.1
330.1
330.1
330.2
330.2
330.2
330.2
330.2
330.2
330.2
330.2
330.3
330.3
330.3
330.3
330.3
330.3
330.3
330.4
330.4
330.4
330.4
330.4
330.4
330.4
330.5
330.5
330.5
330.5
330.5
330.5
330.5
330.6
330.6
330.6
330.6
330.6
330.6
330.6
330.7
330.7
330.7
330.7
330.7
330.7
330.7
330.8
330.8
330.8
330.8
330.8
330.8
330.8
330.9
330.9
330.9
330.9
330.9
330.9
330.9
331
331
331
331
331
331
331
331.1
331.1
331.1
331.1
331.1
331.1
331.1
331.2
331.2
331.2
331.2
331.2
331.2
331.2
331.3
331.3
331.3
331.3
331.3
331.3
331.3
331.3
331.4
331.4
331.4
331.4
331.4
331.4
331.4
331.5
331.5
331.5
331.5
331.5
331.5
331.5
331.6
331.6
331.6
331.6
331.6
331.6
331.6
331.7
331.7
331.7
331.7
331.7
331.7
331.7
331.8
331.8
331.8
331.8
331.8
331.8
331.8
331.9
331.9
331.9
331.9
331.9
331.9
331.9
332
332
332
332
332
332
332
332.1
332.1
332.1
332.1
332.1
332.1
332.1
332.2
332.2
332.2
332.2
332.2
332.2
332.2
332.3
332.3
332.3
332.3
332.3
332.3
332.3
332.4
332.4
332.4
332.4
332.4
332.4
332.4
332.4
332.5
332.5
332.5
332.5
332.5
332.5
332.5
332.6
332.6
332.6
332.6
332.6
332.6
332.6
332.7
332.7
332.7
332.7
332.7
332.7
332.7
332.8
332.8
332.8
332.8
332.8
332.8
332.8
332.9
332.9
332.9
332.9
332.9
332.9
332.9
343.1
343.1
343.1
343.1
343.1
343.1
343.1
346.3
346.3
346.3
346.3
346.3
346.3
346.3
346.3
346.3
346.3
346.3
346.3
346.3
346.3
346.6
346.8
347.5
348.8
348.9
348.9
348.9
349.2
349.5
349.5
354.6
354.6
354.6
354.6
354.6
354.6
354.6
354.6
354.6
354.6
354.6
354.6
354.6
354.9
355
355.2
355.7
355.8
355.9
355.9
356.5
357.1
357.1
357.1
357.8
357.8
357.8
357.8
357.8
357.8
357.8
357.8
357.8
357.8
357.8
357.8
357.8
357.9
357.9
357.9
357.9
357.9
357.9
357.9
357.9
357.9
357.9
357.9
357.9
357.9
357.9
357.9
357.9
357.9
357.9
357.9
357.9
357.9
357.9
357.9
357.9
357.9
358
358
358
358
358
358
358
358
358
358
358.7
358.7
358.7
358.7
358.7
358.7
358.7
358.7
358.7
358.7
358.7
358.7
358.7
358.7
358.7
358.7
358.7
358.7
358.7
358.7
358.7
358.7
358.7
358.7
358.7
358.7
358.7
358.7
358.7
358.7
358.7
358.7
358.7
358.7
358.7
358.7
358.7
358.7
358.7
358.7
358.7
358.7
358.7
358.7
358.7
358.7
358.7
358.7
358.7
358.7
358.7
358.7
358.7
358.7
358.7
358.7
358.7
358.7
358.7
358.7
358.7
359
361.3
362
362
362
362
362
362
362
362
362
362.1
362.1
362.1
362.1
362.1
362.1
362.1
362.1
362.1
362.1
362.1
362.1
362.1
362.1
362.1
362.1
362.1
362.1
362.1
362.1
362.1
362.1
362.1
362.1
362.1
362.1
362.1
362.1
362.1
362.1
362.1
362.1
362.1
362.1
362.1
362.1
362.1
362.1
362.1
362.1
362.1
362.1
362.1
362.1
362.1
362.1
362.1
362.1
362.1
362.1
362.1
362.1
362.1
362.1
362.1
362.1
362.1
362.1
362.1
362.1
362.1
362.1
362.1
362.1
362.1
362.1
362.1
362.1
362.1
362.1
362.1
362.1
362.1
362.1
362.1
362.1
362.1
362.1
362.1
362.1
362.1
362.1
362.1
362.1
362.1
362.1
362.1
362.1
362.1
362.1
362.1
362.1
362.1
362.1
362.1
362.1
362.1
362.1
362.1
362.1
362.1
362.1
362.1
362.1
362.1
362.1
362.1
362.1
362.1
362.1
362.1
362.1
362.1
362.1
362.1
362.1
362.1
362.1
362.1
362.1
362.1
362.1
362.1
362.1
362.1
362.1
362.1
362.1
362.1
362.1
362.1
362.1
362.1
362.1
362.1
362.1
362.1
362.1
362.1
362.1
362.1
362.1
362.1
362.1
362.1
362.1
362.1
362.1
362.1
362.1
362.1
362.1
362.1
362.1
362.1
362.1
362.1
362.1
362.1
362.1
362.1
362.1
362.1
362.1
362.1
362.1
362.1
362.1
362.1
362.1
362.1
362.1
362.1
362.1
362.1
362.1
362.1
362.1
362.1
362.1
362.1
362.1
362.1
362.1
362.1
362.1
362.1
362.1
362.1
362.1
362.1
362.1
362.1
362.1
362.1
362.1
362.1
362.1
362.1
362.1
362.1
362.1
362.1
362.1
362.1
362.1
362.1
362.1
362.1
362.1
362.1
362.1
362.1
362.1
362.1
362.1
362.1
362.1
362.1
362.1
362.1
362.1
362.1
362.1
362.1
362.1
362.1
362.1
362.1
362.1
362.1
362.1
362.1
362.1
362.1
362.1
362.1
362.1
362.1
362.1
362.1
362.1
362.1
362.1
362.1
362.1
362.1
362.1
362.1
362.1
362.1
362.1
362.1
362.1
362.1
362.2
362.5
363.2
363.3
363.3
363.3
363.3
363.3
363.3
363.3
363.3
363.3
363.3
363.3
363.3
363.3
363.3
363.3
363.3
363.3
363.3
363.3
363.3
363.3
363.3
363.3
363.3
363.3
363.3
363.3
363.3
363.3
363.3
363.3
363.3
363.3
363.3
363.3
363.3
363.3
363.3
363.3
363.3
363.3
363.3
363.3
363.3
363.3
363.3
363.3
363.3
363.3
363.3
363.3
363.3
363.3
363.3
363.3
363.3
363.3
363.3
363.3
363.3
363.3
363.3
363.3
363.3
363.3
363.3
363.3
363.3
363.3
363.3
363.4
363.4
363.4
363.4
363.4
363.4
363.4
363.4
363.7
363.7
363.7
363.7
363.7
363.7
363.7
363.7
363.7
363.7
363.7
363.7
363.7
363.7
363.7
363.7
363.7
363.7
363.7
363.7
363.7
363.7
363.7
363.7
363.7
363.7
363.7
363.7
363.7
363.7
363.7
363.7
363.7
363.7
363.7
363.7
363.7
363.7
363.7
363.7
363.7
363.7
363.7
363.7
363.7
363.7
363.7
363.7
363.7
363.7
363.7
363.7
363.7
363.7
363.7
363.7
363.7
363.7
363.7
363.7
363.7
363.7
363.7
363.7
363.7
363.7
363.7
363.7
363.7
363.7
363.7
363.7
363.7
363.7
363.7
363.7
363.7
363.7
363.7
363.7
363.7
363.7
363.7
363.7
363.7
363.7
363.7
363.7
363.7
363.7
363.7
363.7
363.7
363.7
363.7
363.7
363.7
363.7
363.7
363.7
363.7
363.7
363.7
363.7
363.7
363.7
363.7
363.7
363.7
363.7
363.7
363.7
363.7
363.7
363.7
363.7
363.7
363.7
363.7
363.7
363.7
363.7
363.7
363.7
363.7
363.7
363.7
363.7
363.7
363.7
363.7
363.7
363.7
363.7
363.7
363.7
363.7
363.7
363.7
363.7
363.7
363.7
363.7
363.7
363.7
363.7
363.7
363.7
363.7
363.7
363.7
363.7
363.7
363.7
363.7
363.7
363.7
363.7
363.7
363.7
363.7
363.7
363.7
363.7
363.7
363.7
363.7
363.7
363.7
363.7
363.7
363.7
363.7
363.7
363.7
363.7
363.7
363.7
363.7
363.7
363.7
363.7
363.7
363.7
363.7
363.7
363.7
363.7
363.7
363.7
363.7
363.7
363.7
363.7
363.7
363.7
363.7
363.7
363.7
363.7
363.7
363.7
363.7
363.7
363.7
363.7
363.7
363.7
363.7
363.7
363.7
363.7
363.7
363.7
363.7
363.7
363.7
363.7
363.7
363.7
363.7
363.7
363.7
363.7
363.7
363.7
363.7
363.7
363.7
363.7
363.7
363.7
363.7
363.7
363.7
363.7
363.7
363.7
363.7
363.7
363.7
363.7
363.7
363.7
363.7
363.7
363.7
363.7
363.7
363.7
363.7
363.7
363.7
363.7
363.7
363.7
363.7
363.7
363.7
363.7
363.7
363.7
363.7
363.7
363.7
363.7
363.7
363.7
363.7
363.7
363.7
363.7
363.7
363.7
363.7
363.7
363.7
363.7
363.7
363.7
363.7
363.7
363.7
363.7
363.7
363.7
363.7
363.7
371.3
371.3
371.3
371.4
371.4
371.4
371.4
371.4
371.4
371.5
371.5
371.5
371.5
372.5
373.1
374.3
374.6
374.6
374.6
374.6
374.6
374.6
374.6
374.6
374.7
374.7
374.7
374.7
374.7
374.7
374.7
374.7
374.7
374.7
374.7
374.7
374.7
374.7
374.7
374.7
374.7
374.7
374.7
374.7
374.7
374.7
374.7
374.7
374.7
374.7
374.7
374.7
374.7
374.7
374.7
374.7
374.7
374.7
374.7
374.7
374.7
374.7
374.7
374.7
374.7
374.7
374.7
374.7
374.7
374.7
374.7
374.7
374.7
374.7
374.7
374.7
374.7
374.7
374.7
374.7
374.7
374.7
374.7
374.7
374.7
374.7
374.7
374.7
374.7
374.7
374.7
374.7
374.7
374.7
374.7
374.7
374.7
374.7
374.7
374.7
374.7
374.7
374.7
374.7
374.7
374.7
374.7
374.7
374.7
374.7
374.7
374.7
374.7
374.7
374.7
374.7
374.7
374.7
374.7
374.7
374.7
374.7
374.7
374.7
374.7
374.7
374.7
374.7
374.7
374.7
374.7
374.7
374.7
374.7
374.7
374.7
374.7
374.7
374.7
374.7
374.7
374.7
374.7
374.7
374.7
374.7
374.7
374.7
374.7
374.7
374.7
374.7
374.7
374.7
374.7
374.7
374.7
374.7
374.7
374.7
374.7
374.7
374.7
374.7
374.7
374.7
374.7
374.7
374.7
374.7
374.7
374.7
374.7
374.7
374.7
374.7
374.7
374.7
374.7
374.7
374.7
374.7
374.7
374.7
374.7
374.7
374.7
374.7
374.7
374.7
374.7
374.7
374.7
374.7
374.7
374.7
374.7
374.7
374.7
374.7
374.7
374.7
374.7
374.7
374.7
374.7
374.7
374.7
374.7
374.7
374.7
374.7
374.7
374.7
374.7
374.7
374.7
374.7
374.7
374.7
374.7
374.7
374.7
374.7
374.7
374.7
374.7
374.7
374.7
374.7
374.7
374.7
374.7
374.7
374.7
374.7
374.7
374.7
374.7
374.7
374.7
374.7
374.7
374.7
374.7
374.7
374.7
374.7
374.7
374.7
374.7
374.7
374.7
374.7
374.7
374.7
374.7
374.7
374.7
374.7
374.7
374.7
374.7
374.7
374.7
374.7
374.7
374.7
374.7
374.7
374.7
374.7
374.7
374.7
374.7
374.7
374.7
374.7
374.7
374.7
374.7
374.7
374.7
374.7
374.7
374.7
374.7
374.7
374.7
374.7
374.7
374.7
374.7
374.7
374.7
374.7
374.7
374.7
374.7
374.7
374.7
374.7
374.7
374.7
374.7
374.7
374.7
374.7
374.7
374.7
374.7
374.7
374.7
374.7
374.7
374.7
374.7
374.7
374.7
374.7
374.7
374.7
374.7
374.7
374.7
374.7
374.7
374.7
374.7
374.7
374.7
374.7
374.7
374.7
374.7
374.7
374.7
374.7
374.7
374.7
374.7
374.7
374.7
374.7
374.7
374.7
374.7
374.7
374.7
374.7
374.7
374.7
374.7
374.7
374.7
374.7
374.7
374.7
374.7
374.7
374.7
374.7
374.7
374.7
374.7
374.7
374.7
374.7
374.7
374.7
374.7
374.7
374.7
374.7
374.7
374.7
374.7
374.7
374.7
374.7
374.7
374.7
374.7
374.7
374.7
374.7
374.7
374.7
374.7
374.7
374.7
374.7
374.7
374.7
374.7
374.7
374.7
374.7
374.7
374.7
374.7
374.7
374.7
374.7
374.7
374.7
374.7
374.7
375.1
375.1
375.1
375.1
375.1
375.1
375.1
375.1
375.1
375.1
375.1
375.1
375.1
375.1
375.1
375.1
375.1
375.1
375.1
375.1
375.1
375.1
375.1
375.1
375.1
375.1
375.1
375.1
375.1
375.1
375.1
375.1
375.1
375.1
375.1
375.1
375.1
375.1
375.1
375.1
375.1
375.1
375.1
375.1
375.1
375.1
375.1
375.1
375.1
375.1
375.1
375.1
375.1
375.1
375.1
375.1
375.1
375.1
375.1
375.1
375.1
375.1
375.1
375.1
375.1
375.1
375.1
375.1
375.1
375.1
375.1
375.1
375.1
375.1
375.1
375.1
375.1
375.1
375.1
375.1
375.1
375.1
375.1
375.1
375.1
375.1
375.1
375.1
375.1
375.1
375.1
375.1
375.1
375.1
375.1
375.1
375.1
375.1
375.1
375.1
375.1
375.1
375.1
375.1
375.1
375.1
375.1
375.1
375.1
375.1
375.1
375.1
375.1
375.1
375.1
375.1
375.1
375.1
375.1
375.1
375.1
375.1
375.1
375.1
375.1
375.1
375.1
375.1
375.1
375.1
375.1
375.1
375.1
375.1
375.1
375.1
375.1
375.1
375.1
375.1
375.1
375.1
375.1
375.1
375.1
375.1
375.1
375.1
375.1
375.1
375.1
375.1
375.1
375.1
375.1
375.1
375.1
375.1
375.1
375.1
375.1
375.1
375.1
375.1
375.1
375.1
375.1
375.1
375.1
375.1
375.1
375.1
375.1
375.1
375.1
375.1
375.1
375.1
375.1
375.1
375.1
375.1
375.1
375.1
375.1
375.1
375.1
375.1
375.1
375.1
375.1
375.1
375.1
375.1
375.1
375.1
375.1
375.1
375.1
375.1
375.1
375.1
375.1
375.1
375.1
375.1
375.1
375.1
375.1
375.1
375.1
375.1
375.1
375.1
375.1
375.1
375.1
375.1
375.1
375.1
375.1
375.1
375.1
375.1
375.1
375.1
375.1
375.1
375.1
375.1
375.1
375.1
375.1
375.1
375.1
375.1
375.1
375.1
375.1
375.1
375.1
375.1
375.1
375.1
375.1
375.1
375.1
375.1
375.1
375.1
375.1
375.1
375.1
375.1
375.1
375.1
375.1
375.1
375.1
375.1
375.1
375.1
375.1
375.1
375.1
375.1
375.1
375.1
375.1
375.1
375.1
375.1
375.1
375.1
375.1
375.1
375.1
375.1
375.1
375.1
375.1
375.1
375.1
375.1
375.1
375.1
375.1
375.1
375.1
375.1
375.1
375.1
375.1
375.1
375.1
375.1
375.1
375.1
375.1
375.1
375.1
375.1
375.1
375.1
375.1
375.1
375.1
375.1
375.1
375.1
375.1
375.1
375.1
375.1
375.1
375.1
375.1
375.1
375.1
375.1
375.1
375.1
375.1
375.1
375.1
375.1
375.1
375.1
375.1
375.1
375.1
375.1
375.1
375.1
375.1
375.1
375.1
375.1
375.1
375.1
375.1
375.1
375.1
375.1
375.1
375.1
375.1
375.1
375.1
375.1
375.1
375.1
375.1
375.1
375.1
375.1
375.1
375.1
375.1
375.1
375.1
375.1
375.1
375.1
375.1
375.1
375.1
375.1
375.1
375.1
375.1
375.1
375.1
375.1
375.1
375.1
375.1
375.1
375.1
375.1
375.1
375.1
375.1
375.1
375.1
375.1
375.1
375.1
375.1
375.1
375.1
375.1
375.1
375.1
375.1
375.1
375.1
375.1
375.1
375.1
375.1
375.1
375.1
375.1
375.1
375.1
375.1
375.1
375.1
375.1
375.1
375.1
375.1
375.1
375.1
375.1
375.1
375.1
375.1
375.1
375.1
375.1
375.1
375.1
375.1
375.1
375.1
375.1
375.1
375.1
375.1
375.1
375.1
375.1
375.1
375.1
375.1
375.1
375.1
375.1
375.1
375.1
375.1
375.1
375.1
375.1
375.1
375.1
375.1
375.1
375.1
375.1
375.1
375.1
375.1
375.1
375.2
375.2
375.2
375.2
375.2
375.2
375.2
375.2
375.2
375.2
375.2
375.3
375.3
375.5
375.8
375.8
375.8
375.8
375.9
376.3
377
377
377
377
377
377
377
377
377
377
377
377
377
377
377
377
377
377
377
377
377
377
377
377
377
377
377
377
377
377
377
377
377
377
377
377
377
377
377
377
377
377
377
377
377
377
377
377
377
377
377
377
377
377
377
377
377
377
377
377
377
377
377
377
377
377
377
377
377
377
377
377
377
377
377
377
377
377
377
377
377
377
377
377
377
377
377
377
377
377
377
377
377
377
377
377
377
377
377
377
377
377
377
377
377
377
377
377
377
377
377
377
377
377.1
377.1
377.1
377.1
377.1
377.1
377.1
377.1
377.1
377.1
377.2
377.4
377.4
377.4
377.4
377.4
377.4
377.4
377.4
377.4
377.4
377.4
377.4
377.4
377.4
377.4
377.4
377.4
377.4
377.4
377.4
377.4
377.4
377.4
377.4
377.4
377.4
377.4
377.4
377.4
377.4
377.4
377.4
377.4
377.4
377.4
377.4
377.4
377.4
377.4
377.4
377.4
377.4
377.4
377.4
377.4
377.4
377.4
377.4
377.4
377.4
377.4
377.4
377.4
377.4
377.4
377.4
377.4
377.4
377.4
377.4
377.4
377.4
377.4
377.4
377.4
377.4
377.4
377.4
377.4
377.4
377.4
377.4
377.4
377.4
377.4
377.4
377.4
377.4
377.4
377.4
377.4
377.4
377.4
377.4
377.4
377.4
377.4
377.4
377.4
377.4
377.4
377.4
377.4
377.4
377.4
377.4
377.4
377.4
377.4
377.4
377.4
377.4
377.4
377.4
377.4
377.4
377.4
377.4
377.4
377.4
377.4
377.4
377.4
377.4
377.4
377.4
377.4
377.4
377.4
377.4
377.4
377.4
377.4
377.4
377.4
377.4
377.4
377.4
377.4
377.4
377.4
377.4
377.4
377.4
377.4
377.4
377.4
377.4
377.4
377.4
377.4
377.4
377.4
377.4
377.4
377.4
377.4
377.4
377.4
377.4
377.4
377.4
377.4
377.4
377.4
377.4
377.4
377.4
377.4
377.4
377.4
377.4
377.4
377.4
377.4
377.4
377.4
377.4
377.4
377.4
377.4
377.4
377.4
377.4
377.4
377.4
377.4
377.4
377.4
377.4
377.4
377.4
377.4
377.4
377.4
377.4
377.4
377.4
377.4
377.4
377.4
377.4
377.4
377.4
377.4
377.4
377.4
377.4
377.4
377.4
377.4
377.4
377.4
377.4
377.4
377.4
377.4
377.4
377.4
377.4
377.4
377.4
377.4
377.4
377.4
377.4
377.4
377.4
377.4
377.4
377.4
377.4
377.4
377.4
377.4
377.4
377.4
377.4
377.4
377.4
377.4
377.4
377.4
377.4
377.4
377.4
377.4
377.4
377.4
377.4
377.4
377.4
377.4
377.4
377.4
377.4
377.4
377.4
377.4
377.4
377.4
377.4
377.4
377.4
377.5
377.5
377.5
377.5
377.5
377.5
377.5
377.5
377.5
377.5
377.7
377.7
377.7
377.7
377.7
377.7
377.7
377.7
377.7
377.7
377.7
377.7
377.7
377.7
377.7
377.7
377.7
377.7
377.7
377.7
377.7
377.7
377.7
377.7
377.7
377.7
377.7
377.7
377.7
377.7
377.7
377.7
377.7
377.7
377.7
377.7
377.7
377.7
377.7
377.7
377.7
377.7
377.7
377.7
377.7
377.7
377.7
377.7
377.7
377.7
377.7
377.7
377.7
377.7
377.7
377.7
377.7
377.7
377.7
377.7
377.7
377.7
377.7
377.7
377.7
377.7
377.7
377.7
377.7
377.7
377.7
377.7
377.7
377.7
377.7
377.7
377.7
377.7
377.7
377.7
377.7
377.7
377.7
377.7
377.7
377.8
377.8
377.8
377.8
377.8
377.8
377.8
377.8
377.8
377.8
377.8
377.9
377.9
377.9
377.9
377.9
377.9
377.9
377.9
377.9
377.9
377.9
377.9
377.9
377.9
377.9
377.9
377.9
377.9
377.9
377.9
377.9
377.9
377.9
377.9
377.9
377.9
377.9
377.9
377.9
377.9
377.9
377.9
377.9
377.9
377.9
377.9
377.9
377.9
377.9
377.9
377.9
377.9
377.9
377.9
377.9
377.9
377.9
377.9
377.9
377.9
377.9
377.9
377.9
377.9
377.9
377.9
377.9
377.9
377.9
377.9
377.9
377.9
377.9
377.9
377.9
377.9
377.9
377.9
377.9
377.9
377.9
377.9
377.9
377.9
377.9
377.9
377.9
377.9
377.9
377.9
377.9
377.9
377.9
377.9
377.9
377.9
377.9
377.9
377.9
377.9
377.9
377.9
377.9
377.9
377.9
377.9
377.9
377.9
377.9
377.9
377.9
377.9
377.9
377.9
377.9
377.9
377.9
377.9
377.9
377.9
377.9
377.9
377.9
377.9
377.9
377.9
377.9
377.9
377.9
377.9
377.9
377.9
377.9
377.9
377.9
377.9
377.9
377.9
377.9
377.9
377.9
377.9
377.9
377.9
377.9
377.9
377.9
377.9
377.9
377.9
377.9
377.9
377.9
377.9
377.9
377.9
377.9
377.9
377.9
377.9
377.9
377.9
377.9
377.9
377.9
377.9
377.9
377.9
377.9
377.9
377.9
377.9
377.9
377.9
377.9
377.9
377.9
377.9
377.9
377.9
377.9
377.9
377.9
377.9
377.9
377.9
377.9
377.9
377.9
377.9
377.9
377.9
377.9
377.9
377.9
377.9
377.9
377.9
377.9
377.9
377.9
377.9
377.9
377.9
377.9
377.9
377.9
377.9
377.9
377.9
377.9
377.9
377.9
377.9
377.9
377.9
377.9
377.9
377.9
377.9
377.9
377.9
377.9
377.9
377.9
377.9
378.1
378.1
378.1
378.1
378.1
378.1
378.1
378.1
378.1
378.1
378.1
378.1
378.1
378.1
378.1
378.1
378.1
378.1
378.1
378.1
378.1
378.1
378.1
378.1
378.1
378.1
378.1
378.1
378.1
378.1
378.1
378.1
378.1
378.1
378.1
378.1
378.1
378.1
378.1
378.1
378.1
378.1
378.1
378.1
378.1
378.1
378.1
378.1
378.1
378.1
378.1
378.1
378.1
378.1
378.1
378.1
378.1
378.1
378.1
378.1
378.1
378.1
378.1
378.1
378.1
378.1
378.1
378.1
378.1
378.1
378.1
378.1
378.1
378.1
378.1
378.1
378.1
378.1
378.1
378.1
378.1
378.1
378.1
378.1
378.1
378.1
378.1
378.1
378.1
378.1
378.1
378.1
378.1
378.1
378.1
378.1
378.1
378.1
378.1
378.1
378.1
378.1
378.1
378.1
378.1
378.1
378.1
378.1
378.1
378.1
378.1
378.1
378.1
378.1
378.1
378.1
378.1
378.1
378.1
378.1
378.1
378.1
378.1
378.1
378.1
378.1
378.1
378.1
378.1
378.1
378.1
378.1
378.1
378.1
378.1
378.1
378.1
378.1
378.1
378.1
378.1
378.1
378.1
378.1
378.1
378.1
378.1
378.1
378.1
378.1
378.1
378.1
378.1
378.1
378.1
378.1
378.1
378.1
378.1
378.1
378.1
378.1
378.1
378.1
378.1
378.1
378.1
378.1
378.1
378.1
378.1
378.1
378.1
378.1
378.1
378.1
378.1
378.1
378.1
378.1
378.1
378.1
378.1
378.1
378.1
378.1
378.1
378.1
378.1
378.1
378.1
378.1
378.1
378.1
378.1
378.1
378.1
378.1
378.1
378.1
378.1
378.1
378.1
378.1
378.1
378.1
378.1
378.1
378.1
378.1
378.1
378.1
378.1
378.1
378.1
378.1
378.1
378.1
378.1
378.1
378.1
378.1
378.1
378.1
378.1
378.1
378.1
378.1
378.1
378.1
378.1
378.1
378.1
378.1
378.1
378.1
378.1
378.1
378.1
378.1
378.1
378.1
378.1
378.1
378.1
378.1
378.1
378.1
378.1
378.1
378.1
378.1
378.1
378.1
378.1
378.1
378.1
378.1
378.1
378.1
378.1
378.1
378.1
378.1
378.1
378.1
378.1
378.1
378.1
378.1
378.1
378.1
378.1
378.1
378.1
378.1
378.1
378.1
378.1
378.1
378.1
378.1
378.1
378.1
378.1
378.1
378.1
378.1
378.1
378.1
378.1
378.1
378.1
378.1
378.1
378.1
378.1
378.1
378.1
378.1
378.1
378.1
378.1
378.1
378.1
378.1
378.1
378.1
378.1
378.1
378.1
378.1
378.1
378.1
378.1
378.1
378.1
378.1
378.1
378.1
378.1
378.1
378.1
378.1
378.1
378.1
378.1
378.1
378.1
378.1
378.1
378.1
378.1
378.1
378.1
378.1
378.1
378.1
378.1
378.1
378.1
378.1
378.1
378.1
378.1
378.1
378.1
378.1
378.1
378.1
378.1
378.2
378.3
378.3
378.3
378.3
378.3
378.3
378.4
378.6
382.2
382.2
382.2
382.2
382.2
382.2
382.2
382.2
382.2
382.2
382.2
382.2
382.2
382.2
382.2
382.2
382.5
383
383.1
383.1
383.1
383.1
383.1
383.1
392.5
392.5
392.5
392.5
392.5
392.5
392.5
392.5
392.5
392.5
392.5
392.5
392.5
392.5
392.5
392.5
392.6
392.9
393.1
393.1
393.1
393.1
393.1
393.1
393.3
393.3
393.3
393.3
393.3
393.3
393.3
393.3
393.3
393.3
393.3
393.3
393.3
393.3
393.3
393.3
393.3
393.3
393.3
393.3
393.3
393.3
393.3
393.3
393.3
393.3
393.3
393.3
393.3
393.3
393.3
393.3
393.3
393.3
393.3
393.3
393.3
393.3
393.3
393.4
393.4
393.4
393.4
393.8
394.8
396.8
397.5
398.6
401.2
401.2
401.2
401.2
401.2
401.2
401.2
401.2
401.2
401.2
401.2
401.2
401.2
401.2
401.2
401.2
401.2
401.2
401.2
401.2
401.2
401.2
401.2
401.2
401.2
401.2
401.2
401.2
401.2
401.2
401.2
401.2
401.2
401.2
401.2
401.2
401.2
401.2
401.2
401.2
401.2
401.2
401.2
401.2
401.2
401.2
401.2
401.2
401.2
401.2
401.2
401.2
401.2
401.2
401.2
401.2
401.2
401.2
401.2
401.2
401.2
401.2
401.2
401.2
401.2
401.2
401.2
401.2
401.2
401.2
401.2
401.2
401.2
401.2
401.2
401.2
401.2
401.2
401.2
401.2
401.2
401.2
401.2
401.2
401.2
401.2
401.2
401.2
401.2
401.2
401.2
401.2
401.2
401.2
401.2
401.2
401.2
401.2
401.2
401.2
401.2
401.2
401.2
401.2
401.2
401.2
401.2
401.2
401.2
401.2
401.2
401.2
401.2
401.2
401.2
401.2
401.2
401.2
401.2
401.2
401.2
401.2
401.2
401.2
401.2
401.2
401.2
401.2
401.2
401.2
401.2
401.2
401.2
401.2
401.2
401.2
401.2
401.2
401.2
401.2
401.2
401.2
401.2
401.2
401.2
401.2
401.2
401.2
401.2
401.2
401.2
401.2
401.2
401.2
401.2
401.2
401.2
401.2
401.2
401.2
401.2
401.2
401.2
401.2
401.2
401.2
401.2
401.2
401.2
401.2
401.2
401.2
401.2
401.2
401.2
401.2
401.2
401.2
401.2
401.2
401.2
401.2
401.2
401.2
401.2
401.2
401.2
401.2
401.2
401.2
401.2
401.2
401.2
401.2
401.2
401.2
401.2
401.2
401.2
401.2
401.2
401.2
401.2
401.2
401.2
401.2
401.2
401.2
401.2
401.2
401.2
401.2
401.2
401.2
401.2
401.2
401.2
401.2
401.2
401.2
401.2
401.2
401.2
401.2
401.2
401.2
401.2
401.2
401.2
401.2
401.2
401.2
401.2
401.2
401.2
401.2
401.2
401.2
401.2
401.2
401.2
401.2
401.2
401.2
401.2
401.2
401.2
401.2
401.2
401.2
401.2
401.2
401.2
401.2
401.2
401.2
401.2
401.2
401.2
401.2
401.2
401.2
401.2
401.2
401.2
401.2
401.2
401.2
401.2
401.2
401.2
401.2
401.2
401.2
401.2
401.2
401.2
401.2
401.2
401.2
401.2
401.2
401.2
401.2
401.2
401.2
401.2
401.2
401.2
401.2
401.2
401.2
401.2
401.2
401.2
401.2
401.2
401.2
401.2
401.2
401.2
401.2
401.2
401.2
401.2
401.2
401.2
401.2
401.2
401.2
401.2
401.2
401.2
401.2
401.2
401.2
401.2
401.2
401.2
401.2
401.2
401.2
401.2
401.2
401.2
401.2
401.2
401.2
401.2
401.2
401.2
401.2
401.2
401.2
401.2
401.2
401.2
401.2
401.2
401.2
401.2
401.2
401.2
401.2
401.2
401.2
401.2
401.2
401.2
401.2
401.2
401.2
401.2
401.2
401.2
401.2
401.2
401.2
401.2
401.2
401.2
401.2
401.2
401.2
401.2
401.2
401.2
401.2
401.2
401.2
401.2
401.2
401.2
401.2
401.2
401.2
401.2
401.2
401.2
401.2
401.2
401.2
401.2
401.2
401.2
401.2
401.2
401.2
401.2
401.2
401.2
401.2
401.2
401.2
401.2
401.2
401.2
401.2
401.3
401.3
401.3
401.3
401.3
401.4
401.4
401.4
401.4
401.4
404.4
404.4
404.4
404.4
404.4
404.4
404.4
404.4
404.4
404.4
404.4
404.4
404.4
404.4
404.4
404.4
404.4
404.4
404.4
404.4
404.4
404.4
404.4
404.4
404.4
404.4
404.4
404.4
404.4
404.4
404.4
404.4
404.4
404.4
404.4
404.4
404.4
404.4
404.4
404.4
404.4
404.4
404.4
404.4
404.4
404.4
404.4
404.4
404.4
404.4
404.4
404.4
404.4
404.4
404.4
404.4
404.4
404.4
404.4
404.4
404.4
404.4
404.4
404.4
404.4
404.4
404.4
404.4
404.4
404.4
404.4
404.4
404.4
404.4
404.4
404.4
404.4
404.4
404.4
404.4
404.4
404.4
404.4
404.4
404.4
404.4
404.4
404.4
404.4
404.4
404.4
404.4
404.4
404.4
404.4
404.4
404.4
404.4
404.4
404.5
404.5
404.5
404.5
404.5
404.5
404.5
404.5
404.5
404.5
404.6
404.6
404.6
404.6
404.6
404.6
404.6
404.6
404.6
404.6
404.6
404.7
404.7
404.7
404.7
404.7
404.7
404.7
404.7
404.7
404.7
404.7
404.7
404.7
404.7
404.7
404.7
404.7
404.7
404.7
404.7
404.7
404.7
404.7
404.7
404.7
404.7
404.7
404.7
404.7
404.7
404.7
404.7
404.7
404.7
404.7
404.7
404.7
404.7
404.7
404.7
404.7
404.7
404.7
404.7
404.7
404.7
404.7
404.7
404.7
404.7
404.7
404.7
404.7
404.7
404.7
404.7
404.7
404.7
404.7
404.7
404.7
404.7
404.7
404.7
404.7
404.7
404.7
404.7
404.7
404.7
404.7
404.7
404.8
404.8
404.8
404.8
404.8
404.8
404.8
404.8
404.8
404.8
404.8
404.8
404.8
404.9
404.9
404.9
404.9
404.9
404.9
404.9
404.9
404.9
404.9
404.9
405.1
405.1
405.1
405.1
405.1
405.1
405.1
405.1
405.1
405.1
405.1
405.1
405.1
405.1
405.1
405.1
405.1
405.1
405.1
405.1
405.1
405.1
405.1
405.1
405.1
405.1
405.1
405.1
405.1
405.1
405.1
405.1
405.1
405.1
405.1
405.1
405.1
405.1
405.1
405.1
405.1
405.1
405.1
405.1
405.1
405.1
405.1
405.1
405.1
405.1
405.1
405.1
405.1
405.1
405.1
405.1
405.1
405.1
405.1
405.1
405.1
405.1
405.1
405.1
405.1
405.1
405.1
405.1
405.1
405.1
405.1
405.1
405.1
405.1
405.1
405.1
405.1
405.1
405.1
405.1
405.1
405.1
405.1
405.1
405.1
405.1
405.1
405.1
405.1
405.1
405.1
405.1
405.1
405.1
405.1
405.1
405.1
405.1
405.1
405.1
405.1
405.1
405.1
405.1
405.1
405.1
405.1
405.1
405.1
405.1
405.1
405.1
405.1
405.1
405.1
405.1
405.1
405.1
405.1
405.1
405.1
405.1
405.1
405.1
405.1
405.1
405.1
405.1
405.1
405.1
405.1
405.1
405.1
405.1
405.1
405.1
405.1
405.1
405.1
405.1
405.1
405.1
405.1
405.1
405.1
405.1
405.1
405.1
405.1
405.1
405.1
405.1
405.1
405.1
405.1
405.1
405.1
405.1
405.1
405.1
405.1
405.1
405.1
405.1
405.1
405.1
405.1
405.1
405.1
405.1
405.1
405.1
405.1
405.1
405.1
405.1
405.1
405.1
405.1
405.1
405.1
405.1
405.1
405.1
405.1
405.1
405.1
405.1
405.1
405.1
405.1
405.1
405.2
405.2
405.2
405.2
405.2
405.2
405.2
405.2
405.2
405.2
405.2
405.2
405.2
405.2
405.2
405.2
405.2
405.2
405.2
405.2
405.2
405.2
405.2
405.2
408.6
408.6
408.6
408.6
408.6
408.6
408.6
408.6
408.6
408.6
408.6
408.6
408.6
409.6
409.9
410.8
411.8
411.9
411.9
411.9
411.9
411.9
412
412.1
415.3
415.3
415.3
415.3
415.4
415.4
415.4
415.4
415.4
415.4
415.4
415.4
415.4
415.6
416
416.6
416.9
417
418.4
421.3
423.3
424.5
426
427.9
445.2
445.2
445.2
445.2
445.2
445.3
445.3
445.3
445.3
445.3
445.3
445.3
445.3
446.7
449.4
451.4
453.8
455.5
457.6
458.2
458.7
459.7
459.8
459.8
464.2
464.2
464.2
464.2
464.2
464.2
464.2
464.2
464.2
464.2
464.2
464.2
464.2
464.3
464.3
464.3
464.3
464.3
464.3
464.3
464.3
464.3
464.3
464.3
465
465
465
465
465
465
465
465
465
465
465
465
465
465
465
465
465
465
465
465
465
465
465
465
465
465
465
465
465
465
465
465
465
465
465
465
465
465
465
465
465
465
465
465
465
465
465
465
465
465
465
465
465
465
465
465
465
465
465
465
465
465
465
465
465
465
465
465
465
465
465
465
465
465
465
465
465
465
465
465
465
465
465
465
465
465
465
465
465
465
465
465
465
465
465
465
465
465
465
465
465
465
465
465
465
465
465
465
465
465
465
465
465
465
465
465
465
465
465
465
465
465
465
465
465
465
465
465
465
465
465
465
465
465
465
465
465
465
465
465
465
465
465
465
465
465
465
465
465
465
465
465
465
465
465
465
465
465
465
465
465
465.1
465.5
466.6
471
477.6
479.4
480
491.7
491.7
491.7
491.7
491.7
491.7
491.7
491.7
491.7
491.7
491.7
491.7
491.7
491.7
491.7
491.7
491.7
491.7
491.7
491.7
491.7
491.7
491.7
491.7
491.7
491.7
491.7
491.7
491.7
491.7
491.7
491.7
491.7
491.7
491.7
491.7
491.7
491.7
491.7
491.7
491.7
491.7
491.7
491.7
491.7
491.7
491.7
491.7
491.7
491.7
491.7
491.7
491.7
491.7
491.7
491.7
491.7
491.7
491.7
491.7
491.7
491.7
491.7
491.7
491.7
491.7
491.7
491.7
491.7
491.7
491.7
491.7
491.7
491.7
491.7
491.7
491.7
491.7
491.7
491.7
491.7
491.7
491.7
491.7
491.7
491.7
491.7
491.7
491.7
491.7
491.7
491.7
491.7
491.7
491.7
491.7
491.7
491.7
491.7
491.7
491.7
491.7
491.7
491.7
491.7
491.7
491.7
491.7
491.7
491.7
491.7
491.7
491.7
491.7
491.7
491.7
491.7
491.7
491.7
491.7
493.3
493.3
493.4
493.4
493.4
493.5
493.5
493.5
493.6
493.6
493.6
493.7
493.7
494.6
494.9
495
495.7
500.9
504
507.1
507.5
507.6
507.7
507.7
508.2
508.2
508.2
508.2
508.2
508.2
508.2
508.2
508.2
508.3
508.3
508.3
508.3
508.3
508.3
508.3
508.3
508.3
508.3
508.3
508.3
508.3
508.3
508.3
508.3
508.3
508.4
508.4
508.4
508.4
508.4
508.4
508.4
508.4
508.4
508.4
508.4
508.4
509.2
509.2
509.2
509.2
509.3
509.3
509.3
509.8
510.8
511.2
534.4
534.4
534.4
534.4
534.4
534.4
534.4
534.4
534.4
534.4
534.4
534.4
534.4
534.5
534.5
534.5
534.5
534.5
534.5
534.5
534.5
534.5
534.5
534.5
534.5
534.5
534.5
534.5
534.5
534.5
534.5
534.5
534.5
534.5
534.5
534.5
534.5
534.5
534.5
534.5
534.5
534.5
534.5
534.5
534.5
534.5
534.5
534.5
534.5
534.5
534.5
534.5
534.5
534.5
534.5
534.5
534.5
534.5
534.5
534.5
534.5
534.5
534.5
534.5
534.5
534.5
534.5
534.5
534.5
534.5
534.5
534.5
534.5
534.5
534.5
534.5
534.5
534.5
534.5
534.5
534.5
534.5
534.5
534.5
534.5
534.5
534.5
534.5
534.5
534.5
534.5
534.5
534.5
534.5
534.5
534.5
534.5
534.5
534.5
534.5
534.5
534.5
534.5
534.5
534.5
534.5
534.5
534.5
534.5
534.5
534.5
534.5
534.5
534.5
534.5
534.5
534.5
534.5
534.5
534.5
534.5
534.5
534.5
534.5
534.5
534.5
534.5
534.5
534.5
534.5
534.5
534.5
534.5
534.5
534.5
534.5
534.5
534.5
534.5
534.5
534.5
534.5
534.5
534.5
534.5
534.5
534.5
534.5
534.5
534.5
534.5
534.5
534.5
534.5
534.5
534.5
534.5
534.5
534.6
534.7
535.1
536.1
536.5
536.5
536.5
536.5
536.5
536.5
536.5
536.5
536.5
536.5
536.5
536.5
536.5
536.5
536.5
536.5
536.5
536.5
536.5
536.5
536.5
536.5
536.5
536.5
536.5
536.5
536.5
536.5
536.5
536.5
536.5
536.5
536.5
536.5
536.5
536.5
536.5
536.5
536.5
536.5
536.5
536.5
536.5
536.5
536.5
536.5
536.5
536.5
536.5
536.5
536.5
536.5
536.5
536.5
536.5
536.5
536.5
536.5
536.5
536.5
536.5
536.5
536.5
536.5
536.5
536.5
536.5
536.5
536.5
536.5
536.5
536.5
536.5
536.5
536.5
536.5
536.5
536.5
538.9
538.9
538.9
538.9
538.9
538.9
538.9
538.9
538.9
538.9
538.9
539
539
539.8
540.9
542.5
543.2
543.4
543.5
543.5
543.7
544.1
544.9
545.5
546.4
546.4
546.4
546.5
546.5
546.5
546.5
546.5
546.5
546.5
546.5
546.5
546.5
546.5
546.5
546.6
546.6
546.6
546.6
546.6
546.6
546.6
546.6
546.6
554.2
554.2
554.2
554.2
554.2
554.2
554.2
554.2
554.2
554.2
554.2
554.2
554.2
554.4
554.5
554.5
554.5
554.5
554.5
554.5
554.5
554.5
554.5
554.6
554.8
554.8
554.8
554.8
554.8
554.8
554.8
554.8
554.8
554.8
554.8
554.8
554.8
554.8
554.8
554.8
554.8
554.8
554.8
554.8
554.8
554.8
554.8
554.8
554.8
554.8
554.8
554.8
554.8
554.8
554.8
554.8
554.8
554.8
554.8
554.8
554.8
554.8
554.8
554.8
554.8
554.8
554.8
554.8
554.8
554.8
554.8
554.8
554.8
554.8
554.8
554.8
554.8
554.8
554.8
554.8
554.8
554.8
554.8
554.8
554.8
554.8
554.8
554.8
554.8
554.8
554.8
555
555.1
555.1
555.2
555.2
556.5
556.5
556.5
556.5
556.5
556.5
556.5
556.5
556.6
556.6
556.6
556.6
556.6
556.9
557.4
557.5
557.8
558.2
558.5
558.9
559.1
559.4
559.8
560.6
563.4
563.4
563.4
563.4
563.4
563.4
563.4
563.4
563.4
563.4
563.4
563.4
563.4
563.4
563.4
563.4
563.4
563.4
563.4
563.4
563.4
563.4
563.4
563.4
563.4
563.4
563.4
563.4
563.4
563.4
563.4
563.4
563.4
563.4
563.4
563.4
563.4
563.4
563.4
563.4
563.4
563.4
563.4
563.4
563.4
563.4
563.4
563.4
563.4
563.4
563.4
563.4
563.4
563.4
563.4
563.4
563.4
563.4
563.4
563.4
563.4
563.4
563.4
563.4
563.4
563.4
563.4
563.4
563.4
563.4
563.4
563.4
563.4
563.4
563.4
563.4
563.4
563.4
563.4
563.4
563.4
563.4
563.4
563.4
563.4
563.4
563.4
563.4
563.4
563.4
563.4
563.4
563.4
563.4
563.4
563.4
563.4
563.4
563.4
563.4
563.4
563.4
563.4
563.4
563.4
563.4
563.4
563.4
563.4
563.4
563.4
563.4
563.4
563.4
563.4
563.4
563.4
563.4
563.4
563.4
563.4
563.4
563.4
563.4
563.4
563.4
563.4
563.4
563.4
563.4
563.4
563.4
563.4
563.4
563.4
563.4
563.4
563.4
563.4
563.4
563.4
563.4
563.4
563.4
563.4
563.4
563.4
563.4
563.4
563.4
563.4
563.4
563.4
563.4
563.4
563.4
563.4
563.4
563.4
563.4
563.4
563.4
563.4
563.4
563.4
563.4
563.4
563.4
563.4
563.4
563.4
563.4
563.4
563.4
563.4
563.4
563.4
563.4
563.4
563.4
563.4
563.4
563.4
563.4
563.4
563.4
563.4
563.4
563.4
563.4
563.4
563.4
563.4
563.4
563.4
563.4
563.4
563.4
563.4
563.4
563.4
563.4
563.4
563.4
563.4
563.4
563.4
563.4
563.4
563.4
563.4
563.4
563.4
563.4
563.4
563.4
563.4
563.4
563.4
563.4
563.4
563.4
563.4
563.4
563.4
563.4
563.4
563.4
563.4
563.4
563.4
563.4
563.4
563.4
563.4
563.4
563.4
563.4
563.4
563.4
563.4
563.4
563.4
563.4
563.4
563.4
563.4
563.4
563.4
563.4
563.4
563.4
563.4
563.4
563.4
563.4
563.4
563.4
563.4
563.4
563.4
563.4
563.4
563.5
564.5
564.5
564.5
564.5
564.5
564.5
564.5
564.5
564.5
564.5
564.5
564.5
564.5
564.6
564.6
564.6
564.6
564.6
564.6
564.6
564.6
564.6
564.6
564.8
575.7
575.7
575.7
575.7
575.7
575.7
575.7
575.7
575.7
575.7
575.7
575.7
575.7
575.7
575.8
575.8
575.9
576
576
576
576
576.1
576.1
576.1
576.5
576.5
576.5
576.5
576.5
576.5
576.5
576.6
576.6
576.6
576.6
576.6
576.6
576.6
576.6
576.6
576.6
576.6
576.6
576.6
576.6
576.6
576.6
576.6
576.6
576.6
576.6
576.6
576.6
576.6
576.6
576.6
576.6
576.6
576.6
576.6
576.7
576.8
576.9
577.1
577.9
582.1
584.4
591.6
596.1
597
597
597
597.2
597.2
597.2
597.2
597.2
597.2
597.2
597.2
597.2
597.2
597.2
597.2
597.2
597.2
597.2
597.2
597.2
597.2
597.2
597.2
597.2
597.2
597.2
597.2
597.2
597.2
597.2
597.2
597.2
597.2
597.2
597.2
597.2
597.2
597.2
597.2
597.2
597.2
597.2
597.2
597.2
597.2
597.2
597.2
597.2
597.2
597.2
597.2
597.2
597.2
597.2
597.2
597.2
597.2
597.2
597.2
597.2
597.2
597.2
597.2
597.2
597.2
597.2
597.2
597.2
597.2
597.2
597.2
597.2
597.2
597.2
597.2
597.2
597.2
597.2
597.2
597.2
597.2
597.2
597.2
597.2
597.2
597.2
597.2
597.2
597.2
597.2
597.2
597.2
597.2
597.2
597.2
597.2
597.2
597.2
597.2
597.2
597.2
597.2
597.2
597.2
597.2
597.2
597.2
597.2
597.2
597.2
597.2
597.2
597.2
597.2
597.2
597.2
597.2
597.2
597.2
597.2
597.2
597.2
597.2
597.2
597.2
597.2
597.2
597.2
597.2
597.2
597.2
597.2
597.2
597.2
597.2
597.2
597.2
597.2
597.2
597.2
597.2
597.2
597.2
597.2
597.2
597.2
597.2
597.2
597.2
597.2
597.2
597.2
597.2
597.2
597.2
597.2
597.2
597.2
597.2
597.2
597.2
597.2
597.2
597.2
597.2
597.2
597.2
597.2
597.2
597.2
597.2
597.2
597.2
597.2
597.2
597.2
597.2
597.2
597.2
597.2
597.2
597.2
597.2
597.2
597.2
597.2
597.2
597.2
597.2
597.2
597.2
597.2
597.2
597.2
597.2
597.2
597.2
597.2
597.2
597.2
597.2
597.2
597.2
597.2
597.2
597.2
597.2
597.2
597.2
597.2
597.2
597.2
597.2
597.2
597.2
597.2
597.3
597.3
597.4
598.1
598.1
598.1
598.1
598.1
598.1
598.1
598.1
598.1
598.1
598.1
598.1
598.1
598.1
598.1
598.1
598.1
598.1
598.1
598.1
598.1
598.1
598.1
598.1
598.2
598.2
598.2
598.2
598.2
598.2
598.2
598.2
598.2
598.2
598.2
598.2
598.2
598.2
598.2
598.2
598.2
598.2
598.2
598.2
598.4
599
600.2
600.2
600.7
600.7
600.7
600.7
600.7
600.7
600.7
600.7
600.7
600.7
600.7
600.7
600.7
600.7
600.7
600.7
600.7
600.7
600.7
600.7
600.7
600.8
600.8
600.8
601.8
601.8
601.8
601.8
601.8
601.8
601.8
601.8
601.8
601.8
601.8
601.8
601.8
601.8
601.8
601.8
601.8
601.8
601.8
601.9
602
602
602
602.1
602.8
602.8
602.8
602.8
602.8
602.8
602.8
602.8
602.8
602.8
602.8
602.8
602.8
602.9
602.9
602.9
602.9
602.9
603
603.3
604.5
605.8
606.4
607.1
616.6
616.6
616.6
616.6
616.6
616.6
616.6
616.6
616.6
616.6
616.6
616.6
616.6
616.7
616.7
616.9
617
617.5
618.5
622.8
625.9
626.4
626.5
626.5
628.9
628.9
629
629
629
629
629.1
629.1
629.1
629.1
629.1
629.2
629.2
630.8
632.4
632.7
632.9
633
633
633
633
633
633
633
633.2
633.2
633.2
633.2
633.2
633.2
633.2
633.2
633.2
633.2
633.2
633.2
633.2
633.2
633.3
633.3
633.4
633.4
633.4
633.4
633.4
633.4
633.4
633.4
637
637
637
637
637
637
637
637
637
637
637
637
637
637
637
637
637
637
637
637
637
637
637
637
637
637
637
637
637
637
637
637
637
637
637
637
637
637
637
637
637
637
637
637
637
637
637
637
637
637
637
637
637
637
637
637
637
637
637
637
637
637
637
637
637
637
637
637
637
637
637
637
637
637
637
637
637
637
637
637
637
637
637
637
637
637
637
637
637
637
637
637.1
637.2
637.6
637.6
637.8
639
639
639
639
639
639
639
639
639
639
639
639
639
639
639
639
639
639
639
639
639
639.1
639.1
639.1
647.2
647.2
647.2
647.2
647.2
647.2
647.2
647.2
647.2
647.2
647.2
647.2
647.2
647.2
648.2
649.5
650.5
651
651.6
651.9
652
652
652.1
652.1
653.8
653.8
653.8
653.8
653.8
653.8
653.8
653.8
653.8
653.8
653.8
653.8
653.8
653.8
653.8
653.8
653.8
653.8
653.8
653.9
653.9
655
656
657.4
674.1
674.1
674.2
674.2
674.2
674.2
674.3
674.3
674.3
674.3
674.4
674.4
674.4
675.1
675.6
675.7
675.7
675.7
675.7
675.7
675.7
675.7
675.7
675.7
676.1
676.1
676.1
676.1
676.1
676.1
676.1
676.1
676.1
676.1
676.1
676.1
676.1
676.1
676.1
676.1
676.1
676.1
676.1
676.1
676.1
676.1
676.1
676.1
676.1
676.1
676.1
676.1
676.1
676.1
676.1
676.1
676.1
676.1
676.1
676.1
676.1
676.1
676.1
676.1
676.1
676.1
676.1
676.1
676.1
676.1
676.1
676.1
676.1
676.1
676.1
676.1
676.1
676.1
676.1
676.1
676.1
676.1
676.1
676.1
676.1
676.1
676.1
676.1
676.1
676.1
676.1
676.1
676.1
676.1
676.1
676.1
676.1
676.1
676.1
676.1
676.1
676.1
676.1
676.1
676.1
676.1
676.1
676.1
676.1
676.1
676.1
676.1
676.1
676.1
676.1
676.1
676.1
676.1
676.1
676.1
676.1
676.1
676.1
676.1
676.1
676.1
676.1
676.1
676.1
676.1
676.1
676.1
676.1
676.1
676.1
676.1
676.1
676.1
676.1
676.1
676.1
676.1
676.1
676.1
676.1
676.1
676.1
676.1
676.1
676.1
676.1
676.1
676.1
676.1
676.1
676.1
676.1
676.1
676.1
676.1
676.1
676.1
676.1
676.1
676.1
676.1
676.1
676.1
